#Grabcut execution time: 0s 339ms 339889us 
0.0000              34.7744             
1.0000              28.5492             
2.0000              26.9170             
3.0000              26.7060             
4.0000              26.7066             
5.0000              26.7039             
6.0000              26.7206             
7.0000              26.7352             
8.0000              26.7075             
9.0000              26.7083             
10.0000             26.7298             
11.0000             26.7232             
12.0000             26.7146             
13.0000             26.7048             
14.0000             26.6665             
15.0000             26.6768             
16.0000             26.6706             
17.0000             26.6975             
18.0000             26.6838             
19.0000             26.6907             
20.0000             26.6692             
21.0000             26.6849             
22.0000             26.6766             
23.0000             26.6849             
24.0000             26.6766             
25.0000             26.6849             
26.0000             26.6766             
27.0000             26.6849             
28.0000             26.6766             
29.0000             26.6849             
30.0000             26.6766             
31.0000             26.6766             
#Execution time: 39s 39404ms 39404692us 
