#Grabcut execution time: 0s 344ms 344005us 
0.0000              36.5845             
1.0000              4.5046              
2.0000              3.6124              
3.0000              3.3249              
4.0000              3.1686              
5.0000              3.0720              
6.0000              2.9739              
7.0000              2.9319              
8.0000              2.8747              
9.0000              2.8522              
10.0000             2.8256              
11.0000             2.7802              
12.0000             2.7595              
13.0000             2.7283              
14.0000             2.6642              
15.0000             2.6541              
16.0000             2.6078              
17.0000             2.5852              
18.0000             2.5651              
19.0000             2.5418              
20.0000             2.5017              
21.0000             2.5003              
22.0000             2.4689              
23.0000             2.4463              
24.0000             2.4032              
25.0000             2.4097              
26.0000             2.3866              
27.0000             2.3610              
28.0000             2.3471              
29.0000             2.3444              
30.0000             2.3271              
31.0000             2.3271              
#Execution time: 14s 14283ms 14283116us 
