n,tangent,t2
0,1.03038,1.03038
1,1.03038,1.03038
2,1.03038,1.03038
3,1.03038,1.03038
4,1.03038,1.03038
5,1.03038,1.03038
6,1.03038,1.03038
7,1.03038,1.03038
8,1.03038,1.03038
9,1.2925,1.2925
10,1.2925,1.2925
11,1.2925,1.2925
12,1.2925,1.2925
13,1.48014,1.48014
14,1.48014,1.48014
15,1.48014,1.48014
16,1.48014,1.48014
17,1.48014,1.48014
18,1.48014,1.48014
19,1.66146,1.66146
20,1.66146,1.66146
21,1.66146,1.66146
22,1.66146,1.66146
23,1.66146,1.66146
24,1.66146,1.66146
25,1.66146,1.66146
26,1.66146,1.66146
27,1.66146,1.66146
28,1.66146,1.66146
29,1.66146,1.66146
30,1.66146,1.66146
31,1.48014,1.48014
32,1.48014,1.48014
33,1.48014,1.48014
34,1.48014,1.48014
35,1.48014,1.48014
36,1.41815,1.41815
37,1.41815,1.41815
38,1.41815,1.41815
39,1.41815,1.41815
40,1.41815,1.41815
41,1.41815,1.41815
42,1.41815,1.41815
43,1.35213,1.35213
44,1.35213,1.35213
45,1.35213,1.35213
46,1.30454,1.30454
47,1.30454,1.30454
48,1.30454,1.30454
49,1.30454,1.30454
50,1.30454,1.30454
51,1.30454,1.30454
52,1.03038,1.03038
53,1.03038,1.03038
54,1.03038,1.03038
55,1.03038,1.03038
56,1.03038,1.03038
57,1.19029,1.19029
58,1.49949,1.49949
59,1.49949,1.49949
60,1.49949,1.49949
61,1.49949,1.49949
62,1.49949,1.49949
63,1.49949,1.49949
64,1.49949,1.49949
65,1.49949,1.49949
66,1.49949,1.49949
67,1.49949,1.49949
68,1.49949,1.49949
69,1.49949,1.49949
70,1.49949,1.49949
71,1.49949,1.49949
72,1.2925,1.2925
73,1.2925,1.2925
74,1.2925,1.2925
75,1.2925,1.2925
76,1.2925,1.2925
77,1.40565,1.40565
78,1.40565,1.40565
79,1.40565,1.40565
80,1.69515,1.69515
81,1.69515,1.69515
82,1.69515,1.69515
83,1.69515,1.69515
84,1.69515,1.69515
85,1.69515,1.69515
86,1.69515,1.69515
87,1.69515,1.69515
88,1.69515,1.69515
89,1.69515,1.69515
90,1.69515,1.69515
91,1.69515,1.69515
92,1.8491,1.8491
93,1.8491,1.8491
94,1.92957,1.92957
95,1.92957,1.92957
96,1.92957,1.92957
97,1.92957,1.92957
98,2.11122,2.11122
99,2.18152,2.18152
100,2.18152,2.18152
101,2.18152,2.18152
102,2.18152,2.18152
103,2.18152,2.18152
104,2.18152,2.18152
105,2.18152,2.18152
106,2.18152,2.18152
107,2.18152,2.18152
108,2.18152,2.18152
109,2.18152,2.18152
110,2.18152,2.18152
111,2.18152,2.18152
112,2.18152,2.18152
113,2.18152,2.18152
114,2.18152,2.18152
115,2.18152,2.18152
116,2.18152,2.18152
117,2.18152,2.18152
118,2.52134,2.52134
119,2.52134,2.52134
120,2.52134,2.52134
121,2.52134,2.52134
122,2.52134,2.52134
123,2.52134,2.52134
124,2.52134,2.52134
125,2.81984,2.81984
126,2.81984,2.81984
127,2.81984,2.81984
128,2.55359,2.55359
129,2.55359,2.55359
130,2.55359,2.55359
131,2.81984,2.81984
132,2.81984,2.81984
133,2.81984,2.81984
134,2.53087,2.53087
135,2.53087,2.53087
136,2.53087,2.53087
137,2.53087,2.53087
138,2.53087,2.53087
139,2.53087,2.53087
140,2.53087,2.53087
141,2.53087,2.53087
142,2.53087,2.53087
143,2.53087,2.53087
144,2.42276,2.42276
145,2.42276,2.42276
146,2.42276,2.42276
147,2.42276,2.42276
148,2.42276,2.42276
149,2.42276,2.42276
150,2.42276,2.42276
151,2.42276,2.42276
152,2.42276,2.42276
153,2.42276,2.42276
154,2.42276,2.42276
155,2.42276,2.42276
156,2.42276,2.42276
157,2.60117,2.60117
158,2.60117,2.60117
159,2.78282,2.78282
160,2.78282,2.78282
161,2.78282,2.78282
162,2.86329,2.86329
163,2.86329,2.86329
164,3.08901,3.08901
165,3.08901,3.08901
166,3.08901,3.08901
167,3.08901,3.08901
168,3.08901,3.08901
169,3.08901,3.08901
170,3.08901,3.08901
171,3.08901,3.08901
172,3.08901,3.08901
173,3.08901,3.08901
174,3.08901,3.08901
175,3.08901,3.08901
176,3.08901,3.08901
177,3.08901,3.08901
178,3.08901,3.08901
179,3.08901,3.08901
180,3.08901,3.08901
181,3.08901,3.08901
182,3.08901,3.08901
183,2.92292,2.92292
184,2.92292,2.92292
185,2.92292,2.92292
186,2.92292,2.92292
187,2.92292,2.92292
188,2.92292,2.92292
189,2.97644,2.97644
190,2.97644,2.97644
191,2.97644,2.97644
192,3.18004,-3.10315
193,3.18004,-3.10315
194,3.18004,-3.10315
195,3.18004,-3.10315
196,3.18004,-3.10315
197,3.18004,-3.10315
198,3.18004,-3.10315
199,3.18004,-3.10315
200,3.18004,-3.10315
201,3.18004,-3.10315
202,3.18004,-3.10315
203,3.18004,-3.10315
204,3.18004,-3.10315
205,3.18004,-3.10315
206,3.18004,-3.10315
207,3.18004,-3.10315
208,3.18004,-3.10315
209,3.10315,3.10315
210,3.10315,3.10315
211,3.10315,3.10315
212,3.10315,3.10315
213,3.10315,3.10315
214,3.10315,3.10315
215,3.10315,3.10315
216,3.10315,3.10315
217,3.10315,3.10315
218,3.10315,3.10315
219,3.10315,3.10315
220,3.10315,3.10315
221,3.10315,3.10315
222,2.76109,2.76109
223,2.76109,2.76109
224,2.60117,2.60117
225,2.46685,2.46685
226,2.46685,2.46685
227,2.46685,2.46685
228,2.46685,2.46685
229,2.46685,2.46685
230,2.46685,2.46685
231,2.46685,2.46685
232,2.60117,2.60117
233,2.60117,2.60117
234,2.78282,2.78282
235,2.78282,2.78282
236,2.78282,2.78282
237,2.86329,2.86329
238,2.86329,2.86329
239,2.97644,2.97644
240,2.97644,2.97644
241,2.97644,2.97644
242,3.30674,-2.97644
243,3.30674,-2.97644
244,3.30674,-2.97644
245,3.30674,-2.97644
246,3.30674,-2.97644
247,3.30674,-2.97644
248,3.30674,-2.97644
249,3.07917,3.07917
250,3.07917,3.07917
251,3.07917,3.07917
252,3.07917,3.07917
253,3.07917,3.07917
254,3.07917,3.07917
255,3.07917,3.07917
256,3.07917,3.07917
257,3.07917,3.07917
258,3.07917,3.07917
259,3.07917,3.07917
260,3.07917,3.07917
261,3.20401,-3.07917
262,3.20401,-3.07917
263,3.20401,-3.07917
264,3.20401,-3.07917
265,3.20401,-3.07917
266,3.20401,-3.07917
267,3.20401,-3.07917
268,3.20401,-3.07917
269,3.41989,-2.86329
270,3.41989,-2.86329
271,3.41989,-2.86329
272,3.41989,-2.86329
273,3.70019,-2.58299
274,3.70019,-2.58299
275,3.70019,-2.58299
276,3.70019,-2.58299
277,3.70019,-2.58299
278,3.70019,-2.58299
279,3.70019,-2.58299
280,3.70019,-2.58299
281,3.70019,-2.58299
282,3.70019,-2.58299
283,3.70019,-2.58299
284,3.76184,-2.52134
285,3.76184,-2.52134
286,3.76184,-2.52134
287,3.76184,-2.52134
288,3.76184,-2.52134
289,3.76184,-2.52134
290,3.76184,-2.52134
291,3.55982,-2.72337
292,3.55982,-2.72337
293,3.55982,-2.72337
294,3.55982,-2.72337
295,3.55982,-2.72337
296,3.55982,-2.72337
297,3.55982,-2.72337
298,3.55982,-2.72337
299,3.64869,-2.63449
300,3.64869,-2.63449
301,3.64869,-2.63449
302,3.64869,-2.63449
303,3.64869,-2.63449
304,3.64869,-2.63449
305,3.64869,-2.63449
306,3.64869,-2.63449
307,3.64869,-2.63449
308,4.28576,-1.99742
309,4.28576,-1.99742
310,4.28576,-1.99742
311,4.28576,-1.99742
312,4.28576,-1.99742
313,4.28576,-1.99742
314,4.28576,-1.99742
315,4.28576,-1.99742
316,4.28576,-1.99742
317,4.28576,-1.99742
318,4.28576,-1.99742
319,4.28576,-1.99742
320,4.58803,-1.69515
321,4.58803,-1.69515
322,4.58803,-1.69515
323,4.58803,-1.69515
324,4.83674,-1.44644
325,4.83674,-1.44644
326,4.83674,-1.44644
327,4.83674,-1.44644
328,4.83674,-1.44644
329,4.83674,-1.44644
330,4.83674,-1.44644
331,4.83674,-1.44644
332,4.54724,-1.73595
333,4.54724,-1.73595
334,4.54724,-1.73595
335,4.43409,-1.8491
336,4.43409,-1.8491
337,4.35362,-1.92957
338,4.35362,-1.92957
339,4.35362,-1.92957
340,4.35362,-1.92957
341,4.17197,-2.11122
342,4.17197,-2.11122
343,4.17197,-2.11122
344,4.17197,-2.11122
345,4.17197,-2.11122
346,4.17197,-2.11122
347,4.35362,-1.92957
348,4.35362,-1.92957
349,4.35362,-1.92957
350,4.43409,-1.8491
351,4.43409,-1.8491
352,4.66243,-1.62075
353,4.66243,-1.62075
354,4.66243,-1.62075
355,4.66243,-1.62075
356,4.66243,-1.62075
357,4.66243,-1.62075
358,4.66243,-1.62075
359,4.66243,-1.62075
360,4.66243,-1.62075
361,4.66243,-1.62075
362,4.76235,-1.52084
363,4.76235,-1.52084
364,4.76235,-1.52084
365,4.76235,-1.52084
366,4.76235,-1.52084
367,4.76235,-1.52084
368,4.76235,-1.52084
369,4.76235,-1.52084
370,4.76235,-1.52084
371,4.76235,-1.52084
372,5.11728,-1.1659
373,5.11728,-1.1659
374,5.11728,-1.1659
375,5.23154,-1.05165
376,5.23154,-1.05165
377,5.23154,-1.05165
378,5.4452,-0.837981
379,5.4452,-0.837981
380,5.4452,-0.837981
381,5.4452,-0.837981
382,5.4452,-0.837981
383,5.4452,-0.837981
384,5.4452,-0.837981
385,5.4452,-0.837981
386,5.4452,-0.837981
387,5.4452,-0.837981
388,5.4452,-0.837981
389,5.4452,-0.837981
390,5.4452,-0.837981
391,5.4452,-0.837981
392,5.4452,-0.837981
393,5.4452,-0.837981
394,5.4452,-0.837981
395,5.4452,-0.837981
396,5.4452,-0.837981
397,5.4452,-0.837981
398,5.4452,-0.837981
399,5.4452,-0.837981
400,5.61722,-0.665969
401,5.61722,-0.665969
402,5.61722,-0.665969
403,5.61722,-0.665969
404,5.61722,-0.665969
405,5.61722,-0.665969
406,5.61722,-0.665969
407,5.61722,-0.665969
408,5.61722,-0.665969
409,5.61722,-0.665969
410,5.61722,-0.665969
411,5.61722,-0.665969
412,5.61722,-0.665969
413,5.61722,-0.665969
414,5.61722,-0.665969
415,5.61722,-0.665969
416,5.65439,-0.628796
417,5.65439,-0.628796
418,5.65439,-0.628796
419,5.67246,-0.610726
420,5.67246,-0.610726
421,5.67246,-0.610726
422,5.67246,-0.610726
423,5.67246,-0.610726
424,5.71646,-0.566729
425,5.71646,-0.566729
426,5.71646,-0.566729
427,5.71646,-0.566729
428,5.71646,-0.566729
429,5.78384,-0.499347
430,5.78384,-0.499347
431,5.78384,-0.499347
432,5.78384,-0.499347
433,5.78384,-0.499347
434,5.78384,-0.499347
435,5.85656,-0.426627
436,5.85656,-0.426627
437,5.85656,-0.426627
438,5.85656,-0.426627
439,5.85656,-0.426627
440,5.85656,-0.426627
441,5.88839,-0.394791
442,5.88839,-0.394791
443,5.88839,-0.394791
444,5.88839,-0.394791
445,5.91601,-0.367174
446,5.91601,-0.367174
447,5.91601,-0.367174
448,5.93441,-0.348771
449,5.93441,-0.348771
450,5.93441,-0.348771
451,5.93441,-0.348771
452,5.93441,-0.348771
453,5.93441,-0.348771
454,5.93441,-0.348771
455,5.93441,-0.348771
456,5.93441,-0.348771
457,5.93441,-0.348771
458,5.93441,-0.348771
459,5.69518,-0.588003
460,5.69518,-0.588003
461,5.69518,-0.588003
462,6.00489,-0.2783
463,6.00489,-0.2783
464,6.00489,-0.2783
465,6.00489,-0.2783
466,6.00489,-0.2783
467,6.00489,-0.2783
468,6.00489,-0.2783
469,6.00489,-0.2783
470,5.69518,-0.588003
471,5.69518,-0.588003
472,5.69518,-0.588003
473,5.69518,-0.588003
474,0.785398,0.785398
475,0.785398,0.785398
476,5.69518,-0.588003
477,5.69518,-0.588003
478,5.69518,-0.588003
479,6.02258,-0.260602
480,6.02258,-0.260602
481,6.02258,-0.260602
482,6.02258,-0.260602
483,6.02258,-0.260602
484,6.02258,-0.260602
485,6.02258,-0.260602
486,6.02258,-0.260602
487,6.02258,-0.260602
488,6.02258,-0.260602
489,6.02258,-0.260602
490,6.02258,-0.260602
491,6.02258,-0.260602
492,6.02258,-0.260602
493,6.02258,-0.260602
494,6.02258,-0.260602
495,6.02258,-0.260602
496,6.02258,-0.260602
497,6.02258,-0.260602
498,6.02258,-0.260602
499,6.02258,-0.260602
500,6.02258,-0.260602
501,6.02258,-0.260602
502,6.02258,-0.260602
503,6.02258,-0.260602
504,6.02258,-0.260602
505,6.02258,-0.260602
506,5.60844,-0.674741
507,5.60844,-0.674741
508,5.60844,-0.674741
509,5.60844,-0.674741
510,5.60844,-0.674741
511,5.60844,-0.674741
512,5.60844,-0.674741
