#Grabcut execution time: 0s 341ms 341228us 
0.0000              101.6894            
1.0000              40.9786             
2.0000              38.5407             
3.0000              37.9206             
4.0000              37.7157             
5.0000              37.7082             
6.0000              37.5800             
7.0000              37.8529             
8.0000              37.9414             
9.0000              37.9532             
10.0000             38.0509             
11.0000             37.9576             
12.0000             37.8166             
13.0000             38.0790             
14.0000             38.0531             
15.0000             38.1550             
16.0000             38.2904             
17.0000             38.2462             
18.0000             37.9646             
19.0000             38.0597             
20.0000             38.2079             
21.0000             38.1520             
22.0000             38.2590             
23.0000             38.3919             
24.0000             38.3432             
25.0000             38.4903             
26.0000             38.2471             
27.0000             38.1717             
28.0000             38.2962             
29.0000             38.2292             
30.0000             38.2437             
31.0000             38.2437             
#Execution time: 31s 31063ms 31063531us 
