n,tangent,t2
0,4.76497,-1.51821
1,4.76497,-1.51821
2,4.76497,-1.51821
3,4.76497,-1.51821
4,4.76497,-1.51821
5,4.76497,-1.51821
6,4.76497,-1.51821
7,4.76497,-1.51821
8,4.76497,-1.51821
9,4.76497,-1.51821
10,4.76497,-1.51821
11,4.76497,-1.51821
12,4.76497,-1.51821
13,4.76497,-1.51821
14,4.76497,-1.51821
15,4.76497,-1.51821
16,4.76497,-1.51821
17,4.76497,-1.51821
18,4.76497,-1.51821
19,4.76497,-1.51821
20,4.8295,-1.45369
21,4.8295,-1.45369
22,4.8295,-1.45369
23,4.8295,-1.45369
24,4.8295,-1.45369
25,4.8295,-1.45369
26,4.8295,-1.45369
27,4.8295,-1.45369
28,4.8295,-1.45369
29,4.93106,-1.35213
30,4.93106,-1.35213
31,4.93106,-1.35213
32,4.97864,-1.30454
33,4.97864,-1.30454
34,4.97864,-1.30454
35,4.97864,-1.30454
36,4.97864,-1.30454
37,4.97864,-1.30454
38,4.97864,-1.30454
39,4.83674,-1.44644
40,4.83674,-1.44644
41,4.83674,-1.44644
42,4.83674,-1.44644
43,4.83674,-1.44644
44,4.83674,-1.44644
45,4.83674,-1.44644
46,4.83674,-1.44644
47,4.86504,-1.41815
48,4.86504,-1.41815
49,4.86504,-1.41815
50,4.86504,-1.41815
51,4.88706,-1.39612
52,4.88706,-1.39612
53,4.88706,-1.39612
54,4.88706,-1.39612
55,4.88706,-1.39612
56,4.88706,-1.39612
57,4.88706,-1.39612
58,4.88706,-1.39612
59,4.88706,-1.39612
60,4.88706,-1.39612
61,4.81206,-1.47113
62,4.81206,-1.47113
63,4.81206,-1.47113
64,4.81206,-1.47113
65,4.81206,-1.47113
66,4.61272,-1.67046
67,4.61272,-1.67046
68,4.61272,-1.67046
69,4.61272,-1.67046
70,4.61272,-1.67046
71,4.49372,-1.78947
72,4.49372,-1.78947
73,4.49372,-1.78947
74,4.44614,-1.83705
75,4.44614,-1.83705
76,4.44614,-1.83705
77,4.44614,-1.83705
78,4.44614,-1.83705
79,4.44614,-1.83705
80,4.12439,-2.1588
81,4.12439,-2.1588
82,4.12439,-2.1588
83,4.58803,-1.69515
84,4.58803,-1.69515
85,4.58803,-1.69515
86,4.58803,-1.69515
87,4.83674,-1.44644
88,4.83674,-1.44644
89,4.83674,-1.44644
90,4.83674,-1.44644
91,5.0929,-1.19029
92,5.0929,-1.19029
93,5.0929,-1.19029
94,5.0929,-1.19029
95,4.80305,-1.48014
96,4.80305,-1.48014
97,4.80305,-1.48014
98,4.80305,-1.48014
99,4.80305,-1.48014
100,4.80305,-1.48014
101,4.62173,-1.66146
102,4.62173,-1.66146
103,4.62173,-1.66146
104,4.62173,-1.66146
105,4.62173,-1.66146
106,4.62173,-1.66146
107,4.62173,-1.66146
108,4.62173,-1.66146
109,4.62173,-1.66146
110,4.62173,-1.66146
111,4.83674,-1.44644
112,4.83674,-1.44644
113,4.83674,-1.44644
114,4.83674,-1.44644
115,4.93919,-1.344
116,4.93919,-1.344
117,4.93919,-1.344
118,4.93919,-1.344
119,4.93919,-1.344
120,4.93919,-1.344
121,4.93919,-1.344
122,4.93919,-1.344
123,4.93919,-1.344
124,4.93919,-1.344
125,4.93919,-1.344
126,4.81206,-1.47113
127,4.81206,-1.47113
128,4.81206,-1.47113
129,4.81206,-1.47113
130,4.81206,-1.47113
131,4.81206,-1.47113
132,4.81206,-1.47113
133,4.81206,-1.47113
134,4.81206,-1.47113
135,4.81206,-1.47113
136,4.81206,-1.47113
137,4.81206,-1.47113
138,4.81206,-1.47113
139,4.81206,-1.47113
140,4.60751,-1.67567
141,4.60751,-1.67567
142,4.60751,-1.67567
143,4.60751,-1.67567
144,4.60751,-1.67567
145,4.60751,-1.67567
146,4.60751,-1.67567
147,4.60751,-1.67567
148,4.60751,-1.67567
149,4.60751,-1.67567
150,4.60751,-1.67567
151,4.60751,-1.67567
152,4.60751,-1.67567
153,4.63845,-1.64474
154,4.63845,-1.64474
155,4.63845,-1.64474
156,4.63845,-1.64474
157,4.63845,-1.64474
158,4.63845,-1.64474
159,4.63845,-1.64474
160,4.63845,-1.64474
161,4.63845,-1.64474
162,4.63845,-1.64474
163,4.63845,-1.64474
164,4.63845,-1.64474
165,4.63845,-1.64474
166,4.63845,-1.64474
167,4.64796,-1.63522
168,4.64796,-1.63522
169,4.64796,-1.63522
170,4.64796,-1.63522
171,4.64796,-1.63522
172,4.64796,-1.63522
173,4.64796,-1.63522
174,4.64796,-1.63522
175,4.64796,-1.63522
176,4.64796,-1.63522
177,4.64796,-1.63522
178,4.64796,-1.63522
179,4.64796,-1.63522
180,4.64796,-1.63522
181,4.64796,-1.63522
182,4.64796,-1.63522
183,4.64796,-1.63522
184,4.64796,-1.63522
185,4.64796,-1.63522
186,4.64796,-1.63522
187,4.64796,-1.63522
188,4.64796,-1.63522
189,4.64796,-1.63522
190,4.64796,-1.63522
191,4.64796,-1.63522
192,4.64796,-1.63522
193,4.64796,-1.63522
194,4.64796,-1.63522
195,4.64796,-1.63522
196,4.64796,-1.63522
197,4.64796,-1.63522
198,4.64796,-1.63522
199,4.64796,-1.63522
200,4.64796,-1.63522
201,4.64796,-1.63522
202,4.64796,-1.63522
203,4.64796,-1.63522
204,4.64796,-1.63522
205,4.64796,-1.63522
206,4.64796,-1.63522
207,4.7837,-1.49949
208,4.7837,-1.49949
209,4.7837,-1.49949
210,4.7837,-1.49949
211,4.7837,-1.49949
212,4.7837,-1.49949
213,4.7837,-1.49949
214,4.7837,-1.49949
215,4.7837,-1.49949
216,3.92699,-2.35619
217,3.92699,-2.35619
218,5.03414,-1.24905
219,5.03414,-1.24905
220,5.03414,-1.24905
221,5.03414,-1.24905
222,5.35589,-0.927295
223,5.35589,-0.927295
224,5.35589,-0.927295
225,5.35589,-0.927295
226,5.35589,-0.927295
227,0.404892,0.404892
228,0.404892,0.404892
229,0.404892,0.404892
230,0.404892,0.404892
231,0.404892,0.404892
232,0.404892,0.404892
233,0.404892,0.404892
234,0.519146,0.519146
235,0.519146,0.519146
236,0.519146,0.519146
237,0.694738,0.694738
238,0.694738,0.694738
239,0.694738,0.694738
240,0.694738,0.694738
241,0.876058,0.876058
242,0.876058,0.876058
243,0.876058,0.876058
244,0.876058,0.876058
245,0.950547,0.950547
246,0.950547,0.950547
247,0.950547,0.950547
248,1.0122,1.0122
249,1.0122,1.0122
250,1.05165,1.05165
251,1.05165,1.05165
252,1.05165,1.05165
253,1.1659,1.1659
254,1.1659,1.1659
255,1.1659,1.1659
256,1.30454,1.30454
257,1.30454,1.30454
258,1.30454,1.30454
259,1.30454,1.30454
260,1.30454,1.30454
261,1.30454,1.30454
262,1.30454,1.30454
263,1.30454,1.30454
264,1.30454,1.30454
265,1.30454,1.30454
266,1.30454,1.30454
267,1.30454,1.30454
268,1.30454,1.30454
269,1.30454,1.30454
270,1.49402,1.49402
271,1.49402,1.49402
272,1.49402,1.49402
273,1.49402,1.49402
274,1.49402,1.49402
275,1.49402,1.49402
276,1.49402,1.49402
277,1.49402,1.49402
278,1.49402,1.49402
279,1.49402,1.49402
280,1.49402,1.49402
281,1.49402,1.49402
282,1.49402,1.49402
283,0.927295,0.927295
284,0.927295,0.927295
285,0.927295,0.927295
286,0.927295,0.927295
287,0.927295,0.927295
288,5.35589,-0.927295
289,5.35589,-0.927295
290,5.35589,-0.927295
291,5.35589,-0.927295
292,4.87754,-1.40565
293,4.87754,-1.40565
294,4.87754,-1.40565
295,4.87754,-1.40565
296,4.87754,-1.40565
297,4.87754,-1.40565
298,4.87754,-1.40565
299,4.87754,-1.40565
300,3.92699,-2.35619
301,3.92699,-2.35619
302,4.85429,-1.4289
303,4.85429,-1.4289
304,4.85429,-1.4289
305,4.85429,-1.4289
306,4.85429,-1.4289
307,4.85429,-1.4289
308,4.85429,-1.4289
309,4.85429,-1.4289
310,4.93106,-1.35213
311,4.93106,-1.35213
312,4.93106,-1.35213
313,4.93106,-1.35213
314,4.93106,-1.35213
315,5.25281,-1.03038
316,5.25281,-1.03038
317,5.25281,-1.03038
318,5.25281,-1.03038
319,5.25281,-1.03038
320,5.25281,-1.03038
321,5.25281,-1.03038
322,5.25281,-1.03038
323,5.4452,-0.837981
324,5.4452,-0.837981
325,5.4452,-0.837981
326,5.4452,-0.837981
327,5.4452,-0.837981
328,5.4452,-0.837981
329,5.4452,-0.837981
330,5.4452,-0.837981
331,5.4452,-0.837981
332,5.4452,-0.837981
333,5.4452,-0.837981
334,5.4452,-0.837981
335,5.4452,-0.837981
336,5.4452,-0.837981
337,5.4452,-0.837981
338,5.4452,-0.837981
339,5.4452,-0.837981
340,0.927295,0.927295
341,0.927295,0.927295
342,0.927295,0.927295
343,0.927295,0.927295
344,0.927295,0.927295
345,0.927295,0.927295
346,0.588003,0.588003
347,0.588003,0.588003
348,0.588003,0.588003
349,0.982794,0.982794
350,0.982794,0.982794
351,0.982794,0.982794
352,0.982794,0.982794
353,0.982794,0.982794
354,0.982794,0.982794
355,1.32582,1.32582
356,1.32582,1.32582
357,1.32582,1.32582
358,1.32582,1.32582
359,1.32582,1.32582
360,1.32582,1.32582
361,1.73595,1.73595
362,1.73595,1.73595
363,1.73595,1.73595
364,1.73595,1.73595
365,1.73595,1.73595
366,1.73595,1.73595
367,1.73595,1.73595
368,1.73595,1.73595
369,1.98902,1.98902
370,1.98902,1.98902
371,1.98902,1.98902
372,1.98902,1.98902
373,1.98902,1.98902
374,2.07789,2.07789
375,2.07789,2.07789
376,2.07789,2.07789
377,2.07789,2.07789
378,2.07789,2.07789
379,2.07789,2.07789
380,2.07789,2.07789
381,1.81577,1.81577
382,1.81577,1.81577
383,1.81577,1.81577
384,1.81577,1.81577
385,1.81577,1.81577
386,1.81577,1.81577
387,0.785398,0.785398
388,0.785398,0.785398
389,1.71269,1.71269
390,1.71269,1.71269
391,1.71269,1.71269
392,1.71269,1.71269
393,1.71269,1.71269
394,1.71269,1.71269
395,1.71269,1.71269
396,1.71269,1.71269
397,1.75065,1.75065
398,1.75065,1.75065
399,1.75065,1.75065
400,1.78189,1.78189
401,1.78189,1.78189
402,1.78189,1.78189
403,1.78189,1.78189
404,1.78189,1.78189
405,1.78189,1.78189
406,1.78189,1.78189
407,1.78189,1.78189
408,1.78189,1.78189
409,1.72345,1.72345
410,1.72345,1.72345
411,1.72345,1.72345
412,1.72345,1.72345
413,1.72345,1.72345
414,1.72345,1.72345
415,1.72345,1.72345
416,1.62629,1.62629
417,1.62629,1.62629
418,1.62629,1.62629
419,1.62629,1.62629
420,1.62629,1.62629
421,1.62629,1.62629
422,1.62629,1.62629
423,1.62629,1.62629
424,1.62629,1.62629
425,1.5153,1.5153
426,1.5153,1.5153
427,1.5153,1.5153
428,1.5153,1.5153
429,1.5153,1.5153
430,1.5153,1.5153
431,1.5153,1.5153
432,1.5153,1.5153
433,1.5153,1.5153
434,1.41815,1.41815
435,1.41815,1.41815
436,1.41815,1.41815
437,1.41815,1.41815
438,1.41815,1.41815
439,1.41815,1.41815
440,1.41815,1.41815
441,1.35213,1.35213
442,1.35213,1.35213
443,1.35213,1.35213
444,1.35213,1.35213
445,1.35213,1.35213
446,1.35213,1.35213
447,1.46014,1.46014
448,1.46014,1.46014
449,1.46014,1.46014
450,1.46014,1.46014
451,1.46014,1.46014
452,1.46014,1.46014
453,1.46014,1.46014
454,1.46014,1.46014
455,1.46014,1.46014
456,1.19029,1.19029
457,1.19029,1.19029
458,1.19029,1.19029
459,1.19029,1.19029
460,1.39094,1.39094
461,1.39094,1.39094
462,1.39094,1.39094
463,1.39094,1.39094
464,1.39094,1.39094
465,1.39094,1.39094
466,1.48766,1.48766
467,1.48766,1.48766
468,1.48766,1.48766
469,1.48766,1.48766
470,1.48766,1.48766
471,1.48766,1.48766
472,1.48766,1.48766
473,1.48766,1.48766
474,1.48766,1.48766
475,1.48766,1.48766
476,1.48766,1.48766
477,1.48766,1.48766
478,1.27934,1.27934
479,1.27934,1.27934
480,1.27934,1.27934
481,1.27934,1.27934
482,1.27934,1.27934
483,1.27934,1.27934
484,1.27934,1.27934
485,1.27934,1.27934
486,1.27934,1.27934
487,1.30454,1.30454
488,1.30454,1.30454
489,1.30454,1.30454
490,1.35213,1.35213
491,1.35213,1.35213
492,1.35213,1.35213
493,1.35213,1.35213
494,1.35213,1.35213
495,1.35213,1.35213
496,1.35213,1.35213
497,1.2723,1.2723
498,1.2723,1.2723
499,1.2723,1.2723
500,1.2723,1.2723
501,1.2723,1.2723
502,1.2723,1.2723
503,1.22777,1.22777
504,1.22777,1.22777
505,1.22777,1.22777
506,1.22777,1.22777
507,1.22777,1.22777
508,1.22777,1.22777
509,1.22777,1.22777
510,1.22777,1.22777
511,1.03038,1.03038
512,1.03038,1.03038
513,1.03038,1.03038
514,1.03038,1.03038
515,1.03038,1.03038
516,1.03038,1.03038
517,1.03038,1.03038
518,1.03038,1.03038
519,1.03038,1.03038
520,0.927295,0.927295
521,0.927295,0.927295
522,0.927295,0.927295
523,0.927295,0.927295
524,0.927295,0.927295
525,1.05165,1.05165
526,1.05165,1.05165
527,1.05165,1.05165
528,1.1659,1.1659
529,1.1659,1.1659
530,1.1659,1.1659
531,1.21203,1.21203
532,1.21203,1.21203
533,1.21203,1.21203
534,1.21203,1.21203
535,1.21203,1.21203
536,1.21203,1.21203
537,1.21203,1.21203
538,1.21203,1.21203
539,1.21203,1.21203
540,1.21203,1.21203
541,1.21203,1.21203
542,1.21203,1.21203
543,1.21203,1.21203
544,1.21203,1.21203
545,1.05165,1.05165
546,1.05165,1.05165
547,1.05165,1.05165
548,1.05165,1.05165
549,1.05165,1.05165
550,1.05165,1.05165
551,1.1659,1.1659
552,1.1659,1.1659
553,1.1659,1.1659
554,1.1659,1.1659
555,1.1659,1.1659
556,1.1659,1.1659
557,0.982794,0.982794
558,0.982794,0.982794
559,0.982794,0.982794
560,0.982794,0.982794
561,0.982794,0.982794
562,0.244979,0.244979
563,0.244979,0.244979
564,6.03821,-0.244979
565,6.03821,-0.244979
566,5.87829,-0.404892
567,5.87829,-0.404892
568,5.87829,-0.404892
569,5.76404,-0.519146
570,5.76404,-0.519146
571,5.76404,-0.519146
572,5.76404,-0.519146
573,5.76404,-0.519146
574,5.76404,-0.519146
575,5.76404,-0.519146
576,5.76404,-0.519146
577,5.92441,-0.358771
578,5.92441,-0.358771
579,5.92441,-0.358771
580,6.00489,-0.2783
581,6.00489,-0.2783
582,6.11804,-0.165149
583,6.11804,-0.165149
584,6.11804,-0.165149
585,0.165149,0.165149
586,0.165149,0.165149
587,0.165149,0.165149
588,0.218669,0.218669
589,0.218669,0.218669
590,0.218669,0.218669
591,0.218669,0.218669
592,0.218669,0.218669
593,0.218669,0.218669
594,0.0434509,0.0434509
595,0.0434509,0.0434509
596,0.0434509,0.0434509
597,0.0434509,0.0434509
598,0.0434509,0.0434509
599,0.0434509,0.0434509
600,0.0434509,0.0434509
601,0.0434509,0.0434509
602,0.0434509,0.0434509
603,0.0434509,0.0434509
604,0.0434509,0.0434509
605,0.0434509,0.0434509
606,0.0434509,0.0434509
607,0.0434509,0.0434509
608,0.0434509,0.0434509
609,0.0434509,0.0434509
610,0.0434509,0.0434509
611,0.0434509,0.0434509
612,0.0434509,0.0434509
613,0.0434509,0.0434509
614,0.0434509,0.0434509
615,0.0434509,0.0434509
616,0.0434509,0.0434509
617,0.0434509,0.0434509
618,0.0434509,0.0434509
619,0.0434509,0.0434509
620,0.0434509,0.0434509
621,0.0434509,0.0434509
622,6.15883,-0.124355
623,6.15883,-0.124355
624,6.15883,-0.124355
625,6.15883,-0.124355
626,6.00489,-0.2783
627,6.00489,-0.2783
628,5.92441,-0.358771
629,5.92441,-0.358771
630,5.92441,-0.358771
631,5.92441,-0.358771
632,5.74277,-0.54042
633,5.55654,-0.726642
634,5.55654,-0.726642
635,5.55654,-0.726642
636,5.55654,-0.726642
637,5.55654,-0.726642
638,5.55654,-0.726642
639,5.55654,-0.726642
640,5.43903,-0.844154
641,5.43903,-0.844154
642,5.43903,-0.844154
643,5.43903,-0.844154
644,5.43903,-0.844154
645,5.43903,-0.844154
646,5.43903,-0.844154
647,5.33264,-0.950547
648,5.33264,-0.950547
649,5.33264,-0.950547
650,5.27099,-1.0122
651,5.27099,-1.0122
652,5.27099,-1.0122
653,5.27099,-1.0122
654,5.27099,-1.0122
655,5.27099,-1.0122
656,5.27099,-1.0122
657,5.81954,-0.463648
658,5.81954,-0.463648
659,4.7837,-1.49949
660,4.7837,-1.49949
661,4.7837,-1.49949
662,4.7837,-1.49949
663,4.7837,-1.49949
664,4.7837,-1.49949
665,4.7837,-1.49949
666,4.64108,-1.6421
667,4.64108,-1.6421
668,4.64108,-1.6421
669,4.64108,-1.6421
670,4.64108,-1.6421
671,4.64108,-1.6421
672,4.64108,-1.6421
673,4.61744,-1.66575
674,4.61744,-1.66575
675,4.61744,-1.66575
676,4.61744,-1.66575
677,4.61744,-1.66575
678,4.61744,-1.66575
679,4.61744,-1.66575
680,4.61744,-1.66575
681,4.61744,-1.66575
682,4.61744,-1.66575
683,4.61744,-1.66575
684,4.61744,-1.66575
685,4.64353,-1.63965
686,4.64353,-1.63965
687,4.64353,-1.63965
688,4.64353,-1.63965
689,4.64353,-1.63965
690,4.64353,-1.63965
691,4.64353,-1.63965
692,4.64353,-1.63965
693,4.64353,-1.63965
694,4.64353,-1.63965
695,4.64353,-1.63965
696,4.64353,-1.63965
697,4.64353,-1.63965
698,4.64353,-1.63965
699,4.64353,-1.63965
700,4.65363,-1.62955
701,4.65363,-1.62955
702,4.65363,-1.62955
703,4.65363,-1.62955
704,4.65363,-1.62955
705,4.65363,-1.62955
706,4.65363,-1.62955
707,4.65363,-1.62955
708,4.65363,-1.62955
709,4.65363,-1.62955
710,4.65363,-1.62955
711,4.65363,-1.62955
712,4.65363,-1.62955
713,4.65363,-1.62955
714,4.65363,-1.62955
715,4.65363,-1.62955
716,4.65363,-1.62955
717,4.53254,-1.75065
718,4.53254,-1.75065
719,4.53254,-1.75065
720,4.53254,-1.75065
721,4.53254,-1.75065
722,4.53254,-1.75065
723,4.43409,-1.8491
724,4.43409,-1.8491
725,4.43409,-1.8491
726,4.43409,-1.8491
727,4.43409,-1.8491
728,4.61272,-1.67046
729,4.61272,-1.67046
730,4.61272,-1.67046
731,4.61272,-1.67046
732,4.61272,-1.67046
733,4.81206,-1.47113
734,4.81206,-1.47113
735,4.81206,-1.47113
736,4.81206,-1.47113
737,4.81206,-1.47113
738,4.8295,-1.45369
739,4.8295,-1.45369
740,4.8295,-1.45369
741,4.8295,-1.45369
742,4.8295,-1.45369
743,4.8295,-1.45369
744,4.8295,-1.45369
745,4.8295,-1.45369
746,4.8295,-1.45369
747,4.8295,-1.45369
748,4.8295,-1.45369
749,3.92699,-2.35619
750,3.92699,-2.35619
751,5.17604,-1.10715
752,5.17604,-1.10715
753,4.39064,-1.89255
754,4.39064,-1.89255
755,4.39064,-1.89255
756,4.39064,-1.89255
757,4.39064,-1.89255
758,4.39064,-1.89255
759,4.39064,-1.89255
760,5.49779,-0.785398
761,5.49779,-0.785398
762,4.19324,-2.08994
763,4.19324,-2.08994
764,4.19324,-2.08994
765,4.19324,-2.08994
766,4.19324,-2.08994
767,4.19324,-2.08994
768,4.19324,-2.08994
769,4.19324,-2.08994
770,4.19324,-2.08994
771,4.19324,-2.08994
772,4.19324,-2.08994
773,4.15379,-2.1294
774,4.15379,-2.1294
775,4.15379,-2.1294
776,4.09214,-2.19105
777,4.09214,-2.19105
778,4.09214,-2.19105
779,4.09214,-2.19105
780,4.09214,-2.19105
781,4.09214,-2.19105
782,4.09214,-2.19105
783,4.18431,-2.09887
784,4.18431,-2.09887
785,4.18431,-2.09887
786,4.18431,-2.09887
787,4.18431,-2.09887
788,4.18431,-2.09887
789,4.18431,-2.09887
790,4.18431,-2.09887
791,4.20529,-2.07789
792,4.20529,-2.07789
793,4.20529,-2.07789
794,4.20529,-2.07789
795,4.20529,-2.07789
796,4.29416,-1.98902
797,4.29416,-1.98902
798,4.29416,-1.98902
799,4.29416,-1.98902
800,4.54724,-1.73595
801,4.54724,-1.73595
802,4.54724,-1.73595
803,4.54724,-1.73595
804,4.54724,-1.73595
805,4.54724,-1.73595
806,4.54724,-1.73595
807,4.54724,-1.73595
808,4.54724,-1.73595
809,4.54724,-1.73595
810,4.90978,-1.3734
811,4.90978,-1.3734
812,4.90978,-1.3734
813,4.90978,-1.3734
814,4.24874,-2.03444
815,4.24874,-2.03444
816,4.87754,-1.40565
817,4.87754,-1.40565
818,4.87754,-1.40565
819,4.87754,-1.40565
820,4.87754,-1.40565
821,4.87754,-1.40565
822,4.87754,-1.40565
823,4.87754,-1.40565
824,5.10718,-1.17601
825,5.10718,-1.17601
826,5.10718,-1.17601
827,5.10718,-1.17601
828,5.10718,-1.17601
829,5.10718,-1.17601
830,5.10718,-1.17601
831,5.10718,-1.17601
832,5.10718,-1.17601
833,5.10718,-1.17601
834,5.10718,-1.17601
835,5.10718,-1.17601
836,5.10718,-1.17601
837,5.10718,-1.17601
838,4.99069,-1.2925
839,4.99069,-1.2925
840,4.99069,-1.2925
841,4.99069,-1.2925
842,4.99069,-1.2925
843,4.99069,-1.2925
844,4.99069,-1.2925
845,4.99069,-1.2925
846,5.30039,-0.982794
847,5.30039,-0.982794
848,5.30039,-0.982794
849,5.03414,-1.24905
850,5.03414,-1.24905
851,5.03414,-1.24905
852,5.81954,-0.463648
853,5.81954,-0.463648
854,5.17604,-1.10715
855,4.24874,-2.03444
856,4.24874,-2.03444
857,4.24874,-2.03444
858,4.99069,-1.2925
859,4.99069,-1.2925
860,4.99069,-1.2925
861,4.99069,-1.2925
862,4.99069,-1.2925
863,4.99069,-1.2925
864,4.99069,-1.2925
865,4.99069,-1.2925
866,4.99069,-1.2925
867,4.99069,-1.2925
868,5.35589,-0.927295
869,5.35589,-0.927295
870,5.35589,-0.927295
871,5.35589,-0.927295
872,5.35589,-0.927295
873,5.35589,-0.927295
874,5.35589,-0.927295
875,5.35589,-0.927295
876,5.35589,-0.927295
877,5.63968,-0.643501
878,5.63968,-0.643501
879,5.63968,-0.643501
880,0.643501,0.643501
881,0.643501,0.643501
882,0.643501,0.643501
883,0.643501,0.643501
884,0.643501,0.643501
885,0.643501,0.643501
886,0.643501,0.643501
887,0.643501,0.643501
888,1.10715,1.10715
889,1.10715,1.10715
890,0.708626,0.708626
891,0.708626,0.708626
892,0.708626,0.708626
893,0.708626,0.708626
894,0.708626,0.708626
895,0.708626,0.708626
896,0.708626,0.708626
897,0.86217,0.86217
898,0.86217,0.86217
899,0.86217,0.86217
900,0.86217,0.86217
901,0.86217,0.86217
902,0.950547,0.950547
903,0.950547,0.950547
904,0.950547,0.950547
905,0.950547,0.950547
906,0.950547,0.950547
907,1.24905,1.24905
908,1.24905,1.24905
909,1.24905,1.24905
910,1.24905,1.24905
911,1.24905,1.24905
912,1.24905,1.24905
913,1.24905,1.24905
914,0.694738,0.694738
915,0.694738,0.694738
916,0.694738,0.694738
917,0.694738,0.694738
918,0.694738,0.694738
919,0.694738,0.694738
920,0.876058,0.876058
921,0.876058,0.876058
922,0.876058,0.876058
923,0.876058,0.876058
924,1.07145,1.07145
925,1.07145,1.07145
926,1.07145,1.07145
927,1.07145,1.07145
928,1.07145,1.07145
929,1.07145,1.07145
930,1.14417,1.14417
931,1.14417,1.14417
932,1.14417,1.14417
933,1.14417,1.14417
934,1.14417,1.14417
935,1.14417,1.14417
936,1.21203,1.21203
937,1.21203,1.21203
938,1.2925,1.2925
939,1.2925,1.2925
940,1.48014,1.48014
941,1.48014,1.48014
942,1.48014,1.48014
943,1.48014,1.48014
944,1.48014,1.48014
945,1.48014,1.48014
946,1.66146,1.66146
947,1.66146,1.66146
948,1.66146,1.66146
949,1.66146,1.66146
950,1.66146,1.66146
951,1.78947,1.78947
952,1.78947,1.78947
953,1.78947,1.78947
954,1.78947,1.78947
955,1.78947,1.78947
956,1.78947,1.78947
957,1.78947,1.78947
958,1.10715,1.10715
959,1.10715,1.10715
960,1.75065,1.75065
961,1.75065,1.75065
962,1.75065,1.75065
963,1.75065,1.75065
964,1.75065,1.75065
965,1.75065,1.75065
966,1.75065,1.75065
967,1.75065,1.75065
968,1.71269,1.71269
969,1.71269,1.71269
970,1.71269,1.71269
971,1.71269,1.71269
972,1.4289,1.4289
973,1.4289,1.4289
974,1.4289,1.4289
975,1.2925,1.2925
976,1.2925,1.2925
977,1.2925,1.2925
978,1.2925,1.2925
979,1.2925,1.2925
980,1.48766,1.48766
981,1.48766,1.48766
982,1.48766,1.48766
983,1.48766,1.48766
984,1.48766,1.48766
985,1.48766,1.48766
986,1.65394,1.65394
987,1.65394,1.65394
988,1.65394,1.65394
989,1.65394,1.65394
990,1.65394,1.65394
991,1.65394,1.65394
992,1.65394,1.65394
993,1.65394,1.65394
994,1.10715,1.10715
995,1.10715,1.10715
996,1.10715,1.10715
997,1.81577,1.81577
998,1.81577,1.81577
999,1.81577,1.81577
1000,1.32582,1.32582
1001,1.32582,1.32582
1002,1.32582,1.32582
1003,1.32582,1.32582
1004,2.03444,2.03444
1005,2.03444,2.03444
1006,2.03444,2.03444
1007,1.31019,1.31019
1008,1.31019,1.31019
1009,1.31019,1.31019
1010,1.31019,1.31019
1011,1.31019,1.31019
1012,1.31019,1.31019
1013,1.31019,1.31019
1014,1.31019,1.31019
1015,1.31019,1.31019
1016,1.31019,1.31019
1017,1.344,1.344
1018,1.344,1.344
1019,1.344,1.344
1020,1.344,1.344
1021,1.344,1.344
1022,1.3597,1.3597
1023,1.3597,1.3597
1024,1.3597,1.3597
1025,1.39094,1.39094
1026,1.39094,1.39094
1027,1.39094,1.39094
1028,1.4289,1.4289
1029,1.4289,1.4289
1030,1.4289,1.4289
1031,1.4289,1.4289
1032,1.60412,1.60412
1033,1.60412,1.60412
1034,1.60412,1.60412
1035,1.60412,1.60412
1036,1.60412,1.60412
1037,1.60412,1.60412
1038,1.60412,1.60412
1039,1.60412,1.60412
1040,1.60412,1.60412
1041,1.60412,1.60412
1042,1.60412,1.60412
1043,1.60412,1.60412
1044,1.60412,1.60412
1045,1.60412,1.60412
1046,1.60412,1.60412
1047,1.60412,1.60412
1048,1.60412,1.60412
1049,1.60412,1.60412
1050,1.60412,1.60412
1051,1.53748,1.53748
1052,1.53748,1.53748
1053,1.53748,1.53748
1054,1.53748,1.53748
1055,1.53748,1.53748
1056,1.53748,1.53748
1057,1.53748,1.53748
1058,1.53748,1.53748
1059,1.53748,1.53748
1060,1.53748,1.53748
1061,1.53748,1.53748
1062,1.53748,1.53748
1063,1.53748,1.53748
1064,1.53748,1.53748
1065,1.53748,1.53748
1066,1.38545,1.38545
1067,1.38545,1.38545
1068,1.38545,1.38545
1069,1.38545,1.38545
1070,1.38545,1.38545
1071,1.38545,1.38545
1072,1.38545,1.38545
1073,1.38545,1.38545
1074,1.38545,1.38545
1075,1.38545,1.38545
1076,1.38545,1.38545
1077,1.38545,1.38545
1078,1.38545,1.38545
1079,1.44644,1.44644
1080,1.44644,1.44644
1081,1.44644,1.44644
1082,1.44644,1.44644
1083,1.44644,1.44644
1084,1.44644,1.44644
1085,1.44644,1.44644
1086,1.44644,1.44644
1087,1.3597,1.3597
1088,1.3597,1.3597
1089,1.3597,1.3597
1090,1.3597,1.3597
1091,1.3597,1.3597
1092,1.3597,1.3597
1093,1.3597,1.3597
1094,1.3597,1.3597
1095,1.3597,1.3597
1096,1.39094,1.39094
1097,1.39094,1.39094
1098,1.39094,1.39094
1099,1.41815,1.41815
1100,1.41815,1.41815
1101,1.41815,1.41815
1102,1.41815,1.41815
1103,1.41815,1.41815
1104,1.41815,1.41815
1105,1.41815,1.41815
1106,1.41815,1.41815
1107,1.41815,1.41815
1108,1.41815,1.41815
1109,1.41815,1.41815
1110,1.41815,1.41815
1111,1.41815,1.41815
1112,1.41815,1.41815
1113,1.41815,1.41815
1114,1.46014,1.46014
1115,1.46014,1.46014
1116,1.46014,1.46014
1117,1.46014,1.46014
1118,1.46014,1.46014
1119,1.46014,1.46014
1120,1.46014,1.46014
1121,1.46014,1.46014
1122,1.46014,1.46014
1123,1.27934,1.27934
1124,1.27934,1.27934
1125,1.27934,1.27934
1126,1.27934,1.27934
1127,1.27934,1.27934
1128,1.27934,1.27934
1129,1.27934,1.27934
1130,1.27934,1.27934
1131,1.27934,1.27934
1132,1.30454,1.30454
1133,1.30454,1.30454
1134,1.30454,1.30454
1135,1.30454,1.30454
1136,1.30454,1.30454
1137,1.30454,1.30454
1138,1.30454,1.30454
1139,1.30454,1.30454
1140,1.30454,1.30454
1141,1.11864,1.11864
1142,1.11864,1.11864
1143,1.11864,1.11864
1144,1.11864,1.11864
1145,1.11864,1.11864
1146,1.11864,1.11864
1147,1.11864,1.11864
1148,1.11864,1.11864
1149,1.11864,1.11864
1150,1.11864,1.11864
1151,1.11864,1.11864
1152,1.11864,1.11864
1153,1.11864,1.11864
1154,1.11864,1.11864
1155,1.11864,1.11864
1156,1.11864,1.11864
1157,1.11864,1.11864
1158,1.11864,1.11864
1159,1.11864,1.11864
1160,1.11864,1.11864
1161,1.11864,1.11864
1162,1.11864,1.11864
1163,1.11864,1.11864
1164,1.11864,1.11864
1165,1.11864,1.11864
1166,1.11864,1.11864
1167,1.11864,1.11864
1168,1.11864,1.11864
1169,1.11864,1.11864
1170,1.11864,1.11864
1171,1.11864,1.11864
1172,1.11864,1.11864
1173,1.11864,1.11864
1174,1.11864,1.11864
1175,1.11864,1.11864
1176,1.11864,1.11864
1177,1.11864,1.11864
1178,1.11864,1.11864
1179,1.11864,1.11864
1180,1.11864,1.11864
1181,1.11864,1.11864
1182,1.11864,1.11864
1183,1.11864,1.11864
1184,1.11864,1.11864
1185,1.11864,1.11864
1186,1.11864,1.11864
1187,1.11864,1.11864
1188,1.11864,1.11864
1189,1.11864,1.11864
1190,1.35213,1.35213
1191,1.35213,1.35213
1192,1.35213,1.35213
1193,1.35213,1.35213
1194,1.35213,1.35213
1195,1.44644,1.44644
1196,1.44644,1.44644
1197,1.44644,1.44644
1198,1.44644,1.44644
1199,1.69515,1.69515
1200,1.69515,1.69515
1201,1.69515,1.69515
1202,1.69515,1.69515
1203,1.78947,1.78947
1204,1.78947,1.78947
1205,1.78947,1.78947
1206,1.78947,1.78947
1207,1.78947,1.78947
1208,2.0032,2.0032
1209,2.0032,2.0032
1210,2.0032,2.0032
1211,2.0032,2.0032
1212,2.0032,2.0032
1213,2.0032,2.0032
1214,2.0032,2.0032
1215,2.0032,2.0032
1216,2.06474,2.06474
1217,2.06474,2.06474
1218,2.06474,2.06474
1219,2.06474,2.06474
1220,2.06474,2.06474
1221,2.06474,2.06474
1222,2.06474,2.06474
1223,2.06474,2.06474
1224,2.06474,2.06474
1225,2.06474,2.06474
1226,2.06474,2.06474
1227,2.06474,2.06474
1228,2.06474,2.06474
1229,1.97569,1.97569
1230,1.97569,1.97569
1231,1.97569,1.97569
1232,1.97569,1.97569
1233,1.97569,1.97569
1234,1.97569,1.97569
1235,1.97569,1.97569
1236,1.97569,1.97569
1237,1.10715,1.10715
1238,1.10715,1.10715
1239,1.10715,1.10715
1240,2.35619,2.35619
1241,2.35619,2.35619
1242,1.24905,1.24905
1243,1.24905,1.24905
1244,1.24905,1.24905
1245,1.24905,1.24905
1246,0.950547,0.950547
1247,0.950547,0.950547
1248,0.950547,0.950547
1249,0.950547,0.950547
1250,0.950547,0.950547
1251,0.896055,0.896055
1252,0.896055,0.896055
1253,0.896055,0.896055
1254,0.896055,0.896055
1255,0.896055,0.896055
1256,0.896055,0.896055
1257,0.896055,0.896055
1258,1.07145,1.07145
1259,1.07145,1.07145
1260,1.07145,1.07145
1261,1.07145,1.07145
1262,1.07145,1.07145
1263,1.07145,1.07145
1264,1.07145,1.07145
1265,1.07145,1.07145
1266,1.07145,1.07145
1267,1.07145,1.07145
1268,1.07145,1.07145
1269,1.07145,1.07145
1270,1.07145,1.07145
1271,1.07145,1.07145
1272,0.909753,0.909753
1273,0.909753,0.909753
1274,0.909753,0.909753
1275,0.909753,0.909753
1276,0.909753,0.909753
1277,0.909753,0.909753
1278,0.909753,0.909753
1279,0.909753,0.909753
1280,0.909753,0.909753
1281,0.909753,0.909753
1282,0.909753,0.909753
1283,0.909753,0.909753
1284,0.909753,0.909753
1285,0.909753,0.909753
1286,0.96007,0.96007
1287,0.96007,0.96007
1288,0.96007,0.96007
1289,0.96007,0.96007
1290,0.96007,0.96007
1291,0.96007,0.96007
1292,0.96007,0.96007
1293,0.96007,0.96007
1294,0.96007,0.96007
1295,0.96007,0.96007
1296,0.96007,0.96007
1297,0.96007,0.96007
1298,0.942,0.942
1299,0.942,0.942
1300,0.942,0.942
1301,0.942,0.942
1302,0.942,0.942
1303,0.942,0.942
1304,0.942,0.942
1305,0.942,0.942
1306,0.942,0.942
1307,0.942,0.942
1308,0.942,0.942
1309,0.942,0.942
1310,1.00748,1.00748
1311,1.00748,1.00748
1312,1.00748,1.00748
1313,1.00748,1.00748
1314,1.00748,1.00748
1315,1.00748,1.00748
1316,1.00748,1.00748
1317,1.00748,1.00748
1318,1.00748,1.00748
1319,1.00748,1.00748
1320,1.00748,1.00748
1321,1.00748,1.00748
1322,1.00748,1.00748
1323,1.00748,1.00748
1324,1.00748,1.00748
1325,1.00748,1.00748
1326,1.00748,1.00748
1327,1.00748,1.00748
1328,0.999459,0.999459
1329,0.999459,0.999459
1330,0.999459,0.999459
1331,0.999459,0.999459
1332,0.999459,0.999459
1333,0.999459,0.999459
1334,0.999459,0.999459
1335,0.999459,0.999459
1336,0.999459,0.999459
1337,0.999459,0.999459
1338,0.999459,0.999459
1339,0.999459,0.999459
1340,0.999459,0.999459
1341,0.999459,0.999459
1342,0.999459,0.999459
1343,0.999459,0.999459
1344,0.999459,0.999459
1345,0.999459,0.999459
1346,1.00887,1.00887
1347,1.00887,1.00887
1348,1.00887,1.00887
1349,1.00887,1.00887
1350,1.00887,1.00887
1351,1.00887,1.00887
1352,1.00887,1.00887
1353,1.00887,1.00887
1354,1.00887,1.00887
1355,1.00887,1.00887
1356,1.00887,1.00887
1357,1.00887,1.00887
1358,1.00887,1.00887
1359,1.00887,1.00887
1360,1.00887,1.00887
1361,1.00887,1.00887
1362,1.00887,1.00887
1363,1.00887,1.00887
1364,1.00887,1.00887
1365,1.00887,1.00887
1366,1.00887,1.00887
1367,1.00887,1.00887
1368,1.00887,1.00887
1369,1.00887,1.00887
1370,1.00887,1.00887
1371,1.00887,1.00887
1372,1.03907,1.03907
1373,1.03907,1.03907
1374,1.03907,1.03907
1375,1.03907,1.03907
1376,1.03907,1.03907
1377,1.03907,1.03907
1378,1.03907,1.03907
1379,1.03907,1.03907
1380,1.03907,1.03907
1381,1.03907,1.03907
1382,1.03907,1.03907
1383,1.03907,1.03907
1384,1.03907,1.03907
1385,1.03907,1.03907
1386,1.03907,1.03907
1387,1.03907,1.03907
1388,1.02225,1.02225
1389,1.02225,1.02225
1390,1.02225,1.02225
1391,1.02225,1.02225
1392,1.02225,1.02225
1393,1.02225,1.02225
1394,1.02225,1.02225
1395,1.02225,1.02225
1396,0.996491,0.996491
1397,0.996491,0.996491
1398,0.996491,0.996491
1399,0.996491,0.996491
1400,0.996491,0.996491
1401,0.996491,0.996491
1402,0.996491,0.996491
1403,0.996491,0.996491
1404,0.996491,0.996491
1405,0.996491,0.996491
1406,0.968509,0.968509
1407,0.968509,0.968509
1408,0.968509,0.968509
1409,0.968509,0.968509
1410,0.968509,0.968509
1411,0.968509,0.968509
1412,0.968509,0.968509
1413,0.968509,0.968509
1414,0.968509,0.968509
1415,0.968509,0.968509
1416,0.938047,0.938047
1417,0.938047,0.938047
1418,0.938047,0.938047
1419,0.938047,0.938047
1420,0.938047,0.938047
1421,0.938047,0.938047
1422,0.938047,0.938047
1423,0.915101,0.915101
1424,0.915101,0.915101
1425,0.915101,0.915101
1426,0.915101,0.915101
1427,0.915101,0.915101
1428,0.915101,0.915101
1429,0.915101,0.915101
1430,0.876058,0.876058
1431,0.876058,0.876058
1432,0.876058,0.876058
1433,0.876058,0.876058
1434,0.876058,0.876058
1435,0.876058,0.876058
1436,0.876058,0.876058
1437,0.876058,0.876058
1438,0.876058,0.876058
1439,0.904827,0.904827
1440,0.904827,0.904827
1441,0.904827,0.904827
1442,0.904827,0.904827
1443,0.904827,0.904827
1444,0.904827,0.904827
1445,0.904827,0.904827
1446,0.904827,0.904827
1447,0.904827,0.904827
1448,0.904827,0.904827
1449,0.904827,0.904827
1450,0.904827,0.904827
1451,0.904827,0.904827
1452,0.904827,0.904827
1453,0.904827,0.904827
1454,0.904827,0.904827
1455,0.904827,0.904827
1456,0.904827,0.904827
1457,0.904827,0.904827
1458,0.904827,0.904827
1459,0.904827,0.904827
1460,0.904827,0.904827
1461,0.904827,0.904827
1462,0.904827,0.904827
1463,0.904827,0.904827
1464,0.950547,0.950547
1465,0.950547,0.950547
1466,0.950547,0.950547
1467,0.950547,0.950547
1468,0.950547,0.950547
1469,0.950547,0.950547
1470,0.950547,0.950547
1471,0.896055,0.896055
1472,0.896055,0.896055
1473,0.896055,0.896055
1474,0.896055,0.896055
1475,0.896055,0.896055
1476,0.896055,0.896055
1477,0.896055,0.896055
1478,0.950547,0.950547
1479,0.950547,0.950547
1480,0.950547,0.950547
1481,0.950547,0.950547
1482,0.950547,0.950547
1483,0.950547,0.950547
1484,0.950547,0.950547
1485,0.950547,0.950547
1486,0.950547,0.950547
1487,0.950547,0.950547
1488,0.950547,0.950547
1489,0.950547,0.950547
1490,1.05165,1.05165
1491,1.05165,1.05165
1492,1.05165,1.05165
1493,1.05165,1.05165
1494,1.05165,1.05165
1495,1.05165,1.05165
1496,1.05165,1.05165
1497,1.05165,1.05165
1498,0.896055,0.896055
1499,0.896055,0.896055
1500,0.896055,0.896055
1501,0.674741,0.674741
1502,0.674741,0.674741
1503,0.674741,0.674741
1504,0.244979,0.244979
1505,0.244979,0.244979
1506,6.03821,-0.244979
1507,6.03821,-0.244979
1508,5.17604,-1.10715
1509,5.17604,-1.10715
1510,6.06452,-0.218669
1511,6.06452,-0.218669
1512,6.06452,-0.218669
1513,6.06452,-0.218669
1514,6.06452,-0.218669
1515,6.06452,-0.218669
1516,6.06452,-0.218669
1517,6.06452,-0.218669
1518,0.197396,0.197396
1519,0.197396,0.197396
1520,0.380506,0.380506
1521,0.380506,0.380506
1522,0.54042,0.54042
1523,0.54042,0.54042
1524,0.982794,0.982794
1525,0.982794,0.982794
1526,0.982794,0.982794
1527,0.982794,0.982794
1528,0.982794,0.982794
1529,0.982794,0.982794
1530,1.2925,1.2925
1531,1.2925,1.2925
1532,1.2925,1.2925
1533,1.2925,1.2925
1534,1.50423,1.50423
1535,1.50423,1.50423
1536,1.50423,1.50423
1537,1.50423,1.50423
1538,1.50423,1.50423
1539,1.50423,1.50423
1540,1.50423,1.50423
1541,1.50423,1.50423
1542,1.50423,1.50423
1543,1.50423,1.50423
1544,1.50423,1.50423
1545,1.50423,1.50423
1546,1.50423,1.50423
1547,1.50423,1.50423
1548,1.50423,1.50423
1549,1.35213,1.35213
1550,1.35213,1.35213
1551,1.35213,1.35213
1552,1.35213,1.35213
1553,1.35213,1.35213
1554,0.915101,0.915101
1555,0.915101,0.915101
1556,0.915101,0.915101
1557,0.915101,0.915101
1558,0.915101,0.915101
1559,0.915101,0.915101
1560,0.915101,0.915101
1561,0.915101,0.915101
1562,0.915101,0.915101
1563,0.915101,0.915101
1564,0.915101,0.915101
1565,0.915101,0.915101
1566,0.915101,0.915101
1567,0.915101,0.915101
1568,0.832981,0.832981
1569,0.832981,0.832981
1570,0.832981,0.832981
1571,0.832981,0.832981
1572,0.832981,0.832981
1573,0.832981,0.832981
1574,0.832981,0.832981
1575,0.832981,0.832981
1576,0.832981,0.832981
1577,0.832981,0.832981
1578,0.832981,0.832981
1579,0.832981,0.832981
1580,0.832981,0.832981
1581,0.832981,0.832981
1582,0.832981,0.832981
1583,0.832981,0.832981
1584,0.832981,0.832981
1585,0.832981,0.832981
1586,0.832981,0.832981
1587,0.832981,0.832981
1588,2.49809,2.49809
1589,2.49809,2.49809
1590,2.49809,2.49809
1591,2.49809,2.49809
1592,2.86329,2.86329
1593,2.86329,2.86329
1594,2.86329,2.86329
1595,2.86329,2.86329
1596,3.04192,3.04192
1597,3.04192,3.04192
1598,3.04192,3.04192
1599,3.04192,3.04192
1600,3.04192,3.04192
1601,3.04192,3.04192
1602,3.04192,3.04192
1603,3.04192,3.04192
1604,3.04192,3.04192
1605,3.04192,3.04192
1606,2.55359,2.55359
1607,2.1588,2.1588
1608,1.72345,1.72345
1609,1.72345,1.72345
1610,1.72345,1.72345
1611,1.72345,1.72345
1612,1.72345,1.72345
1613,1.72345,1.72345
1614,1.72345,1.72345
1615,1.68145,1.68145
1616,1.68145,1.68145
1617,1.68145,1.68145
1618,1.68145,1.68145
1619,1.68145,1.68145
1620,1.68145,1.68145
1621,1.68145,1.68145
1622,1.68145,1.68145
1623,1.68145,1.68145
1624,1.78947,1.78947
1625,1.78947,1.78947
1626,1.78947,1.78947
1627,1.78947,1.78947
1628,1.78947,1.78947
1629,2.2143,2.2143
1630,2.2143,2.2143
1631,2.2143,2.2143
1632,2.2143,2.2143
1633,2.2143,2.2143
1634,4.06889,-2.2143
1635,4.06889,-2.2143
1636,4.06889,-2.2143
1637,4.06889,-2.2143
1638,4.3075,-1.97569
1639,4.3075,-1.97569
1640,4.3075,-1.97569
1641,4.3075,-1.97569
1642,4.3075,-1.97569
1643,4.3075,-1.97569
1644,4.19324,-2.08994
1645,4.19324,-2.08994
1646,4.19324,-2.08994
1647,4.19324,-2.08994
1648,4.19324,-2.08994
1649,4.19324,-2.08994
1650,4.19324,-2.08994
1651,4.19324,-2.08994
1652,3.60524,-2.67795
1653,3.60524,-2.67795
1654,3.60524,-2.67795
1655,3.60524,-2.67795
1656,2.60117,2.60117
1657,2.60117,2.60117
1658,2.60117,2.60117
1659,2.60117,2.60117
1660,2.49809,2.49809
1661,2.49809,2.49809
1662,2.2143,2.2143
1663,2.2143,2.2143
1664,2.08994,2.08994
1665,2.08994,2.08994
1666,2.08994,2.08994
1667,1.97569,1.97569
1668,1.97569,1.97569
1669,1.97569,1.97569
1670,1.92957,1.92957
1671,1.92957,1.92957
1672,1.92957,1.92957
1673,1.92957,1.92957
1674,1.92957,1.92957
1675,1.92957,1.92957
1676,1.92957,1.92957
1677,1.92957,1.92957
1678,1.92957,1.92957
1679,2.11122,2.11122
1680,2.2143,2.2143
1681,2.2143,2.2143
1682,2.2143,2.2143
1683,2.2143,2.2143
1684,2.2143,2.2143
1685,4.06889,-2.2143
1686,4.06889,-2.2143
1687,4.06889,-2.2143
1688,4.06889,-2.2143
1689,4.58803,-1.69515
1690,4.58803,-1.69515
1691,4.58803,-1.69515
1692,4.58803,-1.69515
1693,4.82305,-1.46014
1694,4.82305,-1.46014
1695,4.82305,-1.46014
1696,4.82305,-1.46014
1697,4.82305,-1.46014
1698,4.82305,-1.46014
1699,4.82305,-1.46014
1700,4.82305,-1.46014
1701,4.82305,-1.46014
1702,4.82305,-1.46014
1703,4.60173,-1.68145
1704,4.60173,-1.68145
1705,4.60173,-1.68145
1706,4.60173,-1.68145
1707,4.43409,-1.8491
1708,4.43409,-1.8491
1709,4.43409,-1.8491
1710,4.43409,-1.8491
1711,3.46334,-2.81984
1712,3.46334,-2.81984
1713,2.81984,2.81984
1714,2.49809,2.49809
1715,2.49809,2.49809
1716,2.49809,2.49809
1717,2.49809,2.49809
1718,2.49809,2.49809
1719,2.49809,2.49809
1720,4.06889,-2.2143
1721,4.06889,-2.2143
1722,4.06889,-2.2143
1723,4.06889,-2.2143
1724,4.43409,-1.8491
1725,4.43409,-1.8491
1726,4.43409,-1.8491
1727,4.43409,-1.8491
1728,4.51499,-1.76819
1729,4.51499,-1.76819
1730,4.51499,-1.76819
1731,4.90978,-1.3734
1732,4.90978,-1.3734
1733,4.99069,-1.2925
1734,4.99069,-1.2925
1735,4.99069,-1.2925
1736,4.99069,-1.2925
1737,5.30039,-0.982794
1738,5.30039,-0.982794
1739,5.30039,-0.982794
1740,4.95737,-1.32582
1741,4.95737,-1.32582
1742,4.95737,-1.32582
1743,4.95737,-1.32582
1744,4.95737,-1.32582
1745,4.95737,-1.32582
1746,4.95737,-1.32582
1747,4.46741,-1.81577
1748,4.46741,-1.81577
1749,4.08359,-2.19959
1750,4.08359,-2.19959
1751,4.08359,-2.19959
1752,4.08359,-2.19959
1753,4.08359,-2.19959
1754,4.08359,-2.19959
1755,4.08359,-2.19959
1756,4.08359,-2.19959
1757,4.08359,-2.19959
1758,4.08359,-2.19959
1759,4.08359,-2.19959
1760,4.08359,-2.19959
1761,4.08359,-2.19959
1762,4.08359,-2.19959
1763,3.81633,-2.46685
1764,3.81633,-2.46685
1765,3.81633,-2.46685
1766,3.81633,-2.46685
1767,3.81633,-2.46685
1768,3.81633,-2.46685
1769,3.81633,-2.46685
1770,3.81633,-2.46685
1771,3.81633,-2.46685
1772,3.81633,-2.46685
1773,3.81633,-2.46685
1774,3.5221,-2.76109
1775,3.5221,-2.76109
1776,3.5221,-2.76109
1777,3.5221,-2.76109
1778,3.5221,-2.76109
1779,3.68201,-2.60117
1780,3.86042,-2.42276
1781,3.86042,-2.42276
1782,3.86042,-2.42276
1783,3.86042,-2.42276
1784,3.86042,-2.42276
1785,3.86042,-2.42276
1786,3.86042,-2.42276
1787,3.86042,-2.42276
1788,3.86042,-2.42276
1789,3.86042,-2.42276
1790,3.86042,-2.42276
1791,3.86042,-2.42276
1792,3.86042,-2.42276
1793,3.75232,-2.53087
1794,3.75232,-2.53087
1795,3.75232,-2.53087
1796,3.75232,-2.53087
1797,3.75232,-2.53087
1798,3.75232,-2.53087
1799,3.75232,-2.53087
1800,3.75232,-2.53087
1801,3.75232,-2.53087
1802,3.75232,-2.53087
1803,3.75232,-2.53087
1804,3.75232,-2.53087
1805,3.83633,-2.44685
1806,3.83633,-2.44685
1807,3.83633,-2.44685
1808,3.83633,-2.44685
1809,4.01765,-2.26553
1810,4.01765,-2.26553
1811,4.01765,-2.26553
1812,4.01765,-2.26553
1813,4.01765,-2.26553
1814,4.01765,-2.26553
1815,4.01765,-2.26553
1816,3.7296,-2.55359
1817,3.7296,-2.55359
1818,3.7296,-2.55359
1819,3.7296,-2.55359
1820,4.05135,-2.23184
1821,4.05135,-2.23184
1822,4.05135,-2.23184
1823,4.05135,-2.23184
1824,4.05135,-2.23184
1825,4.05135,-2.23184
1826,4.05135,-2.23184
1827,4.05135,-2.23184
1828,4.05135,-2.23184
1829,4.05135,-2.23184
1830,3.97457,-2.30861
1831,3.97457,-2.30861
1832,3.97457,-2.30861
1833,3.97457,-2.30861
1834,3.97457,-2.30861
1835,3.97457,-2.30861
1836,3.97457,-2.30861
1837,3.97457,-2.30861
1838,3.97457,-2.30861
1839,3.87941,-2.40378
1840,3.87941,-2.40378
1841,3.87941,-2.40378
1842,3.87941,-2.40378
1843,3.87941,-2.40378
1844,3.87941,-2.40378
1845,3.87941,-2.40378
1846,3.87941,-2.40378
1847,3.87941,-2.40378
1848,3.80264,-2.48055
1849,3.80264,-2.48055
1850,3.80264,-2.48055
1851,3.80264,-2.48055
1852,3.80264,-2.48055
1853,3.80264,-2.48055
1854,3.80264,-2.48055
1855,3.80264,-2.48055
1856,3.80264,-2.48055
1857,3.80264,-2.48055
1858,3.96543,-2.31775
1859,3.96543,-2.31775
1860,3.96543,-2.31775
1861,3.96543,-2.31775
1862,3.96543,-2.31775
1863,3.96543,-2.31775
1864,3.96543,-2.31775
1865,3.96543,-2.31775
1866,3.96543,-2.31775
1867,3.96543,-2.31775
1868,3.96543,-2.31775
1869,3.96543,-2.31775
1870,3.96543,-2.31775
1871,3.96543,-2.31775
1872,3.96543,-2.31775
1873,3.96543,-2.31775
1874,3.96543,-2.31775
1875,3.96543,-2.31775
1876,3.96543,-2.31775
1877,3.96543,-2.31775
1878,3.96543,-2.31775
1879,3.96543,-2.31775
1880,3.96543,-2.31775
1881,3.96543,-2.31775
1882,3.96543,-2.31775
1883,3.96543,-2.31775
1884,3.96543,-2.31775
1885,3.96543,-2.31775
1886,3.95555,-2.32763
1887,3.95555,-2.32763
1888,3.95555,-2.32763
1889,3.95555,-2.32763
1890,3.95555,-2.32763
1891,3.95555,-2.32763
1892,3.95555,-2.32763
1893,3.95555,-2.32763
1894,3.95555,-2.32763
1895,3.95555,-2.32763
1896,3.95555,-2.32763
1897,3.95555,-2.32763
1898,3.95555,-2.32763
1899,3.95555,-2.32763
1900,3.95555,-2.32763
1901,3.95555,-2.32763
1902,3.89843,-2.38476
1903,3.89843,-2.38476
1904,3.89843,-2.38476
1905,3.89843,-2.38476
1906,3.89843,-2.38476
1907,3.89843,-2.38476
1908,3.89843,-2.38476
1909,3.89843,-2.38476
1910,3.89843,-2.38476
1911,3.89843,-2.38476
1912,3.89843,-2.38476
1913,3.89843,-2.38476
1914,3.89843,-2.38476
1915,3.89843,-2.38476
1916,3.89843,-2.38476
1917,3.89843,-2.38476
1918,3.85568,-2.4275
1919,3.85568,-2.4275
1920,3.85568,-2.4275
1921,3.85568,-2.4275
1922,3.85568,-2.4275
1923,3.85568,-2.4275
1924,3.85568,-2.4275
1925,3.85568,-2.4275
1926,3.85568,-2.4275
1927,3.85568,-2.4275
1928,3.85568,-2.4275
1929,3.85568,-2.4275
1930,3.85568,-2.4275
1931,3.80264,-2.48055
1932,3.80264,-2.48055
1933,3.80264,-2.48055
1934,3.80264,-2.48055
1935,3.76708,-2.51611
1936,3.76708,-2.51611
1937,3.76708,-2.51611
1938,3.76708,-2.51611
1939,3.76708,-2.51611
1940,3.76708,-2.51611
1941,3.76708,-2.51611
1942,3.76708,-2.51611
1943,3.76708,-2.51611
1944,3.76708,-2.51611
1945,3.76708,-2.51611
1946,3.76708,-2.51611
1947,3.76708,-2.51611
1948,3.76708,-2.51611
1949,3.76708,-2.51611
1950,3.76708,-2.51611
1951,3.76708,-2.51611
1952,3.76708,-2.51611
1953,3.69325,-2.58994
1954,3.69325,-2.58994
1955,3.69325,-2.58994
1956,3.69325,-2.58994
1957,3.69325,-2.58994
1958,3.69325,-2.58994
1959,3.69325,-2.58994
1960,3.69325,-2.58994
1961,3.69325,-2.58994
1962,3.69325,-2.58994
1963,3.69325,-2.58994
1964,3.69325,-2.58994
1965,3.69325,-2.58994
1966,3.69325,-2.58994
1967,3.69325,-2.58994
1968,3.76184,-2.52134
1969,3.76184,-2.52134
1970,3.76184,-2.52134
1971,3.76184,-2.52134
1972,3.76184,-2.52134
1973,3.76184,-2.52134
1974,3.76184,-2.52134
1975,3.76184,-2.52134
1976,3.70019,-2.58299
1977,3.70019,-2.58299
1978,3.65398,-2.6292
1979,3.65398,-2.6292
1980,3.65398,-2.6292
1981,3.65398,-2.6292
1982,3.65398,-2.6292
1983,3.65398,-2.6292
1984,3.65398,-2.6292
1985,3.65398,-2.6292
1986,3.65398,-2.6292
1987,3.65398,-2.6292
1988,3.65398,-2.6292
1989,3.65398,-2.6292
1990,3.65398,-2.6292
1991,3.65398,-2.6292
1992,3.65398,-2.6292
1993,3.65398,-2.6292
1994,3.65398,-2.6292
1995,3.65398,-2.6292
1996,3.65398,-2.6292
1997,3.65398,-2.6292
1998,3.65398,-2.6292
1999,3.65398,-2.6292
2000,3.65398,-2.6292
2001,3.65398,-2.6292
2002,3.65398,-2.6292
2003,3.50036,-2.78282
2004,3.50036,-2.78282
2005,3.50036,-2.78282
2006,3.50036,-2.78282
2007,3.50036,-2.78282
2008,3.50036,-2.78282
2009,3.50036,-2.78282
2010,3.54648,-2.7367
2011,3.54648,-2.7367
2012,3.54648,-2.7367
2013,3.66074,-2.62245
2014,3.66074,-2.62245
2015,3.66074,-2.62245
2016,3.70019,-2.58299
2017,3.70019,-2.58299
2018,3.70019,-2.58299
2019,3.76184,-2.52134
2020,3.76184,-2.52134
2021,3.83633,-2.44685
2022,3.83633,-2.44685
2023,3.83633,-2.44685
2024,3.83633,-2.44685
2025,4.01765,-2.26553
2026,4.01765,-2.26553
2027,4.01765,-2.26553
2028,4.01765,-2.26553
2029,4.17197,-2.11122
2030,4.17197,-2.11122
2031,4.17197,-2.11122
2032,4.17197,-2.11122
2033,4.17197,-2.11122
2034,4.03765,-2.24554
2035,4.03765,-2.24554
2036,4.03765,-2.24554
2037,4.03765,-2.24554
2038,4.03765,-2.24554
2039,4.03765,-2.24554
2040,4.03765,-2.24554
2041,4.18431,-2.09887
2042,4.18431,-2.09887
2043,4.18431,-2.09887
2044,4.18431,-2.09887
2045,4.18431,-2.09887
2046,4.18431,-2.09887
2047,4.18431,-2.09887
2048,4.18431,-2.09887
2049,4.18431,-2.09887
2050,4.18431,-2.09887
2051,4.18431,-2.09887
2052,4.18431,-2.09887
2053,4.16073,-2.12245
2054,4.16073,-2.12245
2055,4.16073,-2.12245
2056,4.16073,-2.12245
2057,4.14566,-2.13753
2058,4.14566,-2.13753
2059,4.14566,-2.13753
2060,4.14566,-2.13753
2061,4.14566,-2.13753
2062,4.10166,-2.18152
2063,4.10166,-2.18152
2064,4.10166,-2.18152
2065,4.10166,-2.18152
2066,4.10166,-2.18152
2067,3.97957,-2.30361
2068,3.97957,-2.30361
2069,3.97957,-2.30361
2070,3.97957,-2.30361
2071,3.97957,-2.30361
2072,3.97957,-2.30361
2073,3.97957,-2.30361
2074,3.97957,-2.30361
2075,3.87441,-2.40878
2076,3.87441,-2.40878
2077,3.87441,-2.40878
2078,3.87441,-2.40878
2079,3.87441,-2.40878
2080,3.87441,-2.40878
2081,3.87441,-2.40878
2082,3.87441,-2.40878
2083,3.87441,-2.40878
2084,3.87441,-2.40878
2085,4.24874,-2.03444
2086,4.24874,-2.03444
2087,3.554,-2.72918
2088,3.554,-2.72918
2089,3.554,-2.72918
2090,3.554,-2.72918
2091,3.554,-2.72918
2092,3.554,-2.72918
2093,3.554,-2.72918
2094,3.554,-2.72918
2095,3.554,-2.72918
2096,3.554,-2.72918
2097,3.554,-2.72918
2098,3.554,-2.72918
2099,3.554,-2.72918
2100,3.554,-2.72918
2101,3.554,-2.72918
2102,3.554,-2.72918
2103,3.554,-2.72918
2104,3.554,-2.72918
2105,3.554,-2.72918
2106,3.554,-2.72918
2107,3.554,-2.72918
2108,3.554,-2.72918
2109,3.554,-2.72918
2110,3.554,-2.72918
2111,3.554,-2.72918
2112,3.554,-2.72918
2113,3.7296,-2.55359
2114,3.7296,-2.55359
2115,3.7296,-2.55359
2116,3.7296,-2.55359
2117,2.67795,2.67795
2118,2.67795,2.67795
2119,3.55982,-2.72337
2120,3.55982,-2.72337
2121,3.55982,-2.72337
2122,3.55982,-2.72337
2123,3.55982,-2.72337
2124,3.55982,-2.72337
2125,3.55982,-2.72337
2126,3.55982,-2.72337
2127,3.55982,-2.72337
2128,3.55982,-2.72337
2129,3.55982,-2.72337
2130,3.50036,-2.78282
2131,3.50036,-2.78282
2132,3.40784,-2.87534
2133,3.40784,-2.87534
2134,3.40784,-2.87534
2135,3.40784,-2.87534
2136,3.40784,-2.87534
2137,3.40784,-2.87534
2138,3.40784,-2.87534
2139,3.40784,-2.87534
2140,3.40784,-2.87534
2141,3.40784,-2.87534
2142,3.40784,-2.87534
2143,3.40784,-2.87534
2144,3.40784,-2.87534
2145,3.50036,-2.78282
2146,3.50036,-2.78282
2147,3.54648,-2.7367
2148,3.54648,-2.7367
2149,3.54648,-2.7367
2150,3.54648,-2.7367
2151,3.54648,-2.7367
2152,3.54648,-2.7367
2153,3.54648,-2.7367
2154,3.54648,-2.7367
2155,3.54648,-2.7367
2156,3.54648,-2.7367
2157,3.54648,-2.7367
2158,3.54648,-2.7367
2159,3.54648,-2.7367
2160,3.54648,-2.7367
2161,3.54648,-2.7367
2162,3.54648,-2.7367
2163,3.54648,-2.7367
2164,3.32145,-2.96174
2165,3.32145,-2.96174
2166,3.32145,-2.96174
2167,3.32145,-2.96174
2168,3.32145,-2.96174
2169,3.32145,-2.96174
2170,3.32145,-2.96174
2171,3.32145,-2.96174
2172,3.32145,-2.96174
2173,3.32145,-2.96174
2174,3.32145,-2.96174
2175,3.32145,-2.96174
2176,3.5221,-2.76109
2177,3.5221,-2.76109
2178,3.5221,-2.76109
2179,3.5221,-2.76109
2180,3.38657,-2.89661
2181,3.38657,-2.89661
2182,3.38657,-2.89661
2183,3.38657,-2.89661
2184,3.5221,-2.76109
2185,3.5221,-2.76109
2186,3.70019,-2.58299
2187,3.70019,-2.58299
2188,3.70019,-2.58299
2189,3.70019,-2.58299
2190,3.76184,-2.52134
2191,3.76184,-2.52134
2192,3.83633,-2.44685
2193,3.83633,-2.44685
2194,3.83633,-2.44685
2195,3.83633,-2.44685
2196,3.97957,-2.30361
2197,3.97957,-2.30361
2198,3.97957,-2.30361
2199,3.97957,-2.30361
2200,3.97957,-2.30361
2201,3.97957,-2.30361
2202,3.97957,-2.30361
2203,3.97957,-2.30361
2204,3.97957,-2.30361
2205,3.97957,-2.30361
2206,3.97957,-2.30361
2207,3.97957,-2.30361
2208,3.97957,-2.30361
2209,3.97957,-2.30361
2210,3.97957,-2.30361
2211,3.97957,-2.30361
2212,3.97957,-2.30361
2213,3.97957,-2.30361
2214,3.97957,-2.30361
2215,3.97957,-2.30361
2216,3.97957,-2.30361
2217,3.97957,-2.30361
2218,3.97957,-2.30361
2219,4.05135,-2.23184
2220,4.05135,-2.23184
2221,4.05135,-2.23184
2222,4.05135,-2.23184
2223,4.08359,-2.19959
2224,4.08359,-2.19959
2225,4.08359,-2.19959
2226,4.10684,-2.17634
2227,4.10684,-2.17634
2228,4.10684,-2.17634
2229,4.10684,-2.17634
2230,4.10684,-2.17634
2231,4.10684,-2.17634
2232,4.10684,-2.17634
2233,4.10684,-2.17634
2234,4.14105,-2.14213
2235,4.14105,-2.14213
2236,4.14105,-2.14213
2237,4.14105,-2.14213
2238,4.14105,-2.14213
2239,4.14105,-2.14213
2240,4.14105,-2.14213
2241,4.14105,-2.14213
2242,4.14105,-2.14213
2243,4.33188,-1.9513
2244,4.46741,-1.81577
2245,4.46741,-1.81577
2246,4.46741,-1.81577
2247,4.46741,-1.81577
2248,4.33188,-1.9513
2249,4.33188,-1.9513
2250,4.33188,-1.9513
2251,4.33188,-1.9513
2252,4.48559,-1.7976
2253,4.48559,-1.7976
2254,4.48559,-1.7976
2255,4.48559,-1.7976
2256,4.48559,-1.7976
2257,4.48559,-1.7976
2258,4.48559,-1.7976
2259,4.48559,-1.7976
2260,4.48559,-1.7976
2261,4.48559,-1.7976
2262,4.5013,-1.78189
2263,4.5013,-1.78189
2264,4.5013,-1.78189
2265,4.53254,-1.75065
2266,4.53254,-1.75065
2267,4.53254,-1.75065
2268,4.64997,-1.63322
2269,4.64997,-1.63322
2270,4.64997,-1.63322
2271,4.64997,-1.63322
2272,4.64997,-1.63322
2273,4.64997,-1.63322
2274,4.64997,-1.63322
2275,4.64997,-1.63322
2276,4.64997,-1.63322
2277,4.64997,-1.63322
2278,4.64997,-1.63322
2279,4.64997,-1.63322
2280,4.64997,-1.63322
2281,4.64997,-1.63322
2282,4.64997,-1.63322
2283,4.64997,-1.63322
