n,tangent,t2
0,4.74363,-1.53956
1,4.74363,-1.53956
2,4.74363,-1.53956
3,4.74363,-1.53956
4,4.74363,-1.53956
5,4.74363,-1.53956
6,4.74363,-1.53956
7,4.74363,-1.53956
8,4.74363,-1.53956
9,4.74363,-1.53956
10,4.74363,-1.53956
11,4.74363,-1.53956
12,4.74363,-1.53956
13,4.74363,-1.53956
14,4.74363,-1.53956
15,4.74363,-1.53956
16,4.74363,-1.53956
17,4.74363,-1.53956
18,4.74363,-1.53956
19,4.74363,-1.53956
20,4.74363,-1.53956
21,4.74363,-1.53956
22,4.74363,-1.53956
23,4.74363,-1.53956
24,4.74363,-1.53956
25,4.74363,-1.53956
26,4.74363,-1.53956
27,4.74363,-1.53956
28,4.74363,-1.53956
29,4.74363,-1.53956
30,4.74363,-1.53956
31,4.74363,-1.53956
32,4.74363,-1.53956
33,4.84494,-1.43824
34,4.84494,-1.43824
35,4.84494,-1.43824
36,4.84494,-1.43824
37,4.84494,-1.43824
38,4.84494,-1.43824
39,4.84494,-1.43824
40,4.84494,-1.43824
41,4.89224,-1.39094
42,4.89224,-1.39094
43,4.89224,-1.39094
44,4.92348,-1.3597
45,4.92348,-1.3597
46,4.92348,-1.3597
47,4.92348,-1.3597
48,4.92348,-1.3597
49,4.92348,-1.3597
50,4.92348,-1.3597
51,4.92348,-1.3597
52,4.92348,-1.3597
53,4.92348,-1.3597
54,4.92348,-1.3597
55,4.92348,-1.3597
56,4.89224,-1.39094
57,4.89224,-1.39094
58,4.89224,-1.39094
59,4.85429,-1.4289
60,4.85429,-1.4289
61,4.85429,-1.4289
62,4.85429,-1.4289
63,4.85429,-1.4289
64,4.85429,-1.4289
65,4.85429,-1.4289
66,4.89224,-1.39094
67,4.89224,-1.39094
68,4.89224,-1.39094
69,4.92348,-1.3597
70,4.92348,-1.3597
71,4.92348,-1.3597
72,4.92348,-1.3597
73,4.92348,-1.3597
74,4.92348,-1.3597
75,4.92348,-1.3597
76,4.92348,-1.3597
77,4.92348,-1.3597
78,4.79553,-1.48766
79,4.79553,-1.48766
80,4.79553,-1.48766
81,4.79553,-1.48766
82,4.79553,-1.48766
83,4.79553,-1.48766
84,4.62925,-1.65394
85,4.62925,-1.65394
86,4.62925,-1.65394
87,4.62925,-1.65394
88,4.62925,-1.65394
89,4.62925,-1.65394
90,4.01765,-2.26553
91,4.01765,-2.26553
92,4.01765,-2.26553
93,4.01765,-2.26553
94,4.01765,-2.26553
95,4.01765,-2.26553
96,4.01765,-2.26553
97,4.01765,-2.26553
98,4.01765,-2.26553
99,4.60173,-1.68145
100,4.60173,-1.68145
101,4.60173,-1.68145
102,4.60173,-1.68145
103,4.60173,-1.68145
104,4.82305,-1.46014
105,4.82305,-1.46014
106,4.82305,-1.46014
107,4.82305,-1.46014
108,5.11728,-1.1659
109,5.11728,-1.1659
110,5.11728,-1.1659
111,5.23154,-1.05165
112,5.23154,-1.05165
113,5.23154,-1.05165
114,5.35589,-0.927295
115,5.35589,-0.927295
116,5.35589,-0.927295
117,5.35589,-0.927295
118,5.35589,-0.927295
119,5.03414,-1.24905
120,5.03414,-1.24905
121,4.39064,-1.89255
122,4.19324,-2.08994
123,4.19324,-2.08994
124,4.19324,-2.08994
125,4.19324,-2.08994
126,4.19324,-2.08994
127,4.19324,-2.08994
128,4.3075,-1.97569
129,4.3075,-1.97569
130,4.3075,-1.97569
131,4.57049,-1.71269
132,4.57049,-1.71269
133,4.57049,-1.71269
134,4.57049,-1.71269
135,4.85429,-1.4289
136,4.85429,-1.4289
137,4.85429,-1.4289
138,5.11728,-1.1659
139,5.11728,-1.1659
140,5.11728,-1.1659
141,5.11728,-1.1659
142,5.11728,-1.1659
143,5.11728,-1.1659
144,5.11728,-1.1659
145,4.93106,-1.35213
146,4.93106,-1.35213
147,4.93106,-1.35213
148,4.93106,-1.35213
149,4.93106,-1.35213
150,4.81206,-1.47113
151,4.81206,-1.47113
152,4.81206,-1.47113
153,4.81206,-1.47113
154,4.81206,-1.47113
155,4.81206,-1.47113
156,4.81206,-1.47113
157,4.81206,-1.47113
158,4.81206,-1.47113
159,4.81206,-1.47113
160,4.81206,-1.47113
161,4.81206,-1.47113
162,4.81206,-1.47113
163,4.81206,-1.47113
164,4.57984,-1.70335
165,4.57984,-1.70335
166,4.57984,-1.70335
167,4.57984,-1.70335
168,4.57984,-1.70335
169,4.57984,-1.70335
170,4.57984,-1.70335
171,4.57984,-1.70335
172,4.57984,-1.70335
173,4.57984,-1.70335
174,4.57984,-1.70335
175,4.60173,-1.68145
176,4.60173,-1.68145
177,4.60173,-1.68145
178,4.60173,-1.68145
179,4.60173,-1.68145
180,4.60173,-1.68145
181,4.60173,-1.68145
182,4.60173,-1.68145
183,4.60173,-1.68145
184,4.33188,-1.9513
185,4.33188,-1.9513
186,4.33188,-1.9513
187,4.33188,-1.9513
188,4.33188,-1.9513
189,5.17604,-1.10715
190,5.17604,-1.10715
191,5.17604,-1.10715
192,5.17604,-1.10715
193,5.17604,-1.10715
194,5.17604,-1.10715
195,5.17604,-1.10715
196,5.17604,-1.10715
197,4.61272,-1.67046
198,4.61272,-1.67046
199,4.61272,-1.67046
200,4.61272,-1.67046
201,4.61272,-1.67046
202,4.61272,-1.67046
203,4.61272,-1.67046
204,4.61272,-1.67046
205,4.61272,-1.67046
206,4.61272,-1.67046
207,4.61272,-1.67046
208,4.42093,-1.86225
209,4.42093,-1.86225
210,4.42093,-1.86225
211,4.42093,-1.86225
212,4.42093,-1.86225
213,4.42093,-1.86225
214,4.42093,-1.86225
215,4.42093,-1.86225
216,4.42093,-1.86225
217,4.42093,-1.86225
218,4.85429,-1.4289
219,4.85429,-1.4289
220,4.85429,-1.4289
221,4.85429,-1.4289
222,4.85429,-1.4289
223,4.85429,-1.4289
224,4.57049,-1.71269
225,4.57049,-1.71269
226,4.57049,-1.71269
227,4.53254,-1.75065
228,4.53254,-1.75065
229,4.53254,-1.75065
230,4.53254,-1.75065
231,4.53254,-1.75065
232,4.53254,-1.75065
233,4.53254,-1.75065
234,4.53254,-1.75065
235,5.03414,-1.24905
236,5.03414,-1.24905
237,5.03414,-1.24905
238,4.39064,-1.89255
239,4.39064,-1.89255
240,4.39064,-1.89255
241,5.30039,-0.982794
242,5.30039,-0.982794
243,5.69518,-0.588003
244,5.69518,-0.588003
245,5.69518,-0.588003
246,5.69518,-0.588003
247,3.7296,-2.55359
248,3.7296,-2.55359
249,3.7296,-2.55359
250,3.7296,-2.55359
251,4.24874,-2.03444
252,5.17604,-1.10715
253,5.17604,-1.10715
254,5.17604,-1.10715
255,4.17197,-2.11122
256,4.17197,-2.11122
257,4.17197,-2.11122
258,4.17197,-2.11122
259,4.17197,-2.11122
260,4.17197,-2.11122
261,4.17197,-2.11122
262,4.17197,-2.11122
263,5.35589,-0.927295
264,5.35589,-0.927295
265,5.35589,-0.927295
266,5.63968,-0.643501
267,5.63968,-0.643501
268,5.74277,-0.54042
269,5.74277,-0.54042
270,5.90268,-0.380506
271,6.03821,-0.244979
272,6.03821,-0.244979
273,0.244979,0.244979
274,0.244979,0.244979
275,0.244979,0.244979
276,0.244979,0.244979
277,6.03821,-0.244979
278,6.03821,-0.244979
279,6.03821,-0.244979
280,0.244979,0.244979
281,0.244979,0.244979
282,1.10715,1.10715
283,1.10715,1.10715
284,0.463648,0.463648
285,5.69518,-0.588003
286,5.69518,-0.588003
287,5.69518,-0.588003
288,5.69518,-0.588003
289,5.69518,-0.588003
290,1.24905,1.24905
291,1.24905,1.24905
292,1.89255,1.89255
293,1.89255,1.89255
294,1.89255,1.89255
295,1.10715,1.10715
296,1.10715,1.10715
297,2.03444,2.03444
298,2.03444,2.03444
299,2.03444,2.03444
300,0.785398,0.785398
301,5.49779,-0.785398
302,5.49779,-0.785398
303,0.982794,0.982794
304,0.982794,0.982794
305,0.982794,0.982794
306,1.76819,1.76819
307,1.76819,1.76819
308,1.76819,1.76819
309,1.76819,1.76819
310,1.76819,1.76819
311,1.3734,1.3734
312,1.3734,1.3734
313,0.927295,0.927295
314,0.927295,0.927295
315,0.927295,0.927295
316,0.927295,0.927295
317,0.927295,0.927295
318,0.927295,0.927295
319,2.03444,2.03444
320,2.03444,2.03444
321,2.03444,2.03444
322,0.982794,0.982794
323,0.982794,0.982794
324,0.982794,0.982794
325,0.982794,0.982794
326,0.982794,0.982794
327,0.982794,0.982794
328,0.982794,0.982794
329,0.982794,0.982794
330,2.03444,2.03444
331,2.03444,2.03444
332,1.32582,1.32582
333,1.32582,1.32582
334,1.32582,1.32582
335,1.32582,1.32582
336,1.32582,1.32582
337,1.32582,1.32582
338,1.32582,1.32582
339,1.32582,1.32582
340,1.32582,1.32582
341,1.81577,1.81577
342,1.81577,1.81577
343,1.9513,1.9513
344,1.9513,1.9513
345,1.9513,1.9513
346,1.9513,1.9513
347,1.9513,1.9513
348,1.9513,1.9513
349,1.19029,1.19029
350,1.19029,1.19029
351,1.19029,1.19029
352,1.19029,1.19029
353,1.19029,1.19029
354,5.81954,-0.463648
355,5.81954,-0.463648
356,0.463648,0.463648
357,0.463648,0.463648
358,0.463648,0.463648
359,5.35589,-0.927295
360,5.35589,-0.927295
361,5.35589,-0.927295
362,5.35589,-0.927295
363,4.95737,-1.32582
364,4.95737,-1.32582
365,4.95737,-1.32582
366,4.95737,-1.32582
367,4.95737,-1.32582
368,4.95737,-1.32582
369,4.95737,-1.32582
370,4.39064,-1.89255
371,4.39064,-1.89255
372,4.39064,-1.89255
373,5.17604,-1.10715
374,5.17604,-1.10715
375,5.17604,-1.10715
376,4.24874,-2.03444
377,4.24874,-2.03444
378,4.24874,-2.03444
379,5.30039,-0.982794
380,5.30039,-0.982794
381,5.30039,-0.982794
382,4.87754,-1.40565
383,4.87754,-1.40565
384,4.87754,-1.40565
385,4.87754,-1.40565
386,4.87754,-1.40565
387,4.87754,-1.40565
388,5.63968,-0.643501
389,5.63968,-0.643501
390,5.63968,-0.643501
391,5.63968,-0.643501
392,5.63968,-0.643501
393,5.63968,-0.643501
394,5.63968,-0.643501
395,5.63968,-0.643501
396,5.63968,-0.643501
397,4.99069,-1.2925
398,4.99069,-1.2925
399,4.99069,-1.2925
400,4.99069,-1.2925
401,4.90978,-1.3734
402,4.90978,-1.3734
403,4.90978,-1.3734
404,4.90978,-1.3734
405,4.90978,-1.3734
406,5.30039,-0.982794
407,5.74277,-0.54042
408,5.74277,-0.54042
409,5.74277,-0.54042
410,5.74277,-0.54042
411,5.74277,-0.54042
412,0.694738,0.694738
413,0.694738,0.694738
414,0.694738,0.694738
415,0.694738,0.694738
416,0.694738,0.694738
417,0.694738,0.694738
418,0.694738,0.694738
419,0.694738,0.694738
420,0.694738,0.694738
421,0.694738,0.694738
422,0.244979,0.244979
423,0.244979,0.244979
424,0.244979,0.244979
425,0.244979,0.244979
426,0.588003,0.588003
427,0.588003,0.588003
428,0.588003,0.588003
429,0.588003,0.588003
430,5.81954,-0.463648
431,5.81954,-0.463648
432,5.81954,-0.463648
433,0.463648,0.463648
434,0.463648,0.463648
435,0.463648,0.463648
436,0.982794,0.982794
437,0.982794,0.982794
438,0.982794,0.982794
439,0.982794,0.982794
440,0.982794,0.982794
441,0.982794,0.982794
442,2.19105,2.19105
443,2.19105,2.19105
444,2.19105,2.19105
445,2.19105,2.19105
446,2.19105,2.19105
447,2.19105,2.19105
448,2.19105,2.19105
449,2.19105,2.19105
450,2.19105,2.19105
451,2.19105,2.19105
452,2.19105,2.19105
453,1.10715,1.10715
454,1.10715,1.10715
455,1.10715,1.10715
456,2.03444,2.03444
457,2.67795,2.67795
458,3.60524,-2.67795
459,3.60524,-2.67795
460,3.60524,-2.67795
461,2.1588,2.1588
462,2.1588,2.1588
463,2.1588,2.1588
464,2.1588,2.1588
465,2.1588,2.1588
466,2.1588,2.1588
467,0.785398,0.785398
468,0.785398,0.785398
469,2.35619,2.35619
470,2.35619,2.35619
471,2.35619,2.35619
472,3.92699,-2.35619
473,3.92699,-2.35619
474,2.35619,2.35619
475,2.35619,2.35619
476,2.35619,2.35619
477,2.35619,2.35619
478,2.35619,2.35619
479,2.35619,2.35619
480,2.35619,2.35619
481,2.35619,2.35619
482,2.35619,2.35619
483,2.35619,2.35619
484,2.35619,2.35619
485,2.35619,2.35619
486,2.35619,2.35619
487,0.785398,0.785398
488,0.785398,0.785398
489,2.55359,2.55359
490,2.55359,2.55359
491,2.55359,2.55359
492,2.55359,2.55359
493,2.55359,2.55359
494,2.1588,2.1588
495,2.1588,2.1588
496,1.10715,1.10715
497,0.588003,0.588003
498,0.588003,0.588003
499,0.588003,0.588003
500,0.982794,0.982794
501,1.24905,1.24905
502,1.24905,1.24905
503,1.24905,1.24905
504,0.982794,0.982794
505,0.982794,0.982794
506,0.982794,0.982794
507,1.32582,1.32582
508,1.32582,1.32582
509,1.32582,1.32582
510,1.32582,1.32582
511,1.32582,1.32582
512,1.32582,1.32582
513,2.2143,2.2143
514,2.2143,2.2143
515,2.2143,2.2143
516,2.2143,2.2143
517,2.2143,2.2143
518,2.2143,2.2143
519,2.11122,2.11122
520,2.11122,2.11122
521,1.9513,1.9513
522,1.68145,1.68145
523,1.68145,1.68145
524,1.68145,1.68145
525,1.68145,1.68145
526,1.68145,1.68145
527,1.68145,1.68145
528,1.68145,1.68145
529,1.68145,1.68145
530,1.68145,1.68145
531,1.68145,1.68145
532,1.68145,1.68145
533,1.68145,1.68145
534,1.68145,1.68145
535,1.3734,1.3734
536,1.3734,1.3734
537,1.3734,1.3734
538,1.3734,1.3734
539,1.76819,1.76819
540,1.76819,1.76819
541,1.76819,1.76819
542,1.76819,1.76819
543,1.76819,1.76819
544,1.48014,1.48014
545,1.48014,1.48014
546,1.48014,1.48014
547,1.48014,1.48014
548,1.48014,1.48014
549,1.48014,1.48014
550,1.48014,1.48014
551,1.48014,1.48014
552,1.48014,1.48014
553,1.48014,1.48014
554,1.48014,1.48014
555,1.48014,1.48014
556,1.48014,1.48014
557,1.48014,1.48014
558,1.39094,1.39094
559,1.39094,1.39094
560,1.39094,1.39094
561,1.3597,1.3597
562,1.3597,1.3597
563,1.3597,1.3597
564,1.3597,1.3597
565,1.3597,1.3597
566,1.3597,1.3597
567,1.3597,1.3597
568,1.3597,1.3597
569,1.3597,1.3597
570,1.3597,1.3597
571,1.3597,1.3597
572,1.3597,1.3597
573,1.3597,1.3597
574,1.3597,1.3597
575,0.982794,0.982794
576,0.982794,0.982794
577,0.982794,0.982794
578,1.3734,1.3734
579,1.3734,1.3734
580,1.3734,1.3734
581,1.76819,1.76819
582,1.76819,1.76819
583,1.76819,1.76819
584,1.76819,1.76819
585,1.76819,1.76819
586,1.76819,1.76819
587,1.35213,1.35213
588,1.35213,1.35213
589,1.35213,1.35213
590,1.35213,1.35213
591,1.35213,1.35213
592,1.35213,1.35213
593,1.35213,1.35213
594,1.19029,1.19029
595,1.19029,1.19029
596,1.19029,1.19029
597,0.643501,0.643501
598,0.643501,0.643501
599,0.643501,0.643501
600,0.643501,0.643501
601,0.927295,0.927295
602,0.927295,0.927295
603,0.927295,0.927295
604,2.1588,2.1588
605,2.1588,2.1588
606,2.1588,2.1588
607,2.1588,2.1588
608,2.1588,2.1588
609,1.03038,1.03038
610,1.03038,1.03038
611,1.03038,1.03038
612,1.03038,1.03038
613,1.03038,1.03038
614,1.03038,1.03038
615,1.03038,1.03038
616,1.24905,1.24905
617,1.24905,1.24905
618,1.89255,1.89255
619,1.89255,1.89255
620,1.89255,1.89255
621,1.32582,1.32582
622,1.32582,1.32582
623,1.32582,1.32582
624,1.32582,1.32582
625,1.32582,1.32582
626,1.32582,1.32582
627,1.19029,1.19029
628,1.19029,1.19029
629,1.03038,1.03038
630,1.03038,1.03038
631,1.03038,1.03038
632,1.03038,1.03038
633,1.24905,1.24905
634,1.24905,1.24905
635,1.24905,1.24905
636,0.876058,0.876058
637,0.876058,0.876058
638,0.876058,0.876058
639,0.876058,0.876058
640,0.876058,0.876058
641,0.876058,0.876058
642,0.876058,0.876058
643,0.876058,0.876058
644,0.876058,0.876058
645,1.32582,1.32582
646,1.32582,1.32582
647,1.32582,1.32582
648,1.32582,1.32582
649,1.1659,1.1659
650,1.1659,1.1659
651,1.1659,1.1659
652,1.1659,1.1659
653,1.1659,1.1659
654,1.1659,1.1659
655,1.1659,1.1659
656,1.32582,1.32582
657,1.32582,1.32582
658,1.32582,1.32582
659,1.32582,1.32582
660,1.19029,1.19029
661,1.19029,1.19029
662,1.03038,1.03038
663,0.927295,0.927295
664,0.927295,0.927295
665,0.927295,0.927295
666,0.927295,0.927295
667,0.927295,0.927295
668,1.24905,1.24905
669,1.24905,1.24905
670,1.24905,1.24905
671,0.982794,0.982794
672,0.588003,0.588003
673,0.588003,0.588003
674,5.81954,-0.463648
675,5.81954,-0.463648
676,5.81954,-0.463648
677,0.463648,0.463648
678,1.10715,1.10715
679,1.10715,1.10715
680,0.165149,0.165149
681,0.165149,0.165149
682,0.165149,0.165149
683,6.11804,-0.165149
684,6.11804,-0.165149
685,6.11804,-0.165149
686,6.00489,-0.2783
687,6.00489,-0.2783
688,6.00489,-0.2783
689,6.00489,-0.2783
690,5.58845,-0.694738
691,5.58845,-0.694738
692,5.58845,-0.694738
693,5.58845,-0.694738
694,5.58845,-0.694738
695,5.58845,-0.694738
696,5.58845,-0.694738
697,5.58845,-0.694738
698,5.58845,-0.694738
699,6.11804,-0.165149
700,6.11804,-0.165149
701,6.11804,-0.165149
702,0.165149,0.165149
703,0.165149,0.165149
704,0.165149,0.165149
705,0.643501,0.643501
706,0.643501,0.643501
707,0.927295,0.927295
708,0.927295,0.927295
709,1.32582,1.32582
710,1.32582,1.32582
711,1.32582,1.32582
712,1.32582,1.32582
713,0.927295,0.927295
714,0.927295,0.927295
715,0.643501,0.643501
716,0.643501,0.643501
717,0.0399787,0.0399787
718,0.0399787,0.0399787
719,0.0399787,0.0399787
720,0.0399787,0.0399787
721,0.0399787,0.0399787
722,0.0399787,0.0399787
723,0.0399787,0.0399787
724,0.0399787,0.0399787
725,0.0399787,0.0399787
726,0.0399787,0.0399787
727,0.0399787,0.0399787
728,0.0399787,0.0399787
729,0.0399787,0.0399787
730,0.0399787,0.0399787
731,0.0399787,0.0399787
732,0.0399787,0.0399787
733,0.0399787,0.0399787
734,0.0399787,0.0399787
735,0.0399787,0.0399787
736,0.0399787,0.0399787
737,0.0399787,0.0399787
738,0.0399787,0.0399787
739,0.0399787,0.0399787
740,0.0399787,0.0399787
741,0.0399787,0.0399787
742,0.380506,0.380506
743,0.380506,0.380506
744,0.380506,0.380506
745,0.380506,0.380506
746,0.165149,0.165149
747,0.165149,0.165149
748,0.165149,0.165149
749,0.165149,0.165149
750,0.165149,0.165149
751,0.165149,0.165149
752,0.2783,0.2783
753,0.2783,0.2783
754,0.2783,0.2783
755,0.2783,0.2783
756,0.2783,0.2783
757,0.197396,0.197396
758,0.197396,0.197396
759,0.197396,0.197396
760,6.08579,-0.197396
761,6.08579,-0.197396
762,4.82305,-1.46014
763,4.82305,-1.46014
764,4.82305,-1.46014
765,4.82305,-1.46014
766,4.82305,-1.46014
767,4.82305,-1.46014
768,4.82305,-1.46014
769,4.82305,-1.46014
770,4.82305,-1.46014
771,5.30039,-0.982794
772,5.30039,-0.982794
773,5.30039,-0.982794
774,5.0929,-1.19029
775,5.0929,-1.19029
776,5.0929,-1.19029
777,5.0929,-1.19029
778,5.0929,-1.19029
779,5.0929,-1.19029
780,5.96143,-0.321751
781,5.96143,-0.321751
782,5.96143,-0.321751
783,5.69518,-0.588003
784,5.69518,-0.588003
785,5.69518,-0.588003
786,4.12439,-2.1588
787,4.12439,-2.1588
788,4.12439,-2.1588
789,4.12439,-2.1588
790,5.30039,-0.982794
791,5.30039,-0.982794
792,5.30039,-0.982794
793,5.30039,-0.982794
794,4.80305,-1.48014
795,4.80305,-1.48014
796,4.80305,-1.48014
797,4.80305,-1.48014
798,4.80305,-1.48014
799,4.80305,-1.48014
800,4.62173,-1.66146
801,4.62173,-1.66146
802,4.62173,-1.66146
803,4.62173,-1.66146
804,4.62173,-1.66146
805,4.12439,-2.1588
806,4.12439,-2.1588
807,4.12439,-2.1588
808,4.12439,-2.1588
809,4.12439,-2.1588
810,4.12439,-2.1588
811,4.12439,-2.1588
812,5.0929,-1.19029
813,5.0929,-1.19029
814,5.0929,-1.19029
815,5.0929,-1.19029
816,4.80305,-1.48014
817,4.80305,-1.48014
818,4.80305,-1.48014
819,4.80305,-1.48014
820,4.80305,-1.48014
821,4.80305,-1.48014
822,4.62173,-1.66146
823,4.62173,-1.66146
824,4.62173,-1.66146
825,4.62173,-1.66146
826,4.62173,-1.66146
827,4.55974,-1.72345
828,4.55974,-1.72345
829,4.55974,-1.72345
830,4.55974,-1.72345
831,4.55974,-1.72345
832,4.55974,-1.72345
833,4.55974,-1.72345
834,4.55974,-1.72345
835,4.55974,-1.72345
836,4.55974,-1.72345
837,4.87754,-1.40565
838,4.87754,-1.40565
839,4.87754,-1.40565
840,4.87754,-1.40565
841,4.87754,-1.40565
842,4.54724,-1.73595
843,4.54724,-1.73595
844,4.54724,-1.73595
845,4.49372,-1.78947
846,4.49372,-1.78947
847,4.49372,-1.78947
848,4.49372,-1.78947
849,4.49372,-1.78947
850,4.17197,-2.11122
851,4.17197,-2.11122
852,4.17197,-2.11122
853,4.17197,-2.11122
854,4.17197,-2.11122
855,4.17197,-2.11122
856,4.17197,-2.11122
857,5.03414,-1.24905
858,5.03414,-1.24905
859,5.03414,-1.24905
860,5.03414,-1.24905
861,4.39064,-1.89255
862,4.12439,-2.1588
863,4.12439,-2.1588
864,4.12439,-2.1588
865,4.12439,-2.1588
866,5.49779,-0.785398
867,5.49779,-0.785398
868,4.24874,-2.03444
869,4.24874,-2.03444
870,5.17604,-1.10715
871,5.17604,-1.10715
872,5.17604,-1.10715
873,4.24874,-2.03444
874,3.60524,-2.67795
875,3.60524,-2.67795
876,3.60524,-2.67795
877,5.17604,-1.10715
878,5.17604,-1.10715
879,4.24874,-2.03444
880,4.24874,-2.03444
881,4.24874,-2.03444
882,5.81954,-0.463648
883,0.463648,0.463648
884,0.463648,0.463648
885,0.463648,0.463648
886,4.87754,-1.40565
887,4.87754,-1.40565
888,4.87754,-1.40565
889,4.54724,-1.73595
890,4.54724,-1.73595
891,4.54724,-1.73595
892,4.54724,-1.73595
893,4.54724,-1.73595
894,4.54724,-1.73595
895,4.54724,-1.73595
896,4.87754,-1.40565
897,4.87754,-1.40565
898,4.87754,-1.40565
899,4.87754,-1.40565
900,4.87754,-1.40565
901,3.92699,-2.35619
902,3.92699,-2.35619
903,4.87754,-1.40565
904,4.87754,-1.40565
905,4.87754,-1.40565
906,4.87754,-1.40565
907,4.54724,-1.73595
908,4.54724,-1.73595
909,4.54724,-1.73595
910,4.54724,-1.73595
911,4.54724,-1.73595
912,4.54724,-1.73595
913,5.03414,-1.24905
914,5.03414,-1.24905
915,5.03414,-1.24905
916,4.39064,-1.89255
917,4.39064,-1.89255
918,4.39064,-1.89255
919,4.39064,-1.89255
920,4.39064,-1.89255
921,4.12439,-2.1588
922,4.12439,-2.1588
923,4.12439,-2.1588
924,4.39064,-1.89255
925,4.39064,-1.89255
926,4.39064,-1.89255
927,4.06889,-2.2143
928,4.06889,-2.2143
929,3.78509,-2.49809
930,3.78509,-2.49809
931,3.78509,-2.49809
932,3.78509,-2.49809
933,3.78509,-2.49809
934,4.03765,-2.24554
935,4.03765,-2.24554
936,4.03765,-2.24554
937,4.03765,-2.24554
938,4.03765,-2.24554
939,4.03765,-2.24554
940,4.03765,-2.24554
941,4.03765,-2.24554
942,4.03765,-2.24554
943,4.03765,-2.24554
944,4.46741,-1.81577
945,4.46741,-1.81577
946,4.95737,-1.32582
947,4.95737,-1.32582
948,4.95737,-1.32582
949,4.95737,-1.32582
950,4.46741,-1.81577
951,4.46741,-1.81577
952,4.46741,-1.81577
953,4.46741,-1.81577
954,4.46741,-1.81577
955,3.46334,-2.81984
956,3.46334,-2.81984
957,3.46334,-2.81984
958,3.7296,-2.55359
959,3.7296,-2.55359
960,3.7296,-2.55359
961,5.81954,-0.463648
962,5.81954,-0.463648
963,4.95737,-1.32582
964,4.95737,-1.32582
965,4.43409,-1.8491
966,4.43409,-1.8491
967,4.43409,-1.8491
968,4.43409,-1.8491
969,4.43409,-1.8491
970,4.43409,-1.8491
971,4.43409,-1.8491
972,4.43409,-1.8491
973,5.17604,-1.10715
974,6.03821,-0.244979
975,6.03821,-0.244979
976,6.03821,-0.244979
977,6.03821,-0.244979
978,5.90268,-0.380506
979,5.90268,-0.380506
980,5.90268,-0.380506
981,5.90268,-0.380506
982,3.38657,-2.89661
983,3.38657,-2.89661
984,3.38657,-2.89661
985,3.38657,-2.89661
986,3.5221,-2.76109
987,3.5221,-2.76109
988,3.68201,-2.60117
989,3.68201,-2.60117
990,3.68201,-2.60117
991,3.68201,-2.60117
992,5.96143,-0.321751
993,5.96143,-0.321751
994,5.96143,-0.321751
995,5.63968,-0.643501
996,5.63968,-0.643501
997,5.35589,-0.927295
998,5.35589,-0.927295
999,5.35589,-0.927295
1000,4.24874,-2.03444
1001,4.24874,-2.03444
1002,4.24874,-2.03444
1003,6.03821,-0.244979
1004,6.03821,-0.244979
1005,6.03821,-0.244979
1006,6.03821,-0.244979
1007,5.17604,-1.10715
1008,4.46741,-1.81577
1009,4.46741,-1.81577
1010,4.46741,-1.81577
1011,4.46741,-1.81577
1012,4.46741,-1.81577
1013,4.46741,-1.81577
1014,4.46741,-1.81577
1015,4.46741,-1.81577
1016,5.30039,-0.982794
1017,5.30039,-0.982794
1018,5.69518,-0.588003
1019,5.69518,-0.588003
1020,5.69518,-0.588003
1021,5.69518,-0.588003
1022,4.24874,-2.03444
1023,4.24874,-2.03444
1024,5.17604,-1.10715
1025,5.96143,-0.321751
1026,5.96143,-0.321751
1027,5.96143,-0.321751
1028,5.69518,-0.588003
1029,5.69518,-0.588003
1030,5.69518,-0.588003
1031,3.46334,-2.81984
1032,3.46334,-2.81984
1033,3.46334,-2.81984
1034,4.24874,-2.03444
1035,5.30039,-0.982794
1036,5.30039,-0.982794
1037,5.30039,-0.982794
1038,5.30039,-0.982794
1039,0.785398,0.785398
1040,0.785398,0.785398
1041,0.785398,0.785398
1042,0.785398,0.785398
1043,5.49779,-0.785398
1044,4.12439,-2.1588
1045,4.12439,-2.1588
1046,4.12439,-2.1588
1047,4.12439,-2.1588
1048,4.12439,-2.1588
1049,4.12439,-2.1588
1050,4.39064,-1.89255
1051,4.39064,-1.89255
1052,5.03414,-1.24905
1053,5.03414,-1.24905
1054,5.03414,-1.24905
1055,4.24874,-2.03444
1056,4.24874,-2.03444
1057,5.03414,-1.24905
1058,5.03414,-1.24905
1059,5.03414,-1.24905
1060,5.03414,-1.24905
1061,5.03414,-1.24905
1062,5.81954,-0.463648
1063,5.81954,-0.463648
1064,5.35589,-0.927295
1065,5.35589,-0.927295
1066,5.35589,-0.927295
1067,5.35589,-0.927295
1068,5.63968,-0.643501
1069,5.63968,-0.643501
1070,5.74277,-0.54042
1071,5.74277,-0.54042
1072,5.90268,-0.380506
1073,5.90268,-0.380506
1074,5.90268,-0.380506
1075,5.90268,-0.380506
1076,5.90268,-0.380506
1077,5.90268,-0.380506
1078,0.588003,0.588003
1079,0.588003,0.588003
1080,0.982794,0.982794
1081,0.982794,0.982794
1082,1.81577,1.81577
1083,1.81577,1.81577
1084,1.81577,1.81577
1085,1.81577,1.81577
1086,1.32582,1.32582
1087,1.32582,1.32582
1088,1.19029,1.19029
1089,1.19029,1.19029
1090,1.19029,1.19029
1091,0.463648,0.463648
1092,0.463648,0.463648
1093,0.982794,0.982794
1094,0.982794,0.982794
1095,0.982794,0.982794
1096,0.982794,0.982794
1097,0.982794,0.982794
1098,0.982794,0.982794
1099,0.982794,0.982794
1100,0.463648,0.463648
1101,5.81954,-0.463648
1102,4.95737,-1.32582
1103,4.95737,-1.32582
1104,4.95737,-1.32582
1105,4.95737,-1.32582
1106,5.0929,-1.19029
1107,5.0929,-1.19029
1108,5.0929,-1.19029
1109,5.0929,-1.19029
1110,0.588003,0.588003
1111,0.588003,0.588003
1112,0.588003,0.588003
1113,0.588003,0.588003
1114,0.982794,0.982794
1115,1.49949,1.49949
1116,1.49949,1.49949
1117,1.49949,1.49949
1118,1.49949,1.49949
1119,1.49949,1.49949
1120,1.49949,1.49949
1121,1.49949,1.49949
1122,1.6421,1.6421
1123,1.6421,1.6421
1124,1.6421,1.6421
1125,1.6421,1.6421
1126,1.6421,1.6421
1127,1.6421,1.6421
1128,1.6421,1.6421
1129,1.6421,1.6421
1130,1.6421,1.6421
1131,1.6421,1.6421
1132,1.32582,1.32582
1133,1.32582,1.32582
1134,0.463648,0.463648
1135,0.463648,0.463648
1136,1.10715,1.10715
1137,1.10715,1.10715
1138,1.10715,1.10715
1139,5.76404,-0.519146
1140,5.76404,-0.519146
1141,5.76404,-0.519146
1142,5.76404,-0.519146
1143,5.76404,-0.519146
1144,5.76404,-0.519146
1145,5.76404,-0.519146
1146,5.76404,-0.519146
1147,5.76404,-0.519146
1148,5.76404,-0.519146
1149,0.463648,0.463648
1150,0.463648,0.463648
1151,0.463648,0.463648
1152,0.463648,0.463648
1153,1.10715,1.10715
1154,1.10715,1.10715
1155,0.165149,0.165149
1156,0.165149,0.165149
1157,0.165149,0.165149
1158,0.165149,0.165149
1159,0.165149,0.165149
1160,0.165149,0.165149
1161,1.24905,1.24905
1162,1.24905,1.24905
1163,1.9513,1.9513
1164,1.9513,1.9513
1165,1.9513,1.9513
1166,1.9513,1.9513
1167,1.9513,1.9513
1168,1.9513,1.9513
1169,1.9513,1.9513
1170,1.9513,1.9513
1171,2.2143,2.2143
1172,2.2143,2.2143
1173,2.2143,2.2143
1174,2.2143,2.2143
1175,2.2143,2.2143
1176,1.81577,1.81577
1177,1.81577,1.81577
1178,1.81577,1.81577
1179,1.81577,1.81577
1180,2.2143,2.2143
1181,2.2143,2.2143
1182,2.2143,2.2143
1183,2.2143,2.2143
1184,2.2143,2.2143
1185,2.2143,2.2143
1186,1.10715,1.10715
1187,1.10715,1.10715
1188,2.03444,2.03444
1189,2.03444,2.03444
1190,2.03444,2.03444
1191,1.10715,1.10715
1192,1.10715,1.10715
1193,2.11122,2.11122
1194,2.11122,2.11122
1195,2.11122,2.11122
1196,2.11122,2.11122
1197,2.11122,2.11122
1198,2.11122,2.11122
1199,2.11122,2.11122
1200,2.11122,2.11122
1201,1.10715,1.10715
1202,1.10715,1.10715
1203,1.89255,1.89255
1204,1.89255,1.89255
1205,1.89255,1.89255
1206,1.89255,1.89255
1207,1.24905,1.24905
1208,1.24905,1.24905
1209,1.24905,1.24905
1210,1.89255,1.89255
1211,1.89255,1.89255
1212,1.89255,1.89255
1213,1.24905,1.24905
1214,1.24905,1.24905
1215,1.24905,1.24905
1216,2.35619,2.35619
1217,2.35619,2.35619
1218,0.982794,0.982794
1219,0.982794,0.982794
1220,0.982794,0.982794
1221,1.24905,1.24905
1222,1.24905,1.24905
1223,1.81577,1.81577
1224,1.81577,1.81577
1225,1.81577,1.81577
1226,1.81577,1.81577
1227,1.32582,1.32582
1228,1.32582,1.32582
1229,0.463648,0.463648
1230,0.463648,0.463648
1231,0.463648,0.463648
1232,0.463648,0.463648
1233,5.49779,-0.785398
1234,5.49779,-0.785398
1235,1.32582,1.32582
1236,1.32582,1.32582
1237,1.81577,1.81577
1238,1.81577,1.81577
1239,2.67795,2.67795
1240,2.67795,2.67795
1241,2.03444,2.03444
1242,2.03444,2.03444
1243,2.46685,2.46685
1244,2.46685,2.46685
1245,2.46685,2.46685
1246,2.46685,2.46685
1247,2.46685,2.46685
1248,2.46685,2.46685
1249,2.46685,2.46685
1250,2.46685,2.46685
1251,2.46685,2.46685
1252,1.40565,1.40565
1253,1.40565,1.40565
1254,1.40565,1.40565
1255,1.40565,1.40565
1256,1.40565,1.40565
1257,1.40565,1.40565
1258,1.40565,1.40565
1259,0.982794,0.982794
1260,0.588003,0.588003
1261,0.321751,0.321751
1262,0.321751,0.321751
1263,0.321751,0.321751
1264,1.15257,1.15257
1265,1.15257,1.15257
1266,1.15257,1.15257
1267,1.15257,1.15257
1268,1.15257,1.15257
1269,1.15257,1.15257
1270,1.15257,1.15257
1271,1.15257,1.15257
1272,1.15257,1.15257
1273,1.32582,1.32582
1274,1.32582,1.32582
1275,1.32582,1.32582
1276,1.32582,1.32582
1277,1.32582,1.32582
1278,1.32582,1.32582
1279,1.89255,1.89255
1280,1.89255,1.89255
1281,1.89255,1.89255
1282,1.24905,1.24905
1283,0.982794,0.982794
1284,0.982794,0.982794
1285,0.982794,0.982794
1286,1.24905,1.24905
1287,1.24905,1.24905
1288,1.89255,1.89255
1289,1.89255,1.89255
1290,1.89255,1.89255
1291,0.463648,0.463648
1292,0.463648,0.463648
1293,1.10715,1.10715
1294,2.03444,2.03444
1295,2.81984,2.81984
1296,2.81984,2.81984
1297,2.81984,2.81984
1298,1.68145,1.68145
1299,1.68145,1.68145
1300,1.68145,1.68145
1301,1.68145,1.68145
1302,1.68145,1.68145
1303,1.68145,1.68145
1304,1.68145,1.68145
1305,1.68145,1.68145
1306,1.68145,1.68145
1307,1.68145,1.68145
1308,1.68145,1.68145
1309,1.68145,1.68145
1310,1.68145,1.68145
1311,1.5153,1.5153
1312,1.5153,1.5153
1313,1.5153,1.5153
1314,1.5153,1.5153
1315,1.5153,1.5153
1316,1.5153,1.5153
1317,1.5153,1.5153
1318,1.5153,1.5153
1319,1.5153,1.5153
1320,1.5153,1.5153
1321,1.5153,1.5153
1322,1.5153,1.5153
1323,1.5153,1.5153
1324,1.5153,1.5153
1325,1.5153,1.5153
1326,1.5153,1.5153
1327,1.5153,1.5153
1328,1.5153,1.5153
1329,1.5153,1.5153
1330,1.5153,1.5153
1331,1.5153,1.5153
1332,1.5153,1.5153
1333,1.39094,1.39094
1334,1.39094,1.39094
1335,1.39094,1.39094
1336,1.39094,1.39094
1337,1.39094,1.39094
1338,1.39094,1.39094
1339,1.39094,1.39094
1340,1.4289,1.4289
1341,1.4289,1.4289
1342,1.4289,1.4289
1343,1.4289,1.4289
1344,1.4289,1.4289
1345,1.4289,1.4289
1346,1.4289,1.4289
1347,1.3597,1.3597
1348,1.3597,1.3597
1349,1.3597,1.3597
1350,1.3597,1.3597
1351,1.3597,1.3597
1352,1.3597,1.3597
1353,1.3597,1.3597
1354,1.3597,1.3597
1355,1.3597,1.3597
1356,1.3597,1.3597
1357,1.3597,1.3597
1358,1.3597,1.3597
1359,1.3597,1.3597
1360,1.3597,1.3597
1361,1.3597,1.3597
1362,1.76819,1.76819
1363,1.76819,1.76819
1364,2.1588,2.1588
1365,2.1588,2.1588
1366,2.1588,2.1588
1367,1.8491,1.8491
1368,1.8491,1.8491
1369,1.8491,1.8491
1370,1.8491,1.8491
1371,1.8491,1.8491
1372,1.8491,1.8491
1373,1.27934,1.27934
1374,1.27934,1.27934
1375,1.27934,1.27934
1376,1.27934,1.27934
1377,1.27934,1.27934
1378,1.27934,1.27934
1379,1.27934,1.27934
1380,1.27934,1.27934
1381,1.27934,1.27934
1382,1.27934,1.27934
1383,1.27934,1.27934
1384,1.40565,1.40565
1385,1.40565,1.40565
1386,1.40565,1.40565
1387,1.40565,1.40565
1388,1.40565,1.40565
1389,1.40565,1.40565
1390,0.982794,0.982794
1391,0.982794,0.982794
1392,0.982794,0.982794
1393,1.35213,1.35213
1394,1.35213,1.35213
1395,1.35213,1.35213
1396,1.35213,1.35213
1397,1.35213,1.35213
1398,1.44644,1.44644
1399,1.44644,1.44644
1400,1.44644,1.44644
1401,1.44644,1.44644
1402,1.44644,1.44644
1403,1.44644,1.44644
1404,1.44644,1.44644
1405,1.44644,1.44644
1406,1.2925,1.2925
1407,1.2925,1.2925
1408,1.2925,1.2925
1409,1.2925,1.2925
1410,1.2925,1.2925
1411,1.3734,1.3734
1412,1.3734,1.3734
1413,1.3734,1.3734
1414,1.3734,1.3734
1415,1.3734,1.3734
1416,1.3734,1.3734
1417,1.3734,1.3734
1418,1.3734,1.3734
1419,1.3734,1.3734
1420,1.3734,1.3734
1421,1.3734,1.3734
1422,0.694738,0.694738
1423,0.694738,0.694738
1424,0.694738,0.694738
1425,0.694738,0.694738
1426,0.694738,0.694738
1427,0.694738,0.694738
1428,0.694738,0.694738
1429,0.694738,0.694738
1430,0.694738,0.694738
1431,0.694738,0.694738
1432,0.694738,0.694738
1433,0.694738,0.694738
1434,0.694738,0.694738
1435,0.694738,0.694738
1436,0.896055,0.896055
1437,0.896055,0.896055
1438,0.896055,0.896055
1439,0.896055,0.896055
1440,0.896055,0.896055
1441,0.896055,0.896055
1442,0.896055,0.896055
1443,0.896055,0.896055
1444,0.896055,0.896055
1445,0.896055,0.896055
1446,1.24905,1.24905
1447,1.24905,1.24905
1448,1.24905,1.24905
1449,1.24905,1.24905
1450,1.24905,1.24905
1451,1.24905,1.24905
1452,1.24905,1.24905
1453,1.0637,1.0637
1454,1.0637,1.0637
1455,1.0637,1.0637
1456,1.0637,1.0637
1457,1.0637,1.0637
1458,1.0637,1.0637
1459,1.0637,1.0637
1460,1.0637,1.0637
1461,1.15257,1.15257
1462,1.15257,1.15257
1463,1.15257,1.15257
1464,1.15257,1.15257
1465,1.40565,1.40565
1466,1.40565,1.40565
1467,1.40565,1.40565
1468,1.75065,1.75065
1469,1.75065,1.75065
1470,1.75065,1.75065
1471,1.75065,1.75065
1472,1.75065,1.75065
1473,1.75065,1.75065
1474,1.75065,1.75065
1475,1.75065,1.75065
1476,1.75065,1.75065
1477,1.92957,1.92957
1478,1.92957,1.92957
1479,1.92957,1.92957
1480,1.92957,1.92957
1481,1.92957,1.92957
1482,1.92957,1.92957
1483,1.92957,1.92957
1484,1.92957,1.92957
1485,1.92957,1.92957
1486,1.92957,1.92957
1487,1.92957,1.92957
1488,1.97569,1.97569
1489,1.97569,1.97569
1490,1.97569,1.97569
1491,2.08994,2.08994
1492,2.08994,2.08994
1493,2.08994,2.08994
1494,2.2143,2.2143
1495,2.2143,2.2143
1496,2.2143,2.2143
1497,2.2143,2.2143
1498,2.2143,2.2143
1499,3.92699,-2.35619
1500,3.92699,-2.35619
1501,2.11122,2.11122
1502,2.11122,2.11122
1503,2.11122,2.11122
1504,2.11122,2.11122
1505,2.11122,2.11122
1506,2.11122,2.11122
1507,2.11122,2.11122
1508,1.9513,1.9513
1509,1.76819,1.76819
1510,1.76819,1.76819
1511,1.76819,1.76819
1512,1.3734,1.3734
1513,1.3734,1.3734
1514,1.1659,1.1659
1515,1.1659,1.1659
1516,1.1659,1.1659
1517,1.05165,1.05165
1518,1.05165,1.05165
1519,1.05165,1.05165
1520,0.876058,0.876058
1521,0.876058,0.876058
1522,0.876058,0.876058
1523,0.876058,0.876058
1524,0.876058,0.876058
1525,0.876058,0.876058
1526,0.876058,0.876058
1527,0.876058,0.876058
1528,0.876058,0.876058
1529,0.950547,0.950547
1530,0.950547,0.950547
1531,0.950547,0.950547
1532,0.950547,0.950547
1533,0.950547,0.950547
1534,1.24905,1.24905
1535,1.24905,1.24905
1536,1.24905,1.24905
1537,0.982794,0.982794
1538,0.982794,0.982794
1539,0.982794,0.982794
1540,1.24905,1.24905
1541,1.24905,1.24905
1542,1.24905,1.24905
1543,0.896055,0.896055
1544,0.896055,0.896055
1545,0.896055,0.896055
1546,0.896055,0.896055
1547,0.896055,0.896055
1548,0.896055,0.896055
1549,0.896055,0.896055
1550,0.896055,0.896055
1551,0.896055,0.896055
1552,0.896055,0.896055
1553,0.896055,0.896055
1554,0.896055,0.896055
1555,0.896055,0.896055
1556,0.896055,0.896055
1557,6.11804,-0.165149
1558,6.11804,-0.165149
1559,6.11804,-0.165149
1560,6.11804,-0.165149
1561,0.165149,0.165149
1562,0.165149,0.165149
1563,0.165149,0.165149
1564,1.32582,1.32582
1565,1.32582,1.32582
1566,1.32582,1.32582
1567,1.32582,1.32582
1568,1.32582,1.32582
1569,1.32582,1.32582
1570,1.32582,1.32582
1571,1.81577,1.81577
1572,1.81577,1.81577
1573,1.81577,1.81577
1574,1.81577,1.81577
1575,1.81577,1.81577
1576,1.24905,1.24905
1577,0.927295,0.927295
1578,0.927295,0.927295
1579,0.927295,0.927295
1580,0.927295,0.927295
1581,0.927295,0.927295
1582,0.927295,0.927295
1583,0.927295,0.927295
1584,0.927295,0.927295
1585,0.927295,0.927295
1586,0.927295,0.927295
1587,0.927295,0.927295
1588,0.927295,0.927295
1589,1.00748,1.00748
1590,1.00748,1.00748
1591,1.00748,1.00748
1592,1.00748,1.00748
1593,1.00748,1.00748
1594,1.00748,1.00748
1595,1.00748,1.00748
1596,1.00748,1.00748
1597,1.00748,1.00748
1598,1.00748,1.00748
1599,1.00748,1.00748
1600,1.00748,1.00748
1601,1.00748,1.00748
1602,1.00748,1.00748
1603,1.00748,1.00748
1604,1.00748,1.00748
1605,1.00748,1.00748
1606,1.00748,1.00748
1607,0.999459,0.999459
1608,0.999459,0.999459
1609,0.999459,0.999459
1610,0.999459,0.999459
1611,0.999459,0.999459
1612,0.999459,0.999459
1613,0.999459,0.999459
1614,0.999459,0.999459
1615,0.999459,0.999459
1616,0.999459,0.999459
1617,0.999459,0.999459
1618,0.999459,0.999459
1619,0.999459,0.999459
1620,0.999459,0.999459
1621,0.999459,0.999459
1622,0.999459,0.999459
1623,0.999459,0.999459
1624,0.999459,0.999459
1625,1.00748,1.00748
1626,1.00748,1.00748
1627,1.00748,1.00748
1628,1.00748,1.00748
1629,1.00748,1.00748
1630,1.00748,1.00748
1631,1.00748,1.00748
1632,1.01649,1.01649
1633,1.01649,1.01649
1634,1.01649,1.01649
1635,1.01649,1.01649
1636,1.01649,1.01649
1637,1.01649,1.01649
1638,1.02401,1.02401
1639,1.02401,1.02401
1640,1.02401,1.02401
1641,1.02401,1.02401
1642,1.02401,1.02401
1643,1.02401,1.02401
1644,1.02401,1.02401
1645,1.02401,1.02401
1646,1.02401,1.02401
1647,1.02401,1.02401
1648,1.02401,1.02401
1649,1.02401,1.02401
1650,1.02401,1.02401
1651,1.02401,1.02401
1652,1.02401,1.02401
1653,1.02401,1.02401
1654,1.02401,1.02401
1655,1.02401,1.02401
1656,1.02401,1.02401
1657,1.02401,1.02401
1658,1.02401,1.02401
1659,1.02401,1.02401
1660,1.02401,1.02401
1661,1.02401,1.02401
1662,1.02401,1.02401
1663,1.02401,1.02401
1664,1.02401,1.02401
1665,1.02401,1.02401
1666,1.02401,1.02401
1667,1.01649,1.01649
1668,1.01649,1.01649
1669,1.01649,1.01649
1670,1.01649,1.01649
1671,1.01649,1.01649
1672,1.01649,1.01649
1673,1.01649,1.01649
1674,1.00748,1.00748
1675,1.00748,1.00748
1676,1.00748,1.00748
1677,1.00748,1.00748
1678,1.00748,1.00748
1679,1.00748,1.00748
1680,0.999459,0.999459
1681,0.999459,0.999459
1682,0.999459,0.999459
1683,0.999459,0.999459
1684,0.999459,0.999459
1685,0.999459,0.999459
1686,0.999459,0.999459
1687,0.999459,0.999459
1688,0.965252,0.965252
1689,0.965252,0.965252
1690,0.965252,0.965252
1691,0.965252,0.965252
1692,0.965252,0.965252
1693,0.965252,0.965252
1694,0.965252,0.965252
1695,0.942,0.942
1696,0.942,0.942
1697,0.942,0.942
1698,0.942,0.942
1699,0.902507,0.902507
1700,0.902507,0.902507
1701,0.902507,0.902507
1702,0.902507,0.902507
1703,0.902507,0.902507
1704,0.902507,0.902507
1705,0.902507,0.902507
1706,0.902507,0.902507
1707,0.902507,0.902507
1708,0.902507,0.902507
1709,0.902507,0.902507
1710,0.902507,0.902507
1711,0.902507,0.902507
1712,0.902507,0.902507
1713,0.902507,0.902507
1714,0.902507,0.902507
1715,0.902507,0.902507
1716,0.902507,0.902507
1717,0.902507,0.902507
1718,0.902507,0.902507
1719,0.902507,0.902507
1720,0.902507,0.902507
1721,0.902507,0.902507
1722,0.902507,0.902507
1723,0.902507,0.902507
1724,0.902507,0.902507
1725,0.902507,0.902507
1726,0.902507,0.902507
1727,0.902507,0.902507
1728,0.902507,0.902507
1729,0.902507,0.902507
1730,0.902507,0.902507
1731,0.902507,0.902507
1732,0.902507,0.902507
1733,0.902507,0.902507
1734,0.902507,0.902507
1735,0.902507,0.902507
1736,0.902507,0.902507
1737,0.902507,0.902507
1738,0.902507,0.902507
1739,0.902507,0.902507
1740,0.902507,0.902507
1741,0.902507,0.902507
1742,0.902507,0.902507
1743,0.950547,0.950547
1744,0.950547,0.950547
1745,0.950547,0.950547
1746,0.950547,0.950547
1747,0.950547,0.950547
1748,0.950547,0.950547
1749,0.950547,0.950547
1750,0.896055,0.896055
1751,0.896055,0.896055
1752,0.896055,0.896055
1753,0.896055,0.896055
1754,0.896055,0.896055
1755,0.896055,0.896055
1756,0.896055,0.896055
1757,0.950547,0.950547
1758,0.950547,0.950547
1759,0.950547,0.950547
1760,0.950547,0.950547
1761,0.950547,0.950547
1762,0.950547,0.950547
1763,0.950547,0.950547
1764,0.950547,0.950547
1765,0.950547,0.950547
1766,0.950547,0.950547
1767,0.950547,0.950547
1768,0.950547,0.950547
1769,1.0122,1.0122
1770,1.0122,1.0122
1771,1.0122,1.0122
1772,1.0122,1.0122
1773,1.0122,1.0122
1774,1.0122,1.0122
1775,1.0122,1.0122
1776,1.0122,1.0122
1777,0.950547,0.950547
1778,0.950547,0.950547
1779,0.896055,0.896055
1780,0.896055,0.896055
1781,0.896055,0.896055
1782,0.674741,0.674741
1783,0.674741,0.674741
1784,0.674741,0.674741
1785,0.321751,0.321751
1786,0.321751,0.321751
1787,5.96143,-0.321751
1788,4.87754,-1.40565
1789,4.87754,-1.40565
1790,4.87754,-1.40565
1791,4.87754,-1.40565
1792,4.87754,-1.40565
1793,4.87754,-1.40565
1794,5.0929,-1.19029
1795,5.0929,-1.19029
1796,5.25281,-1.03038
1797,5.40713,-0.876058
1798,5.40713,-0.876058
1799,5.40713,-0.876058
1800,5.40713,-0.876058
1801,5.58845,-0.694738
1802,5.58845,-0.694738
1803,5.58845,-0.694738
1804,5.58845,-0.694738
1805,6.03821,-0.244979
1806,6.03821,-0.244979
1807,0.244979,0.244979
1808,0.244979,0.244979
1809,0.380506,0.380506
1810,0.380506,0.380506
1811,0.54042,0.54042
1812,0.674741,0.674741
1813,0.674741,0.674741
1814,0.674741,0.674741
1815,0.909753,0.909753
1816,0.909753,0.909753
1817,0.909753,0.909753
1818,0.909753,0.909753
1819,0.909753,0.909753
1820,0.909753,0.909753
1821,0.909753,0.909753
1822,0.909753,0.909753
1823,0.909753,0.909753
1824,0.909753,0.909753
1825,1.32582,1.32582
1826,1.32582,1.32582
1827,1.81577,1.81577
1828,1.81577,1.81577
1829,2.1588,2.1588
1830,2.1588,2.1588
1831,2.1588,2.1588
1832,2.1588,2.1588
1833,2.1588,2.1588
1834,2.1588,2.1588
1835,2.1588,2.1588
1836,2.1588,2.1588
1837,1.89255,1.89255
1838,1.89255,1.89255
1839,1.24905,1.24905
1840,0.982794,0.982794
1841,0.982794,0.982794
1842,0.982794,0.982794
1843,1.44644,1.44644
1844,1.44644,1.44644
1845,1.44644,1.44644
1846,1.44644,1.44644
1847,1.69515,1.69515
1848,1.69515,1.69515
1849,1.69515,1.69515
1850,1.69515,1.69515
1851,1.69515,1.69515
1852,1.69515,1.69515
1853,1.10715,1.10715
1854,0.463648,0.463648
1855,0.463648,0.463648
1856,1.3734,1.3734
1857,1.3734,1.3734
1858,1.3734,1.3734
1859,1.3734,1.3734
1860,1.3734,1.3734
1861,0.927295,0.927295
1862,0.927295,0.927295
1863,0.927295,0.927295
1864,0.927295,0.927295
1865,0.927295,0.927295
1866,1.24905,1.24905
1867,1.24905,1.24905
1868,1.24905,1.24905
1869,0.982794,0.982794
1870,0.588003,0.588003
1871,0.321751,0.321751
1872,0.321751,0.321751
1873,0.321751,0.321751
1874,0.321751,0.321751
1875,2.67795,2.67795
1876,2.67795,2.67795
1877,2.03444,2.03444
1878,0.927295,0.927295
1879,0.927295,0.927295
1880,0.927295,0.927295
1881,0.620249,0.620249
1882,0.620249,0.620249
1883,0.620249,0.620249
1884,0.620249,0.620249
1885,0.620249,0.620249
1886,0.558599,0.558599
1887,0.558599,0.558599
1888,0.558599,0.558599
1889,0.558599,0.558599
1890,0.558599,0.558599
1891,0.558599,0.558599
1892,0.558599,0.558599
1893,0.643501,0.643501
1894,0.643501,0.643501
1895,0.643501,0.643501
1896,0.643501,0.643501
1897,0.643501,0.643501
1898,0.54042,0.54042
1899,0.54042,0.54042
1900,0.54042,0.54042
1901,0.54042,0.54042
1902,0.54042,0.54042
1903,0.54042,0.54042
1904,0.54042,0.54042
1905,0.54042,0.54042
1906,0.54042,0.54042
1907,0.54042,0.54042
1908,0.54042,0.54042
1909,2.55359,2.55359
1910,2.55359,2.55359
1911,3.07502,3.07502
1912,3.07502,3.07502
1913,3.07502,3.07502
1914,3.07502,3.07502
1915,3.07502,3.07502
1916,3.07502,3.07502
1917,3.07502,3.07502
1918,3.07502,3.07502
1919,3.20816,-3.07502
1920,3.20816,-3.07502
1921,3.20816,-3.07502
1922,3.20816,-3.07502
1923,3.20816,-3.07502
1924,3.20816,-3.07502
1925,3.20816,-3.07502
1926,3.20816,-3.07502
1927,3.20816,-3.07502
1928,3.20816,-3.07502
1929,3.20816,-3.07502
1930,2.97644,2.97644
1931,2.97644,2.97644
1932,2.97644,2.97644
1933,2.55359,2.55359
1934,2.1588,2.1588
1935,1.68791,1.68791
1936,1.68791,1.68791
1937,1.68791,1.68791
1938,1.68791,1.68791
1939,1.68791,1.68791
1940,1.68791,1.68791
1941,1.68791,1.68791
1942,1.68791,1.68791
1943,1.68791,1.68791
1944,1.65394,1.65394
1945,1.65394,1.65394
1946,1.65394,1.65394
1947,1.65394,1.65394
1948,1.65394,1.65394
1949,1.65394,1.65394
1950,1.48766,1.48766
1951,1.48766,1.48766
1952,1.48766,1.48766
1953,1.48766,1.48766
1954,1.48766,1.48766
1955,1.48766,1.48766
1956,1.48766,1.48766
1957,1.48766,1.48766
1958,2.55359,2.55359
1959,2.55359,2.55359
1960,2.55359,2.55359
1961,2.55359,2.55359
1962,2.55359,2.55359
1963,2.9442,2.9442
1964,2.9442,2.9442
1965,2.9442,2.9442
1966,3.33899,-2.9442
1967,3.33899,-2.9442
1968,4.33188,-1.9513
1969,4.33188,-1.9513
1970,4.33188,-1.9513
1971,4.61272,-1.67046
1972,4.61272,-1.67046
1973,4.61272,-1.67046
1974,4.61272,-1.67046
1975,4.61272,-1.67046
1976,4.61272,-1.67046
1977,4.61272,-1.67046
1978,4.61272,-1.67046
1979,4.61272,-1.67046
1980,4.61272,-1.67046
1981,4.03765,-2.24554
1982,4.03765,-2.24554
1983,4.03765,-2.24554
1984,3.81633,-2.46685
1985,3.81633,-2.46685
1986,3.81633,-2.46685
1987,3.38657,-2.89661
1988,3.38657,-2.89661
1989,2.89661,2.89661
1990,2.89661,2.89661
1991,2.46685,2.46685
1992,2.46685,2.46685
1993,2.46685,2.46685
1994,2.24554,2.24554
1995,2.24554,2.24554
1996,2.24554,2.24554
1997,2.11122,2.11122
1998,2.11122,2.11122
1999,1.9513,1.9513
2000,1.68145,1.68145
2001,1.68145,1.68145
2002,1.68145,1.68145
2003,1.68145,1.68145
2004,1.68145,1.68145
2005,1.68145,1.68145
2006,1.68145,1.68145
2007,1.68145,1.68145
2008,1.68145,1.68145
2009,2.2143,2.2143
2010,2.2143,2.2143
2011,2.49809,2.49809
2012,2.49809,2.49809
2013,2.81984,2.81984
2014,2.81984,2.81984
2015,2.81984,2.81984
2016,2.81984,2.81984
2017,2.81984,2.81984
2018,4.06889,-2.2143
2019,4.06889,-2.2143
2020,4.06889,-2.2143
2021,4.06889,-2.2143
2022,4.58803,-1.69515
2023,4.58803,-1.69515
2024,4.58803,-1.69515
2025,4.58803,-1.69515
2026,4.77896,-1.50423
2027,4.77896,-1.50423
2028,4.77896,-1.50423
2029,4.77896,-1.50423
2030,4.77896,-1.50423
2031,4.77896,-1.50423
2032,4.77896,-1.50423
2033,4.77896,-1.50423
2034,4.77896,-1.50423
2035,4.77896,-1.50423
2036,4.77896,-1.50423
2037,4.77896,-1.50423
2038,4.77896,-1.50423
2039,4.64582,-1.63736
2040,4.64582,-1.63736
2041,4.64582,-1.63736
2042,4.64582,-1.63736
2043,4.64582,-1.63736
2044,4.64582,-1.63736
2045,4.64582,-1.63736
2046,4.12439,-2.1588
2047,4.12439,-2.1588
2048,4.12439,-2.1588
2049,2.1588,2.1588
2050,2.1588,2.1588
2051,1.89255,1.89255
2052,1.89255,1.89255
2053,1.89255,1.89255
2054,2.24554,2.24554
2055,2.24554,2.24554
2056,2.24554,2.24554
2057,2.24554,2.24554
2058,2.24554,2.24554
2059,2.24554,2.24554
2060,2.24554,2.24554
2061,3.60524,-2.67795
2062,3.60524,-2.67795
2063,2.76109,2.76109
2064,2.76109,2.76109
2065,2.76109,2.76109
2066,2.76109,2.76109
2067,2.76109,2.76109
2068,2.97644,2.97644
2069,2.97644,2.97644
2070,2.97644,2.97644
2071,3.30674,-2.97644
2072,3.30674,-2.97644
2073,3.30674,-2.97644
2074,4.51499,-1.76819
2075,4.51499,-1.76819
2076,4.51499,-1.76819
2077,4.90978,-1.3734
2078,4.90978,-1.3734
2079,4.99069,-1.2925
2080,4.99069,-1.2925
2081,5.07116,-1.21203
2082,5.07116,-1.21203
2083,5.07116,-1.21203
2084,5.07116,-1.21203
2085,5.07116,-1.21203
2086,5.07116,-1.21203
2087,1.10715,1.10715
2088,1.10715,1.10715
2089,1.10715,1.10715
2090,5.25281,-1.03038
2091,5.25281,-1.03038
2092,5.25281,-1.03038
2093,5.25281,-1.03038
2094,5.25281,-1.03038
2095,5.25281,-1.03038
2096,5.25281,-1.03038
2097,5.35589,-0.927295
2098,5.35589,-0.927295
2099,5.63968,-0.643501
2100,5.63968,-0.643501
2101,5.63968,-0.643501
2102,5.63968,-0.643501
2103,5.63968,-0.643501
2104,5.63968,-0.643501
2105,5.63968,-0.643501
2106,3.60524,-2.67795
2107,3.60524,-2.67795
2108,3.60524,-2.67795
2109,5.49779,-0.785398
2110,5.49779,-0.785398
2111,5.49779,-0.785398
2112,5.49779,-0.785398
2113,5.49779,-0.785398
2114,5.49779,-0.785398
2115,4.09214,-2.19105
2116,4.09214,-2.19105
2117,4.09214,-2.19105
2118,4.09214,-2.19105
2119,4.09214,-2.19105
2120,4.09214,-2.19105
2121,4.09214,-2.19105
2122,4.09214,-2.19105
2123,3.97457,-2.30861
2124,3.97457,-2.30861
2125,3.97457,-2.30861
2126,3.97457,-2.30861
2127,3.97457,-2.30861
2128,3.97457,-2.30861
2129,3.97457,-2.30861
2130,3.97457,-2.30861
2131,3.97457,-2.30861
2132,3.87941,-2.40378
2133,3.87941,-2.40378
2134,3.87941,-2.40378
2135,3.87941,-2.40378
2136,3.87941,-2.40378
2137,3.87941,-2.40378
2138,3.87941,-2.40378
2139,3.87941,-2.40378
2140,3.87941,-2.40378
2141,3.33899,-2.9442
2142,3.33899,-2.9442
2143,3.33899,-2.9442
2144,3.33899,-2.9442
2145,3.33899,-2.9442
2146,3.5221,-2.76109
2147,3.5221,-2.76109
2148,3.68201,-2.60117
2149,3.81633,-2.46685
2150,3.81633,-2.46685
2151,3.81633,-2.46685
2152,4.03765,-2.24554
2153,4.03765,-2.24554
2154,4.03765,-2.24554
2155,4.39064,-1.89255
2156,4.39064,-1.89255
2157,4.39064,-1.89255
2158,4.03765,-2.24554
2159,4.03765,-2.24554
2160,4.03765,-2.24554
2161,3.81633,-2.46685
2162,3.81633,-2.46685
2163,3.81633,-2.46685
2164,3.66074,-2.62245
2165,3.66074,-2.62245
2166,3.66074,-2.62245
2167,3.66074,-2.62245
2168,3.66074,-2.62245
2169,3.66074,-2.62245
2170,3.66074,-2.62245
2171,3.66074,-2.62245
2172,3.83633,-2.44685
2173,3.83633,-2.44685
2174,3.83633,-2.44685
2175,3.83633,-2.44685
2176,4.01765,-2.26553
2177,4.01765,-2.26553
2178,4.01765,-2.26553
2179,4.01765,-2.26553
2180,4.01765,-2.26553
2181,4.01765,-2.26553
2182,3.60524,-2.67795
2183,3.60524,-2.67795
2184,3.60524,-2.67795
2185,3.60524,-2.67795
2186,3.60524,-2.67795
2187,3.60524,-2.67795
2188,3.60524,-2.67795
2189,3.60524,-2.67795
2190,4.46741,-1.81577
2191,4.46741,-1.81577
2192,4.46741,-1.81577
2193,4.46741,-1.81577
2194,3.7296,-2.55359
2195,3.7296,-2.55359
2196,3.7296,-2.55359
2197,4.12439,-2.1588
2198,4.39064,-1.89255
2199,4.39064,-1.89255
2200,4.39064,-1.89255
2201,4.01765,-2.26553
2202,4.01765,-2.26553
2203,4.01765,-2.26553
2204,4.01765,-2.26553
2205,3.83633,-2.44685
2206,3.83633,-2.44685
2207,3.83633,-2.44685
2208,3.83633,-2.44685
2209,3.83633,-2.44685
2210,3.83633,-2.44685
2211,4.06889,-2.2143
2212,4.06889,-2.2143
2213,4.06889,-2.2143
2214,4.06889,-2.2143
2215,3.76184,-2.52134
2216,3.76184,-2.52134
2217,3.76184,-2.52134
2218,3.76184,-2.52134
2219,3.76184,-2.52134
2220,3.76184,-2.52134
2221,3.76184,-2.52134
2222,3.76184,-2.52134
2223,3.76184,-2.52134
2224,3.76184,-2.52134
2225,3.76184,-2.52134
2226,4.06889,-2.2143
2227,4.06889,-2.2143
2228,4.06889,-2.2143
2229,4.06889,-2.2143
2230,4.06889,-2.2143
2231,3.7296,-2.55359
2232,3.7296,-2.55359
2233,3.7296,-2.55359
2234,4.06889,-2.2143
2235,4.06889,-2.2143
2236,4.06889,-2.2143
2237,4.06889,-2.2143
2238,3.78509,-2.49809
2239,3.78509,-2.49809
2240,3.78509,-2.49809
2241,3.78509,-2.49809
2242,4.03765,-2.24554
2243,4.03765,-2.24554
2244,4.03765,-2.24554
2245,4.03765,-2.24554
2246,4.03765,-2.24554
2247,3.81633,-2.46685
2248,3.81633,-2.46685
2249,3.81633,-2.46685
2250,3.81633,-2.46685
2251,3.81633,-2.46685
2252,4.39064,-1.89255
2253,4.39064,-1.89255
2254,4.39064,-1.89255
2255,3.95263,-2.33056
2256,3.95263,-2.33056
2257,3.95263,-2.33056
2258,3.95263,-2.33056
2259,3.95263,-2.33056
2260,3.95263,-2.33056
2261,3.95263,-2.33056
2262,3.95263,-2.33056
2263,3.95263,-2.33056
2264,3.95263,-2.33056
2265,3.95263,-2.33056
2266,3.95263,-2.33056
2267,3.95263,-2.33056
2268,3.95263,-2.33056
2269,3.95263,-2.33056
2270,3.95263,-2.33056
2271,3.95263,-2.33056
2272,3.95263,-2.33056
2273,3.90136,-2.38183
2274,3.90136,-2.38183
2275,3.90136,-2.38183
2276,3.90136,-2.38183
2277,3.90136,-2.38183
2278,3.90136,-2.38183
2279,3.90136,-2.38183
2280,3.90136,-2.38183
2281,3.90136,-2.38183
2282,3.90136,-2.38183
2283,3.90136,-2.38183
2284,3.90136,-2.38183
2285,3.90136,-2.38183
2286,3.90136,-2.38183
2287,3.90136,-2.38183
2288,3.90136,-2.38183
2289,3.90136,-2.38183
2290,3.90136,-2.38183
2291,3.68201,-2.60117
2292,3.68201,-2.60117
2293,3.68201,-2.60117
2294,3.68201,-2.60117
2295,3.68201,-2.60117
2296,4.03765,-2.24554
2297,4.03765,-2.24554
2298,4.03765,-2.24554
2299,4.03765,-2.24554
2300,4.03765,-2.24554
2301,3.81633,-2.46685
2302,3.81633,-2.46685
2303,3.81633,-2.46685
2304,3.70019,-2.58299
2305,3.70019,-2.58299
2306,3.70019,-2.58299
2307,3.70019,-2.58299
2308,3.70019,-2.58299
2309,3.70019,-2.58299
2310,3.70019,-2.58299
2311,3.70019,-2.58299
2312,3.76184,-2.52134
2313,3.76184,-2.52134
2314,3.83633,-2.44685
2315,3.83633,-2.44685
2316,3.83633,-2.44685
2317,3.83633,-2.44685
2318,3.83633,-2.44685
2319,3.83633,-2.44685
2320,3.83633,-2.44685
2321,3.83633,-2.44685
2322,3.83633,-2.44685
2323,3.38657,-2.89661
2324,3.38657,-2.89661
2325,3.38657,-2.89661
2326,3.38657,-2.89661
2327,3.5221,-2.76109
2328,3.5221,-2.76109
2329,3.5221,-2.76109
2330,4.24874,-2.03444
2331,4.24874,-2.03444
2332,3.68201,-2.60117
2333,3.68201,-2.60117
2334,3.68201,-2.60117
2335,3.68201,-2.60117
2336,3.68201,-2.60117
2337,3.81633,-2.46685
2338,3.81633,-2.46685
2339,3.81633,-2.46685
2340,3.81633,-2.46685
2341,3.81633,-2.46685
2342,3.81633,-2.46685
2343,3.81633,-2.46685
2344,3.46334,-2.81984
2345,3.46334,-2.81984
2346,3.46334,-2.81984
2347,3.7296,-2.55359
2348,3.7296,-2.55359
2349,3.7296,-2.55359
2350,3.38657,-2.89661
2351,3.38657,-2.89661
2352,3.38657,-2.89661
2353,3.38657,-2.89661
2354,3.5221,-2.76109
2355,3.5221,-2.76109
2356,3.70832,-2.57486
2357,3.70832,-2.57486
2358,3.70832,-2.57486
2359,3.70832,-2.57486
2360,3.70832,-2.57486
2361,3.70832,-2.57486
2362,3.75232,-2.53087
2363,3.75232,-2.53087
2364,3.75232,-2.53087
2365,3.75232,-2.53087
2366,3.75232,-2.53087
2367,3.75232,-2.53087
2368,3.75232,-2.53087
2369,3.75232,-2.53087
2370,3.75232,-2.53087
2371,3.75232,-2.53087
2372,3.66074,-2.62245
2373,3.66074,-2.62245
2374,3.66074,-2.62245
2375,3.66074,-2.62245
2376,3.66074,-2.62245
2377,3.66074,-2.62245
2378,3.66074,-2.62245
2379,3.66074,-2.62245
2380,3.78509,-2.49809
2381,3.78509,-2.49809
2382,3.78509,-2.49809
2383,3.78509,-2.49809
2384,3.78509,-2.49809
2385,3.33899,-2.9442
2386,3.33899,-2.9442
2387,3.33899,-2.9442
2388,3.33899,-2.9442
2389,3.33899,-2.9442
2390,3.83633,-2.44685
2391,3.83633,-2.44685
2392,3.83633,-2.44685
2393,3.83633,-2.44685
2394,4.01765,-2.26553
2395,4.01765,-2.26553
2396,4.01765,-2.26553
2397,4.01765,-2.26553
2398,4.51499,-1.76819
2399,4.51499,-1.76819
2400,4.51499,-1.76819
2401,4.90978,-1.3734
2402,4.90978,-1.3734
2403,5.30039,-0.982794
2404,5.30039,-0.982794
2405,5.30039,-0.982794
2406,5.03414,-1.24905
2407,5.03414,-1.24905
2408,4.39064,-1.89255
2409,4.00376,-2.27942
2410,4.00376,-2.27942
2411,4.00376,-2.27942
2412,4.00376,-2.27942
2413,4.00376,-2.27942
2414,4.00376,-2.27942
2415,4.00376,-2.27942
2416,4.00376,-2.27942
2417,4.00376,-2.27942
2418,4.00376,-2.27942
2419,4.00376,-2.27942
2420,4.00376,-2.27942
2421,4.00376,-2.27942
2422,4.00376,-2.27942
2423,3.7296,-2.55359
2424,3.7296,-2.55359
2425,3.7296,-2.55359
2426,3.7296,-2.55359
2427,3.7296,-2.55359
2428,3.7296,-2.55359
2429,3.7296,-2.55359
2430,3.7296,-2.55359
2431,3.7296,-2.55359
2432,4.06889,-2.2143
2433,4.06889,-2.2143
2434,4.06889,-2.2143
2435,4.06889,-2.2143
2436,4.06889,-2.2143
2437,4.06889,-2.2143
2438,4.06889,-2.2143
2439,4.06889,-2.2143
2440,4.54724,-1.73595
2441,4.54724,-1.73595
2442,4.54724,-1.73595
2443,4.54724,-1.73595
2444,4.54724,-1.73595
2445,4.54724,-1.73595
2446,4.03765,-2.24554
2447,4.03765,-2.24554
2448,4.03765,-2.24554
2449,3.81633,-2.46685
2450,3.81633,-2.46685
2451,3.81633,-2.46685
2452,3.38657,-2.89661
2453,3.38657,-2.89661
2454,3.38657,-2.89661
2455,3.38657,-2.89661
2456,3.68201,-2.60117
2457,3.68201,-2.60117
2458,3.68201,-2.60117
2459,3.68201,-2.60117
2460,3.68201,-2.60117
2461,3.68201,-2.60117
2462,3.68201,-2.60117
2463,2.67795,2.67795
2464,2.67795,2.67795
2465,2.67795,2.67795
2466,4.12439,-2.1588
2467,4.12439,-2.1588
2468,4.12439,-2.1588
2469,4.12439,-2.1588
2470,3.38657,-2.89661
2471,3.38657,-2.89661
2472,2.89661,2.89661
2473,2.89661,2.89661
2474,2.03444,2.03444
2475,2.03444,2.03444
2476,2.03444,2.03444
2477,3.60524,-2.67795
2478,3.60524,-2.67795
2479,3.60524,-2.67795
2480,3.60524,-2.67795
2481,5.49779,-0.785398
2482,5.49779,-0.785398
2483,5.49779,-0.785398
2484,5.49779,-0.785398
2485,3.83633,-2.44685
2486,3.83633,-2.44685
2487,3.83633,-2.44685
2488,3.83633,-2.44685
2489,3.83633,-2.44685
2490,3.83633,-2.44685
2491,3.83633,-2.44685
2492,3.83633,-2.44685
2493,3.46334,-2.81984
2494,3.46334,-2.81984
2495,2.81984,2.81984
2496,2.55359,2.55359
2497,2.55359,2.55359
2498,2.55359,2.55359
2499,2.81984,2.81984
2500,2.81984,2.81984
2501,3.46334,-2.81984
2502,3.46334,-2.81984
2503,3.46334,-2.81984
2504,1.89255,1.89255
2505,1.89255,1.89255
2506,1.89255,1.89255
2507,2.67795,2.67795
2508,3.60524,-2.67795
2509,4.17197,-2.11122
2510,4.17197,-2.11122
2511,4.17197,-2.11122
2512,4.17197,-2.11122
2513,4.17197,-2.11122
2514,4.01765,-2.26553
2515,4.01765,-2.26553
2516,4.01765,-2.26553
2517,4.01765,-2.26553
2518,3.83633,-2.44685
2519,3.83633,-2.44685
2520,3.83633,-2.44685
2521,3.83633,-2.44685
2522,3.33899,-2.9442
2523,3.33899,-2.9442
2524,3.33899,-2.9442
2525,2.9442,2.9442
2526,2.9442,2.9442
2527,2.9442,2.9442
2528,2.9442,2.9442
2529,3.7296,-2.55359
2530,3.7296,-2.55359
2531,3.7296,-2.55359
2532,3.43305,-2.85014
2533,3.43305,-2.85014
2534,3.43305,-2.85014
2535,3.43305,-2.85014
2536,3.43305,-2.85014
2537,3.43305,-2.85014
2538,3.43305,-2.85014
2539,3.43305,-2.85014
2540,3.43305,-2.85014
2541,3.43305,-2.85014
2542,3.43305,-2.85014
2543,3.43305,-2.85014
2544,3.78509,-2.49809
2545,3.78509,-2.49809
2546,3.78509,-2.49809
2547,3.78509,-2.49809
2548,3.78509,-2.49809
2549,3.28349,-2.9997
2550,3.28349,-2.9997
2551,3.28349,-2.9997
2552,3.28349,-2.9997
2553,3.28349,-2.9997
2554,3.28349,-2.9997
2555,3.28349,-2.9997
2556,3.28349,-2.9997
2557,5.49779,-0.785398
2558,5.49779,-0.785398
2559,3.78509,-2.49809
2560,3.78509,-2.49809
2561,3.78509,-2.49809
2562,3.78509,-2.49809
2563,3.68201,-2.60117
2564,3.68201,-2.60117
2565,3.5221,-2.76109
2566,3.38657,-2.89661
2567,3.38657,-2.89661
2568,2.89661,2.89661
2569,2.89661,2.89661
2570,2.03444,2.03444
2571,1.10715,1.10715
2572,1.10715,1.10715
2573,1.10715,1.10715
2574,3.04192,3.04192
2575,3.04192,3.04192
2576,3.04192,3.04192
2577,3.04192,3.04192
2578,3.04192,3.04192
2579,3.24126,-3.04192
2580,3.24126,-3.04192
2581,3.24126,-3.04192
2582,3.24126,-3.04192
2583,3.24126,-3.04192
2584,3.78509,-2.49809
2585,3.78509,-2.49809
2586,4.06889,-2.2143
2587,4.06889,-2.2143
2588,4.39064,-1.89255
2589,4.39064,-1.89255
2590,4.39064,-1.89255
2591,4.03765,-2.24554
2592,4.03765,-2.24554
2593,4.03765,-2.24554
2594,3.81633,-2.46685
2595,3.81633,-2.46685
2596,3.81633,-2.46685
2597,3.81633,-2.46685
2598,2.67795,2.67795
2599,2.67795,2.67795
2600,2.67795,2.67795
2601,4.05135,-2.23184
2602,4.05135,-2.23184
2603,4.05135,-2.23184
2604,4.05135,-2.23184
2605,4.05135,-2.23184
2606,4.05135,-2.23184
2607,4.05135,-2.23184
2608,4.05135,-2.23184
2609,4.05135,-2.23184
2610,4.05135,-2.23184
2611,4.05135,-2.23184
2612,4.05135,-2.23184
2613,4.05135,-2.23184
2614,4.01765,-2.26553
2615,4.01765,-2.26553
2616,4.01765,-2.26553
2617,4.01765,-2.26553
2618,4.01765,-2.26553
2619,4.01765,-2.26553
2620,4.01765,-2.26553
2621,4.01765,-2.26553
2622,4.01765,-2.26553
2623,4.17197,-2.11122
2624,4.17197,-2.11122
2625,4.17197,-2.11122
2626,4.17197,-2.11122
2627,4.17197,-2.11122
2628,4.00376,-2.27942
2629,4.00376,-2.27942
2630,4.00376,-2.27942
2631,4.00376,-2.27942
2632,4.00376,-2.27942
2633,4.00376,-2.27942
2634,4.00376,-2.27942
2635,4.00376,-2.27942
2636,4.00376,-2.27942
2637,4.00376,-2.27942
2638,4.00376,-2.27942
2639,4.39064,-1.89255
2640,4.39064,-1.89255
2641,4.39064,-1.89255
2642,4.20529,-2.07789
2643,4.20529,-2.07789
2644,4.20529,-2.07789
2645,4.20529,-2.07789
2646,4.20529,-2.07789
2647,4.20529,-2.07789
2648,4.20529,-2.07789
2649,4.20529,-2.07789
2650,4.29416,-1.98902
2651,4.29416,-1.98902
2652,4.29416,-1.98902
2653,4.29416,-1.98902
2654,4.41389,-1.8693
2655,4.41389,-1.8693
2656,4.41389,-1.8693
2657,4.41389,-1.8693
2658,4.41389,-1.8693
2659,4.41389,-1.8693
2660,4.41389,-1.8693
2661,4.41389,-1.8693
2662,4.41389,-1.8693
2663,4.41389,-1.8693
2664,4.41389,-1.8693
2665,4.41389,-1.8693
2666,4.41389,-1.8693
2667,4.41389,-1.8693
2668,4.41389,-1.8693
2669,4.41389,-1.8693
2670,4.41389,-1.8693
2671,4.41389,-1.8693
2672,4.41389,-1.8693
2673,4.41389,-1.8693
