#Grabcut execution time: 0s 344ms 344872us 
0.0000              513.9169            
1.0000              52.4011             
2.0000              36.7577             
3.0000              30.6304             
4.0000              27.4062             
5.0000              26.3966             
6.0000              25.8277             
7.0000              24.7659             
8.0000              23.2704             
9.0000              23.0552             
10.0000             23.1602             
11.0000             23.1006             
12.0000             22.8797             
13.0000             22.3428             
14.0000             22.4244             
15.0000             22.0746             
16.0000             21.6767             
17.0000             21.8058             
18.0000             21.7819             
19.0000             21.5203             
20.0000             21.4052             
21.0000             21.3455             
22.0000             20.7952             
23.0000             21.2045             
24.0000             20.5333             
25.0000             21.1919             
26.0000             20.9287             
27.0000             20.4158             
28.0000             20.6631             
29.0000             20.8081             
30.0000             20.8693             
31.0000             20.8693             
#Execution time: 19s 19650ms 19650052us 
