#Grabcut execution time: 0s 372ms 372445us 
0.0000              208.2638            
1.0000              26.1353             
2.0000              19.5298             
3.0000              16.3746             
4.0000              14.9781             
5.0000              14.1160             
6.0000              12.5706             
7.0000              12.3377             
8.0000              12.0893             
9.0000              12.0004             
10.0000             11.9352             
11.0000             11.7330             
12.0000             11.7086             
13.0000             11.3297             
14.0000             11.3103             
15.0000             11.1948             
16.0000             11.2877             
17.0000             11.2343             
18.0000             11.1365             
19.0000             11.2335             
20.0000             11.1290             
21.0000             11.2725             
22.0000             10.9070             
23.0000             11.0207             
24.0000             10.8379             
25.0000             10.9378             
26.0000             10.9108             
27.0000             10.8603             
28.0000             10.7920             
29.0000             10.8925             
30.0000             10.7151             
31.0000             10.7151             
#Execution time: 13s 13400ms 13400550us 
