n,tangent,t2
0,5.03414,-1.24905
1,5.03414,-1.24905
2,5.03414,-1.24905
3,5.03414,-1.24905
4,5.63968,-0.643501
5,5.63968,-0.643501
6,5.63968,-0.643501
7,5.63968,-0.643501
8,5.63968,-0.643501
9,5.63968,-0.643501
10,5.63968,-0.643501
11,5.63968,-0.643501
12,5.63968,-0.643501
13,5.17604,-1.10715
14,5.17604,-1.10715
15,6.03821,-0.244979
16,6.03821,-0.244979
17,6.03821,-0.244979
18,6.03821,-0.244979
19,5.90268,-0.380506
20,5.90268,-0.380506
21,5.90268,-0.380506
22,5.90268,-0.380506
23,6.11804,-0.165149
24,6.11804,-0.165149
25,6.11804,-0.165149
26,6.11804,-0.165149
27,6.11804,-0.165149
28,6.11804,-0.165149
29,6.05639,-0.226799
30,6.05639,-0.226799
31,6.05639,-0.226799
32,6.05639,-0.226799
33,6.05639,-0.226799
34,6.02586,-0.257324
35,6.02586,-0.257324
36,6.02586,-0.257324
37,6.02586,-0.257324
38,6.02586,-0.257324
39,6.02586,-0.257324
40,6.02586,-0.257324
41,6.02586,-0.257324
42,6.02586,-0.257324
43,6.02586,-0.257324
44,6.02586,-0.257324
45,6.02586,-0.257324
46,6.02586,-0.257324
47,6.02586,-0.257324
48,6.02586,-0.257324
49,6.02586,-0.257324
50,6.02586,-0.257324
51,6.02586,-0.257324
52,6.02586,-0.257324
53,6.02586,-0.257324
54,6.02586,-0.257324
55,6.02586,-0.257324
56,6.02586,-0.257324
57,6.02586,-0.257324
58,6.02586,-0.257324
59,6.02586,-0.257324
60,6.02586,-0.257324
61,6.02586,-0.257324
62,6.02586,-0.257324
63,5.69518,-0.588003
64,5.69518,-0.588003
65,5.69518,-0.588003
66,6.03821,-0.244979
67,6.03821,-0.244979
68,6.03821,-0.244979
69,6.03821,-0.244979
70,5.93441,-0.348771
71,5.93441,-0.348771
72,5.93441,-0.348771
73,5.93441,-0.348771
74,5.93441,-0.348771
75,5.93441,-0.348771
76,5.93441,-0.348771
77,5.93441,-0.348771
78,5.99173,-0.291457
79,5.99173,-0.291457
80,5.99173,-0.291457
81,5.99173,-0.291457
82,6.09784,-0.185348
83,6.09784,-0.185348
84,6.09784,-0.185348
85,6.09784,-0.185348
86,6.09784,-0.185348
87,6.09784,-0.185348
88,6.09784,-0.185348
89,6.09784,-0.185348
90,6.09784,-0.185348
91,6.09784,-0.185348
92,6.09784,-0.185348
93,6.09784,-0.185348
94,6.07569,-0.207496
95,6.07569,-0.207496
96,6.07569,-0.207496
97,6.07569,-0.207496
98,6.07569,-0.207496
99,6.07569,-0.207496
100,6.07569,-0.207496
101,6.07569,-0.207496
102,6.07569,-0.207496
103,6.07569,-0.207496
104,6.07569,-0.207496
105,6.07569,-0.207496
106,6.19253,-0.0906599
107,6.19253,-0.0906599
108,6.19253,-0.0906599
109,6.19253,-0.0906599
110,6.19253,-0.0906599
111,6.19253,-0.0906599
112,0.0906599,0.0906599
113,0.0906599,0.0906599
114,0.0906599,0.0906599
115,0.0906599,0.0906599
116,0.0906599,0.0906599
117,0.211093,0.211093
118,0.211093,0.211093
119,0.211093,0.211093
120,0.211093,0.211093
121,0.211093,0.211093
122,0.211093,0.211093
123,0.211093,0.211093
124,0.211093,0.211093
125,0.211093,0.211093
126,0.179853,0.179853
127,0.179853,0.179853
128,0.179853,0.179853
129,0.0949517,0.0949517
130,0.0949517,0.0949517
131,0.0949517,0.0949517
132,0.0949517,0.0949517
133,0.0949517,0.0949517
134,0.0949517,0.0949517
135,0.0949517,0.0949517
136,0.0949517,0.0949517
137,0.0949517,0.0949517
138,0.0949517,0.0949517
139,0.0949517,0.0949517
140,0.0767719,0.0767719
141,0.0767719,0.0767719
142,0.0767719,0.0767719
143,0.0767719,0.0767719
144,0.0767719,0.0767719
145,0.0767719,0.0767719
146,0.0767719,0.0767719
147,0.0767719,0.0767719
148,0.0767719,0.0767719
149,0.0767719,0.0767719
150,0.0767719,0.0767719
151,0.0767719,0.0767719
152,0.0767719,0.0767719
153,0.156602,0.156602
154,0.156602,0.156602
155,0.156602,0.156602
156,0.156602,0.156602
157,0.156602,0.156602
158,0.156602,0.156602
159,0.156602,0.156602
160,0.156602,0.156602
161,0.156602,0.156602
162,0.156602,0.156602
163,0.156602,0.156602
164,0.156602,0.156602
165,0.156602,0.156602
166,0.156602,0.156602
167,0.291457,0.291457
168,0.291457,0.291457
169,0.291457,0.291457
170,0.291457,0.291457
171,0.291457,0.291457
172,0.291457,0.291457
173,0.291457,0.291457
174,0.291457,0.291457
175,0.291457,0.291457
176,0.0906599,0.0906599
177,0.0906599,0.0906599
178,0.0906599,0.0906599
179,0.0906599,0.0906599
180,0.0906599,0.0906599
181,0.0906599,0.0906599
182,0.0906599,0.0906599
183,0.0906599,0.0906599
184,0.0906599,0.0906599
185,0.0906599,0.0906599
186,0.0906599,0.0906599
187,0.0906599,0.0906599
188,0.0906599,0.0906599
189,0.0906599,0.0906599
190,6.03821,-0.244979
191,6.03821,-0.244979
192,5.69518,-0.588003
193,5.69518,-0.588003
194,5.69518,-0.588003
195,6.19253,-0.0906599
196,6.19253,-0.0906599
197,6.19253,-0.0906599
198,6.19253,-0.0906599
199,6.19253,-0.0906599
200,6.19253,-0.0906599
201,0.0906599,0.0906599
202,0.0906599,0.0906599
203,0.0906599,0.0906599
204,0.0906599,0.0906599
205,0.0906599,0.0906599
206,0.104877,0.104877
207,0.104877,0.104877
208,0.104877,0.104877
209,0.104877,0.104877
210,0.104877,0.104877
211,0.104877,0.104877
212,0.104877,0.104877
213,0.104877,0.104877
214,0.104877,0.104877
215,0.104877,0.104877
216,0.104877,0.104877
217,0.0434509,0.0434509
218,0.0434509,0.0434509
219,0.0434509,0.0434509
220,0.0434509,0.0434509
221,0.0434509,0.0434509
222,0.0434509,0.0434509
223,0.0434509,0.0434509
224,0.0434509,0.0434509
225,0.0434509,0.0434509
226,0.0434509,0.0434509
227,0.0434509,0.0434509
228,0.0434509,0.0434509
229,6.23973,-0.0434509
230,6.23973,-0.0434509
231,6.23973,-0.0434509
232,6.23973,-0.0434509
233,6.23973,-0.0434509
234,6.23973,-0.0434509
235,6.23973,-0.0434509
236,6.23973,-0.0434509
237,6.23973,-0.0434509
238,6.23973,-0.0434509
239,6.23973,-0.0434509
240,6.20336,-0.07983
241,6.20336,-0.07983
242,6.20336,-0.07983
243,6.20336,-0.07983
244,6.20336,-0.07983
245,6.20336,-0.07983
246,6.20336,-0.07983
247,6.20336,-0.07983
248,6.20336,-0.07983
249,6.20336,-0.07983
250,6.20336,-0.07983
251,6.20336,-0.07983
252,6.20336,-0.07983
253,6.06452,-0.218669
254,6.06452,-0.218669
255,6.06452,-0.218669
256,6.06452,-0.218669
257,6.06452,-0.218669
258,5.17604,-1.10715
259,5.17604,-1.10715
260,6.08579,-0.197396
261,6.08579,-0.197396
262,6.08579,-0.197396
263,0.165149,0.165149
264,0.165149,0.165149
265,0.165149,0.165149
266,0.165149,0.165149
267,0.165149,0.165149
268,0.165149,0.165149
269,6.23195,-0.0512372
270,6.23195,-0.0512372
271,6.23195,-0.0512372
272,6.23195,-0.0512372
273,6.23195,-0.0512372
274,6.23195,-0.0512372
275,6.23195,-0.0512372
276,6.23195,-0.0512372
277,6.23195,-0.0512372
278,6.23195,-0.0512372
279,6.23195,-0.0512372
280,6.23195,-0.0512372
281,6.23195,-0.0512372
282,6.23195,-0.0512372
283,6.23195,-0.0512372
284,6.23195,-0.0512372
285,6.23195,-0.0512372
286,6.23195,-0.0512372
287,6.23195,-0.0512372
288,6.23195,-0.0512372
289,6.23195,-0.0512372
290,6.23195,-0.0512372
291,6.23195,-0.0512372
292,6.23195,-0.0512372
293,6.23877,-0.0444152
294,6.23877,-0.0444152
295,6.23877,-0.0444152
296,6.23877,-0.0444152
297,6.23877,-0.0444152
298,6.23877,-0.0444152
299,6.23877,-0.0444152
300,6.23877,-0.0444152
301,6.23877,-0.0444152
302,6.23877,-0.0444152
303,6.23877,-0.0444152
304,6.23877,-0.0444152
305,6.23877,-0.0444152
306,6.23877,-0.0444152
307,6.23877,-0.0444152
308,6.23877,-0.0444152
309,6.23877,-0.0444152
310,6.23877,-0.0444152
311,6.23877,-0.0444152
312,6.23877,-0.0444152
313,6.23877,-0.0444152
314,6.23877,-0.0444152
315,6.23877,-0.0444152
316,6.23877,-0.0444152
317,6.23877,-0.0444152
318,6.23877,-0.0444152
319,6.23877,-0.0444152
320,6.23877,-0.0444152
321,6.23877,-0.0444152
322,6.23877,-0.0444152
323,6.23877,-0.0444152
324,6.23877,-0.0444152
325,6.23877,-0.0444152
326,6.23877,-0.0444152
327,6.23877,-0.0444152
328,6.23877,-0.0444152
329,6.23877,-0.0444152
330,6.23877,-0.0444152
331,6.23877,-0.0444152
332,6.23877,-0.0444152
333,6.23877,-0.0444152
334,6.23877,-0.0444152
335,6.23877,-0.0444152
336,6.23877,-0.0444152
337,6.23877,-0.0444152
338,6.23877,-0.0444152
339,6.2261,-0.0570808
340,6.2261,-0.0570808
341,6.2261,-0.0570808
342,6.2261,-0.0570808
343,6.2261,-0.0570808
344,6.2261,-0.0570808
345,6.2261,-0.0570808
346,6.2261,-0.0570808
347,6.2261,-0.0570808
348,6.2261,-0.0570808
349,6.2261,-0.0570808
350,6.2261,-0.0570808
351,6.2261,-0.0570808
352,6.2261,-0.0570808
353,6.2261,-0.0570808
354,6.2261,-0.0570808
355,6.2261,-0.0570808
356,6.2261,-0.0570808
357,6.20925,-0.073939
358,6.20925,-0.073939
359,6.20925,-0.073939
360,6.20925,-0.073939
361,6.20925,-0.073939
362,6.20925,-0.073939
363,6.20925,-0.073939
364,6.20925,-0.073939
365,6.20925,-0.073939
366,6.20925,-0.073939
367,6.20925,-0.073939
368,6.20925,-0.073939
369,6.20925,-0.073939
370,6.20925,-0.073939
371,6.20925,-0.073939
372,6.24749,-0.0356991
373,6.24749,-0.0356991
374,6.24749,-0.0356991
375,6.24749,-0.0356991
376,6.24749,-0.0356991
377,6.24749,-0.0356991
378,6.24749,-0.0356991
379,6.24749,-0.0356991
380,6.24749,-0.0356991
381,6.24749,-0.0356991
382,6.24749,-0.0356991
383,6.24749,-0.0356991
384,6.24749,-0.0356991
385,6.24749,-0.0356991
386,6.24749,-0.0356991
387,6.24749,-0.0356991
388,6.24749,-0.0356991
389,6.24749,-0.0356991
390,6.24749,-0.0356991
391,6.24749,-0.0356991
392,6.24749,-0.0356991
393,6.24749,-0.0356991
394,6.24749,-0.0356991
395,6.24749,-0.0356991
396,6.24749,-0.0356991
397,6.24749,-0.0356991
398,6.24749,-0.0356991
399,6.24749,-0.0356991
400,6.24547,-0.037718
401,6.24547,-0.037718
402,6.24547,-0.037718
403,6.24547,-0.037718
404,6.24547,-0.037718
405,6.24547,-0.037718
406,6.24547,-0.037718
407,6.24547,-0.037718
408,6.24547,-0.037718
409,6.24547,-0.037718
410,6.24547,-0.037718
411,6.24547,-0.037718
412,6.24547,-0.037718
413,6.24547,-0.037718
414,6.24547,-0.037718
415,6.24547,-0.037718
416,6.24547,-0.037718
417,6.24547,-0.037718
418,6.24547,-0.037718
419,6.24547,-0.037718
420,6.24547,-0.037718
421,6.24547,-0.037718
422,6.24547,-0.037718
423,6.24547,-0.037718
424,6.24547,-0.037718
425,6.24547,-0.037718
426,6.24547,-0.037718
427,6.21876,-0.0644268
428,6.21876,-0.0644268
429,6.21876,-0.0644268
430,6.21876,-0.0644268
431,6.21876,-0.0644268
432,6.21876,-0.0644268
433,6.21876,-0.0644268
434,6.21876,-0.0644268
435,6.21876,-0.0644268
436,6.21876,-0.0644268
437,6.21876,-0.0644268
438,6.21876,-0.0644268
439,6.21876,-0.0644268
440,6.21876,-0.0644268
441,6.21876,-0.0644268
442,6.21876,-0.0644268
443,6.21876,-0.0644268
444,6.22918,-0.0540015
445,6.22918,-0.0540015
446,6.22918,-0.0540015
447,6.22918,-0.0540015
448,6.22918,-0.0540015
449,6.22918,-0.0540015
450,6.22918,-0.0540015
451,6.22918,-0.0540015
452,6.22918,-0.0540015
453,6.22918,-0.0540015
454,6.22918,-0.0540015
455,6.22918,-0.0540015
456,6.22918,-0.0540015
457,6.22918,-0.0540015
458,6.22918,-0.0540015
459,6.22918,-0.0540015
460,6.22918,-0.0540015
461,6.22918,-0.0540015
462,6.22918,-0.0540015
463,6.23323,-0.0499584
464,6.23323,-0.0499584
465,6.23323,-0.0499584
466,6.23323,-0.0499584
467,6.23323,-0.0499584
468,6.23323,-0.0499584
469,6.23323,-0.0499584
470,6.23323,-0.0499584
471,6.23323,-0.0499584
472,6.23323,-0.0499584
473,6.23323,-0.0499584
474,6.23323,-0.0499584
475,6.23323,-0.0499584
476,6.23323,-0.0499584
477,6.23323,-0.0499584
478,6.23323,-0.0499584
479,6.23323,-0.0499584
480,6.23323,-0.0499584
481,6.23323,-0.0499584
482,6.23323,-0.0499584
483,6.19645,-0.0867383
484,6.19645,-0.0867383
485,6.19645,-0.0867383
486,6.19645,-0.0867383
487,6.19645,-0.0867383
488,6.19645,-0.0867383
489,6.19645,-0.0867383
490,6.19645,-0.0867383
491,6.19645,-0.0867383
492,6.19645,-0.0867383
493,6.19645,-0.0867383
494,6.19645,-0.0867383
495,6.15063,-0.132552
496,6.15063,-0.132552
497,6.15063,-0.132552
498,6.15063,-0.132552
499,6.15063,-0.132552
500,6.15063,-0.132552
501,6.15063,-0.132552
502,6.15063,-0.132552
503,6.15063,-0.132552
504,6.17253,-0.110657
505,6.17253,-0.110657
506,6.17253,-0.110657
507,6.17253,-0.110657
508,6.17253,-0.110657
509,6.17253,-0.110657
510,6.17253,-0.110657
511,6.17253,-0.110657
512,6.17253,-0.110657
513,6.15063,-0.132552
514,6.15063,-0.132552
515,6.15063,-0.132552
516,6.15063,-0.132552
517,6.15063,-0.132552
518,6.15063,-0.132552
519,6.15063,-0.132552
520,6.15063,-0.132552
521,6.15063,-0.132552
522,6.17831,-0.104877
523,6.17831,-0.104877
524,6.17831,-0.104877
525,6.17831,-0.104877
526,6.17831,-0.104877
527,6.17831,-0.104877
528,6.17831,-0.104877
529,6.17831,-0.104877
530,6.17831,-0.104877
531,6.17831,-0.104877
532,6.21876,-0.0644268
533,6.21876,-0.0644268
534,6.21876,-0.0644268
535,6.21876,-0.0644268
536,6.21876,-0.0644268
537,6.21876,-0.0644268
538,6.21876,-0.0644268
539,6.21876,-0.0644268
540,6.21876,-0.0644268
541,6.21876,-0.0644268
542,6.21876,-0.0644268
543,6.21876,-0.0644268
544,6.21876,-0.0644268
545,6.21876,-0.0644268
546,6.21876,-0.0644268
547,6.21876,-0.0644268
548,6.24986,-0.033321
549,6.24986,-0.033321
550,6.24986,-0.033321
551,6.24986,-0.033321
552,6.24986,-0.033321
553,6.24986,-0.033321
554,6.24986,-0.033321
555,6.24986,-0.033321
556,6.24986,-0.033321
557,6.24986,-0.033321
558,6.24986,-0.033321
559,6.24986,-0.033321
560,6.24986,-0.033321
561,6.24986,-0.033321
562,6.24986,-0.033321
563,0.033321,0.033321
564,0.033321,0.033321
565,0.033321,0.033321
566,0.033321,0.033321
567,0.033321,0.033321
568,0.033321,0.033321
569,0.033321,0.033321
570,0.033321,0.033321
571,0.033321,0.033321
572,0.033321,0.033321
573,0.033321,0.033321
574,0.033321,0.033321
575,0.033321,0.033321
576,0.033321,0.033321
577,0.033321,0.033321
578,0.0407937,0.0407937
579,0.0407937,0.0407937
580,0.0407937,0.0407937
581,0.0407937,0.0407937
582,0.0407937,0.0407937
583,0.0407937,0.0407937
584,0.0407937,0.0407937
585,0.0407937,0.0407937
586,0.0407937,0.0407937
587,0.0407937,0.0407937
588,0.0407937,0.0407937
589,0.0407937,0.0407937
590,0.0407937,0.0407937
591,0.0407937,0.0407937
592,0.0407937,0.0407937
593,0.0407937,0.0407937
594,0.0407937,0.0407937
595,0.0407937,0.0407937
596,0.0407937,0.0407937
597,0.0407937,0.0407937
598,0.0407937,0.0407937
599,0.0407937,0.0407937
600,0.0407937,0.0407937
601,0.0407937,0.0407937
602,0.0407937,0.0407937
603,0.0867383,0.0867383
604,0.0867383,0.0867383
605,0.0867383,0.0867383
606,0.0867383,0.0867383
607,0.0867383,0.0867383
608,0.0867383,0.0867383
609,0.0867383,0.0867383
610,0.0867383,0.0867383
611,0.0867383,0.0867383
612,0.0867383,0.0867383
613,0.0867383,0.0867383
614,0.0867383,0.0867383
615,0.2783,0.2783
616,0.2783,0.2783
617,0.2783,0.2783
618,0.2783,0.2783
619,0.2783,0.2783
620,0.2783,0.2783
621,0.2783,0.2783
622,0.2783,0.2783
623,0.2783,0.2783
624,0.380506,0.380506
625,0.380506,0.380506
626,0.54042,0.54042
627,0.628796,0.628796
628,0.628796,0.628796
629,0.628796,0.628796
630,0.628796,0.628796
631,0.628796,0.628796
632,0.628796,0.628796
633,0.628796,0.628796
634,0.628796,0.628796
635,0.628796,0.628796
636,0.628796,0.628796
637,0.628796,0.628796
638,0.628796,0.628796
639,0.628796,0.628796
640,0.628796,0.628796
641,0.628796,0.628796
642,0.558599,0.558599
643,0.558599,0.558599
644,0.558599,0.558599
645,0.558599,0.558599
646,0.558599,0.558599
647,0.558599,0.558599
648,0.558599,0.558599
649,0.558599,0.558599
650,0.558599,0.558599
651,0.558599,0.558599
652,0.620249,0.620249
653,0.620249,0.620249
654,0.71883,0.71883
655,0.71883,0.71883
656,0.71883,0.71883
657,0.71883,0.71883
658,0.71883,0.71883
659,0.71883,0.71883
660,0.851966,0.851966
661,0.851966,0.851966
662,0.851966,0.851966
663,0.851966,0.851966
664,0.851966,0.851966
665,0.851966,0.851966
666,1.05165,1.05165
667,1.05165,1.05165
668,1.05165,1.05165
669,1.1659,1.1659
670,1.1659,1.1659
671,1.1659,1.1659
672,1.32582,1.32582
673,1.32582,1.32582
674,1.8491,1.8491
675,1.8491,1.8491
676,1.8491,1.8491
677,1.8491,1.8491
678,1.8491,1.8491
679,1.8491,1.8491
680,2.2143,2.2143
681,2.2143,2.2143
682,2.49809,2.49809
683,2.49809,2.49809
684,2.49809,2.49809
685,2.49809,2.49809
686,2.24554,2.24554
687,2.24554,2.24554
688,2.24554,2.24554
689,2.24554,2.24554
690,2.24554,2.24554
691,2.48055,2.48055
692,2.48055,2.48055
693,2.48055,2.48055
694,2.48055,2.48055
695,2.48055,2.48055
696,2.48055,2.48055
697,2.48055,2.48055
698,2.48055,2.48055
699,2.48055,2.48055
700,2.48055,2.48055
701,2.86329,2.86329
702,2.86329,2.86329
703,2.86329,2.86329
704,2.86329,2.86329
705,2.86329,2.86329
706,2.86329,2.86329
707,2.86329,2.86329
708,2.86329,2.86329
709,2.76109,2.76109
710,2.76109,2.76109
711,2.60117,2.60117
712,2.60117,2.60117
713,2.60117,2.60117
714,2.60117,2.60117
715,2.60117,2.60117
716,2.60117,2.60117
717,2.7367,2.7367
718,2.7367,2.7367
719,2.7367,2.7367
720,2.7367,2.7367
721,2.7367,2.7367
722,2.7367,2.7367
723,2.7367,2.7367
724,2.62245,2.62245
725,2.62245,2.62245
726,2.62245,2.62245
727,2.62245,2.62245
728,2.62245,2.62245
729,2.62245,2.62245
730,2.86329,2.86329
731,2.86329,2.86329
732,2.86329,2.86329
733,2.86329,2.86329
734,2.86329,2.86329
735,2.86329,2.86329
736,2.78282,2.78282
737,2.78282,2.78282
738,2.78282,2.78282
739,2.78282,2.78282
740,2.78282,2.78282
741,2.78282,2.78282
742,2.89661,2.89661
743,2.89661,2.89661
744,3.2587,-3.02448
745,3.2587,-3.02448
746,3.2587,-3.02448
747,3.2587,-3.02448
748,3.2587,-3.02448
749,3.2587,-3.02448
750,3.2587,-3.02448
751,3.2587,-3.02448
752,3.2587,-3.02448
753,3.2587,-3.02448
754,3.2587,-3.02448
755,3.2587,-3.02448
756,3.19418,-3.08901
757,3.19418,-3.08901
758,3.19418,-3.08901
759,3.19418,-3.08901
760,3.19418,-3.08901
761,3.19418,-3.08901
762,3.19418,-3.08901
763,3.19418,-3.08901
764,3.19418,-3.08901
765,3.19418,-3.08901
766,3.08901,3.08901
767,3.08901,3.08901
768,3.08901,3.08901
769,3.08901,3.08901
770,3.08901,3.08901
771,3.08901,3.08901
772,3.08901,3.08901
773,3.08901,3.08901
774,3.08901,3.08901
775,3.04664,3.04664
776,3.04664,3.04664
777,3.04664,3.04664
778,3.04664,3.04664
779,3.04664,3.04664
780,3.04664,3.04664
781,3.04664,3.04664
782,3.04664,3.04664
783,3.04664,3.04664
784,3.04664,3.04664
785,3.04664,3.04664
786,3.02448,3.02448
787,3.02448,3.02448
788,3.02448,3.02448
789,3.02448,3.02448
790,3.02448,3.02448
791,3.02448,3.02448
792,3.02448,3.02448
793,3.02448,3.02448
794,3.02448,3.02448
795,2.91479,2.91479
796,2.91479,2.91479
797,2.91479,2.91479
798,2.91479,2.91479
799,2.91479,2.91479
800,2.91479,2.91479
801,2.91479,2.91479
802,2.91479,2.91479
803,2.91479,2.91479
804,2.91479,2.91479
805,2.91479,2.91479
806,2.98894,2.98894
807,2.98894,2.98894
808,2.98894,2.98894
809,2.98894,2.98894
810,2.98894,2.98894
811,2.98894,2.98894
812,2.98894,2.98894
813,2.98894,2.98894
814,2.98894,2.98894
815,2.98894,2.98894
816,2.98894,2.98894
817,2.98894,2.98894
818,2.98894,2.98894
819,2.98894,2.98894
820,2.86329,2.86329
821,2.86329,2.86329
822,2.86329,2.86329
823,2.86329,2.86329
824,2.86329,2.86329
825,2.92292,2.92292
826,2.92292,2.92292
827,2.92292,2.92292
828,2.92292,2.92292
829,2.92292,2.92292
830,2.92292,2.92292
831,2.92292,2.92292
832,2.92292,2.92292
833,2.92292,2.92292
834,2.92292,2.92292
835,2.92292,2.92292
836,3.06482,3.06482
837,3.06482,3.06482
838,3.06482,3.06482
839,3.06482,3.06482
840,3.06482,3.06482
841,3.06482,3.06482
842,3.06482,3.06482
843,3.06482,3.06482
844,3.06482,3.06482
845,3.06482,3.06482
846,3.06482,3.06482
847,3.06482,3.06482
848,3.06482,3.06482
849,2.85014,2.85014
850,2.85014,2.85014
851,2.85014,2.85014
852,2.85014,2.85014
853,2.85014,2.85014
854,2.85014,2.85014
855,2.85014,2.85014
856,2.85014,2.85014
857,2.85014,2.85014
858,2.87534,2.87534
859,2.87534,2.87534
860,2.87534,2.87534
861,2.92292,2.92292
862,2.92292,2.92292
863,3.06482,3.06482
864,3.06482,3.06482
865,3.06482,3.06482
866,3.06482,3.06482
867,3.06482,3.06482
868,3.06482,3.06482
869,3.06482,3.06482
870,3.06482,3.06482
871,3.06482,3.06482
872,3.06482,3.06482
873,3.06482,3.06482
874,3.06482,3.06482
875,3.06482,3.06482
876,2.86329,2.86329
877,2.86329,2.86329
878,2.86329,2.86329
879,2.86329,2.86329
880,2.86329,2.86329
881,3.02448,3.02448
882,3.02448,3.02448
883,3.02448,3.02448
884,3.02448,3.02448
885,3.02448,3.02448
886,3.02448,3.02448
887,3.02448,3.02448
888,3.02448,3.02448
889,3.02448,3.02448
890,3.05093,3.05093
891,3.05093,3.05093
892,3.05093,3.05093
893,3.05093,3.05093
894,3.05093,3.05093
895,3.05093,3.05093
896,3.05093,3.05093
897,3.05093,3.05093
898,3.05093,3.05093
899,3.05093,3.05093
900,3.05093,3.05093
901,3.03672,3.03672
902,3.03672,3.03672
903,3.03672,3.03672
904,3.03672,3.03672
905,3.03672,3.03672
906,3.03672,3.03672
907,3.03672,3.03672
908,3.03672,3.03672
909,3.03672,3.03672
910,3.03672,3.03672
911,3.03672,3.03672
912,3.03672,3.03672
913,3.26595,-3.01724
914,3.26595,-3.01724
915,3.26595,-3.01724
916,3.26595,-3.01724
917,3.26595,-3.01724
918,3.06482,3.06482
919,3.06482,3.06482
920,3.06482,3.06482
921,3.06482,3.06482
922,3.06482,3.06482
923,3.06482,3.06482
924,3.06482,3.06482
925,3.06482,3.06482
926,3.06482,3.06482
927,3.06482,3.06482
928,3.06482,3.06482
929,3.06482,3.06482
930,3.06482,3.06482
931,3.06482,3.06482
932,3.06482,3.06482
933,3.06482,3.06482
934,3.06482,3.06482
935,3.06482,3.06482
936,2.86329,2.86329
937,2.86329,2.86329
938,2.78282,2.78282
939,2.78282,2.78282
940,2.78282,2.78282
941,2.78282,2.78282
942,2.78282,2.78282
943,2.78282,2.78282
944,2.92292,2.92292
945,2.92292,2.92292
946,2.92292,2.92292
947,2.92292,2.92292
948,2.92292,2.92292
949,2.96174,2.96174
950,2.96174,2.96174
951,2.96174,2.96174
952,2.96174,2.96174
953,2.96174,2.96174
954,2.96174,2.96174
955,2.96174,2.96174
956,2.96174,2.96174
957,2.96174,2.96174
958,2.96174,2.96174
959,2.96174,2.96174
960,2.96174,2.96174
961,2.84309,2.84309
962,2.84309,2.84309
963,2.84309,2.84309
964,2.84309,2.84309
965,2.84309,2.84309
966,2.84309,2.84309
967,2.84309,2.84309
968,2.84309,2.84309
969,2.84309,2.84309
970,2.84309,2.84309
971,2.84309,2.84309
972,2.84309,2.84309
973,2.84309,2.84309
974,3.05093,3.05093
975,3.05093,3.05093
976,3.05093,3.05093
977,3.05093,3.05093
978,3.05093,3.05093
979,3.05093,3.05093
980,3.05093,3.05093
981,3.05093,3.05093
982,3.05093,3.05093
983,3.05093,3.05093
984,3.05093,3.05093
985,2.86329,2.86329
986,2.86329,2.86329
987,2.86329,2.86329
988,2.86329,2.86329
989,2.52134,2.52134
990,2.52134,2.52134
991,2.52134,2.52134
992,2.52134,2.52134
993,2.52134,2.52134
994,2.52134,2.52134
995,2.52134,2.52134
996,2.2143,2.2143
997,2.2143,2.2143
998,2.08994,2.08994
999,2.08994,2.08994
1000,2.08994,2.08994
1001,1.97569,1.97569
1002,1.97569,1.97569
1003,1.97569,1.97569
1004,1.73595,1.73595
1005,1.73595,1.73595
1006,1.73595,1.73595
1007,1.40565,1.40565
1008,1.40565,1.40565
1009,1.40565,1.40565
1010,1.2925,1.2925
1011,1.2925,1.2925
1012,1.2925,1.2925
1013,1.2925,1.2925
1014,0.463648,0.463648
1015,0.463648,0.463648
1016,0.982794,0.982794
1017,0.982794,0.982794
1018,0.982794,0.982794
1019,0.982794,0.982794
1020,0.982794,0.982794
1021,0.982794,0.982794
1022,0.982794,0.982794
1023,0.982794,0.982794
1024,0.588003,0.588003
1025,0.588003,0.588003
1026,0.588003,0.588003
1027,0.982794,0.982794
1028,0.982794,0.982794
1029,0.982794,0.982794
1030,0.588003,0.588003
1031,0.588003,0.588003
1032,0.588003,0.588003
1033,1.24905,1.24905
1034,1.24905,1.24905
1035,1.24905,1.24905
1036,0.463648,0.463648
1037,0.463648,0.463648
1038,1.03038,1.03038
1039,1.03038,1.03038
1040,1.03038,1.03038
1041,1.03038,1.03038
1042,1.03038,1.03038
1043,1.03038,1.03038
1044,1.03038,1.03038
1045,1.03038,1.03038
1046,1.19029,1.19029
1047,1.19029,1.19029
1048,1.19029,1.19029
1049,1.19029,1.19029
1050,1.19029,1.19029
1051,1.19029,1.19029
1052,1.19029,1.19029
1053,1.19029,1.19029
1054,1.19029,1.19029
1055,1.19029,1.19029
1056,1.19029,1.19029
1057,1.19029,1.19029
1058,2.35619,2.35619
1059,2.35619,2.35619
1060,1.52915,1.52915
1061,1.52915,1.52915
1062,1.52915,1.52915
1063,1.52915,1.52915
1064,1.52915,1.52915
1065,1.52915,1.52915
1066,1.52915,1.52915
1067,1.52915,1.52915
1068,1.52915,1.52915
1069,1.52915,1.52915
1070,1.52915,1.52915
1071,1.52915,1.52915
1072,1.52915,1.52915
1073,1.52915,1.52915
1074,1.52915,1.52915
1075,1.52915,1.52915
1076,1.52915,1.52915
1077,1.52915,1.52915
1078,1.52915,1.52915
1079,1.52915,1.52915
1080,1.52915,1.52915
1081,1.52915,1.52915
1082,1.52915,1.52915
1083,1.52915,1.52915
1084,1.52915,1.52915
1085,1.43824,1.43824
1086,1.43824,1.43824
1087,1.43824,1.43824
1088,1.43824,1.43824
1089,1.43824,1.43824
1090,1.43824,1.43824
1091,1.43824,1.43824
1092,1.43824,1.43824
1093,1.39094,1.39094
1094,1.39094,1.39094
1095,1.39094,1.39094
1096,1.39094,1.39094
1097,1.39094,1.39094
1098,1.39094,1.39094
1099,1.39094,1.39094
1100,1.4289,1.4289
1101,1.4289,1.4289
1102,1.4289,1.4289
1103,1.4289,1.4289
1104,1.4289,1.4289
1105,1.4289,1.4289
1106,1.4289,1.4289
1107,1.33971,1.33971
1108,1.33971,1.33971
1109,1.33971,1.33971
1110,1.33971,1.33971
1111,1.33971,1.33971
1112,1.33971,1.33971
1113,1.33971,1.33971
1114,1.33971,1.33971
1115,1.31347,1.31347
1116,1.31347,1.31347
1117,1.31347,1.31347
1118,1.31347,1.31347
1119,1.31347,1.31347
1120,1.31347,1.31347
1121,1.31347,1.31347
1122,1.31347,1.31347
1123,1.31347,1.31347
1124,1.31347,1.31347
1125,1.31347,1.31347
1126,1.31347,1.31347
1127,1.39094,1.39094
1128,1.39094,1.39094
1129,1.39094,1.39094
1130,1.39094,1.39094
1131,1.39094,1.39094
1132,1.39094,1.39094
1133,1.47113,1.47113
1134,1.47113,1.47113
1135,1.47113,1.47113
1136,1.47113,1.47113
1137,1.47113,1.47113
1138,1.47113,1.47113
1139,1.47113,1.47113
1140,1.47113,1.47113
1141,1.47113,1.47113
1142,1.47113,1.47113
1143,1.47113,1.47113
1144,1.47113,1.47113
1145,2.03444,2.03444
1146,2.03444,2.03444
1147,2.03444,2.03444
1148,1.24905,1.24905
1149,1.24905,1.24905
1150,1.24905,1.24905
1151,1.89255,1.89255
1152,1.89255,1.89255
1153,1.89255,1.89255
1154,1.89255,1.89255
1155,1.22203,1.22203
1156,1.22203,1.22203
1157,1.22203,1.22203
1158,1.22203,1.22203
1159,1.22203,1.22203
1160,1.22203,1.22203
1161,1.22203,1.22203
1162,1.22203,1.22203
1163,1.22203,1.22203
1164,1.15257,1.15257
1165,1.15257,1.15257
1166,1.15257,1.15257
1167,1.15257,1.15257
1168,1.15257,1.15257
1169,1.15257,1.15257
1170,1.15257,1.15257
1171,1.15257,1.15257
1172,1.15257,1.15257
1173,1.15257,1.15257
1174,1.22777,1.22777
1175,1.22777,1.22777
1176,1.22777,1.22777
1177,1.22777,1.22777
1178,1.22777,1.22777
1179,1.22777,1.22777
1180,1.2723,1.2723
1181,1.2723,1.2723
1182,1.2723,1.2723
1183,1.2723,1.2723
1184,1.2723,1.2723
1185,1.2723,1.2723
1186,1.40565,1.40565
1187,1.40565,1.40565
1188,1.40565,1.40565
1189,1.40565,1.40565
1190,1.40565,1.40565
1191,1.40565,1.40565
1192,1.344,1.344
1193,1.344,1.344
1194,1.344,1.344
1195,1.344,1.344
1196,1.344,1.344
1197,1.344,1.344
1198,1.344,1.344
1199,1.344,1.344
1200,1.344,1.344
1201,1.344,1.344
1202,1.344,1.344
1203,1.344,1.344
1204,2.03444,2.03444
1205,2.03444,2.03444
1206,2.03444,2.03444
1207,1.3734,1.3734
1208,1.3734,1.3734
1209,1.3734,1.3734
1210,1.3734,1.3734
1211,1.76819,1.76819
1212,1.76819,1.76819
1213,1.8491,1.8491
1214,1.8491,1.8491
1215,1.92957,1.92957
1216,1.92957,1.92957
1217,1.92957,1.92957
1218,1.92957,1.92957
1219,2.11122,2.11122
1220,2.24554,2.24554
1221,2.24554,2.24554
1222,2.24554,2.24554
1223,2.46685,2.46685
1224,2.46685,2.46685
1225,2.46685,2.46685
1226,2.92292,2.92292
1227,2.92292,2.92292
1228,2.92292,2.92292
1229,2.92292,2.92292
1230,2.92292,2.92292
1231,2.97644,2.97644
1232,2.97644,2.97644
1233,2.97644,2.97644
1234,3.30674,-2.97644
1235,3.30674,-2.97644
1236,3.30674,-2.97644
1237,3.43305,-2.85014
1238,3.43305,-2.85014
1239,3.43305,-2.85014
1240,3.43305,-2.85014
1241,3.49036,-2.79282
1242,3.49036,-2.79282
1243,3.49036,-2.79282
1244,3.49036,-2.79282
1245,3.49036,-2.79282
1246,3.49036,-2.79282
1247,3.70832,-2.57486
1248,3.70832,-2.57486
1249,3.70832,-2.57486
1250,3.70832,-2.57486
1251,3.70832,-2.57486
1252,3.70832,-2.57486
1253,3.75232,-2.53087
1254,3.75232,-2.53087
1255,3.75232,-2.53087
1256,3.75232,-2.53087
1257,3.75232,-2.53087
1258,3.75232,-2.53087
1259,3.75232,-2.53087
1260,3.75232,-2.53087
1261,3.75232,-2.53087
1262,3.75232,-2.53087
1263,3.75232,-2.53087
1264,3.75232,-2.53087
1265,4.24874,-2.03444
1266,4.24874,-2.03444
1267,3.78509,-2.49809
1268,3.78509,-2.49809
1269,3.78509,-2.49809
1270,3.78509,-2.49809
1271,3.78509,-2.49809
1272,3.78509,-2.49809
1273,3.78509,-2.49809
1274,3.78509,-2.49809
1275,3.78509,-2.49809
1276,3.78509,-2.49809
1277,3.78509,-2.49809
1278,4.06889,-2.2143
1279,4.06889,-2.2143
1280,4.06889,-2.2143
1281,4.06889,-2.2143
1282,4.06889,-2.2143
1283,3.81633,-2.46685
1284,3.81633,-2.46685
1285,3.81633,-2.46685
1286,3.81633,-2.46685
1287,3.81633,-2.46685
1288,3.81633,-2.46685
1289,3.81633,-2.46685
1290,3.81633,-2.46685
1291,3.81633,-2.46685
1292,3.81633,-2.46685
1293,3.81633,-2.46685
1294,3.81633,-2.46685
1295,4.24874,-2.03444
1296,4.24874,-2.03444
1297,3.81633,-2.46685
1298,3.81633,-2.46685
1299,3.81633,-2.46685
1300,3.81633,-2.46685
1301,3.81633,-2.46685
1302,3.81633,-2.46685
1303,3.81633,-2.46685
1304,3.81633,-2.46685
1305,3.81633,-2.46685
1306,3.76184,-2.52134
1307,3.76184,-2.52134
1308,3.76184,-2.52134
1309,3.70019,-2.58299
1310,3.70019,-2.58299
1311,3.64869,-2.63449
1312,3.64869,-2.63449
1313,3.64869,-2.63449
1314,3.64869,-2.63449
1315,3.64869,-2.63449
1316,3.55982,-2.72337
1317,3.55982,-2.72337
1318,3.55982,-2.72337
1319,3.55982,-2.72337
1320,3.38657,-2.89661
1321,3.38657,-2.89661
1322,3.38657,-2.89661
1323,3.38657,-2.89661
1324,3.38657,-2.89661
1325,3.38657,-2.89661
1326,3.38657,-2.89661
1327,2.98499,2.98499
1328,2.98499,2.98499
1329,2.98499,2.98499
1330,2.98499,2.98499
1331,2.98499,2.98499
1332,2.98499,2.98499
1333,2.98499,2.98499
1334,2.98499,2.98499
1335,2.98499,2.98499
1336,2.98499,2.98499
1337,2.98499,2.98499
1338,2.98499,2.98499
1339,2.98499,2.98499
1340,2.98499,2.98499
1341,2.98499,2.98499
1342,2.98499,2.98499
1343,2.98499,2.98499
1344,2.98499,2.98499
1345,2.98499,2.98499
1346,2.98499,2.98499
1347,2.98499,2.98499
1348,2.98499,2.98499
1349,2.98499,2.98499
1350,2.98499,2.98499
1351,2.98499,2.98499
1352,3.09401,3.09401
1353,3.09401,3.09401
1354,3.09401,3.09401
1355,3.09401,3.09401
1356,3.09401,3.09401
1357,3.09401,3.09401
1358,3.09401,3.09401
1359,3.09401,3.09401
1360,3.09401,3.09401
1361,3.09401,3.09401
1362,3.09401,3.09401
1363,3.09401,3.09401
1364,3.09401,3.09401
1365,3.09401,3.09401
1366,3.09401,3.09401
1367,3.09401,3.09401
1368,3.09401,3.09401
1369,3.09401,3.09401
1370,3.09401,3.09401
1371,3.09401,3.09401
1372,3.09401,3.09401
1373,2.86329,2.86329
1374,2.86329,2.86329
1375,2.86329,2.86329
1376,2.86329,2.86329
1377,2.86329,2.86329
1378,2.9442,2.9442
1379,2.9442,2.9442
1380,2.9442,2.9442
1381,2.9442,2.9442
1382,2.9442,2.9442
1383,2.86329,2.86329
1384,2.86329,2.86329
1385,2.78282,2.78282
1386,2.78282,2.78282
1387,2.78282,2.78282
1388,2.78282,2.78282
1389,2.60117,2.60117
1390,2.40878,2.40878
1391,2.40878,2.40878
1392,2.40878,2.40878
1393,2.40878,2.40878
1394,2.40878,2.40878
1395,2.40878,2.40878
1396,2.40878,2.40878
1397,2.40878,2.40878
1398,2.33398,2.33398
1399,2.33398,2.33398
1400,2.33398,2.33398
1401,2.33398,2.33398
1402,2.33398,2.33398
1403,2.33398,2.33398
1404,2.33398,2.33398
1405,2.33398,2.33398
1406,2.33398,2.33398
1407,2.33398,2.33398
1408,2.33398,2.33398
1409,2.33398,2.33398
1410,2.33398,2.33398
1411,2.33398,2.33398
1412,2.33398,2.33398
1413,2.33398,2.33398
1414,2.33398,2.33398
1415,2.33398,2.33398
1416,2.33398,2.33398
1417,2.33398,2.33398
1418,2.33398,2.33398
1419,2.33398,2.33398
1420,2.33398,2.33398
1421,2.33398,2.33398
1422,2.33398,2.33398
1423,2.33398,2.33398
1424,2.33398,2.33398
1425,2.33398,2.33398
1426,2.33398,2.33398
1427,2.33398,2.33398
1428,2.33398,2.33398
1429,2.37841,2.37841
1430,2.37841,2.37841
1431,2.37841,2.37841
1432,2.37841,2.37841
1433,2.37841,2.37841
1434,2.37841,2.37841
1435,2.37841,2.37841
1436,2.37841,2.37841
1437,2.37841,2.37841
1438,2.37841,2.37841
1439,2.37841,2.37841
1440,2.37841,2.37841
1441,2.37841,2.37841
1442,2.37841,2.37841
1443,2.37841,2.37841
1444,2.37841,2.37841
1445,2.37841,2.37841
1446,2.37841,2.37841
1447,2.37841,2.37841
1448,2.37841,2.37841
1449,2.37841,2.37841
1450,2.52134,2.52134
1451,2.52134,2.52134
1452,2.52134,2.52134
1453,2.58299,2.58299
1454,2.58299,2.58299
1455,2.63449,2.63449
1456,2.63449,2.63449
1457,2.63449,2.63449
1458,2.63449,2.63449
1459,2.63449,2.63449
1460,2.72337,2.72337
1461,2.72337,2.72337
1462,2.72337,2.72337
1463,2.72337,2.72337
1464,2.9442,2.9442
1465,2.9442,2.9442
1466,2.9442,2.9442
1467,2.9442,2.9442
1468,2.9442,2.9442
1469,2.9442,2.9442
1470,2.9442,2.9442
1471,3.92699,-2.35619
1472,3.92699,-2.35619
1473,2.35619,2.35619
1474,2.35619,2.35619
1475,3.92699,-2.35619
1476,3.92699,-2.35619
1477,2.35619,2.35619
1478,2.35619,2.35619
1479,3.68201,-2.60117
1480,3.68201,-2.60117
1481,3.68201,-2.60117
1482,3.68201,-2.60117
1483,3.68201,-2.60117
1484,3.68201,-2.60117
1485,3.81633,-2.46685
1486,3.81633,-2.46685
1487,3.81633,-2.46685
1488,3.81633,-2.46685
1489,3.81633,-2.46685
1490,3.81633,-2.46685
1491,3.81633,-2.46685
1492,3.81633,-2.46685
1493,3.81633,-2.46685
1494,4.06889,-2.2143
1495,4.06889,-2.2143
1496,4.06889,-2.2143
1497,4.06889,-2.2143
1498,4.06889,-2.2143
1499,4.06889,-2.2143
1500,4.06889,-2.2143
1501,4.43409,-1.8491
1502,4.43409,-1.8491
1503,4.43409,-1.8491
1504,4.43409,-1.8491
1505,4.53254,-1.75065
1506,4.53254,-1.75065
1507,4.53254,-1.75065
1508,4.53254,-1.75065
1509,4.53254,-1.75065
1510,4.53254,-1.75065
1511,4.64582,-1.63736
1512,4.64582,-1.63736
1513,4.64582,-1.63736
1514,4.64582,-1.63736
1515,4.64582,-1.63736
1516,4.64582,-1.63736
1517,4.64582,-1.63736
1518,4.64582,-1.63736
1519,4.77896,-1.50423
1520,4.77896,-1.50423
1521,4.77896,-1.50423
1522,4.77896,-1.50423
1523,4.77896,-1.50423
1524,4.77896,-1.50423
1525,4.77896,-1.50423
1526,4.78633,-1.49686
1527,4.78633,-1.49686
1528,4.78633,-1.49686
1529,4.78633,-1.49686
1530,4.78633,-1.49686
1531,4.78633,-1.49686
1532,4.78633,-1.49686
1533,4.78633,-1.49686
1534,4.78633,-1.49686
1535,4.78633,-1.49686
1536,4.78633,-1.49686
1537,4.78633,-1.49686
1538,4.78633,-1.49686
1539,4.78633,-1.49686
1540,5.35589,-0.927295
1541,5.35589,-0.927295
1542,5.35589,-0.927295
1543,5.35589,-0.927295
1544,5.35589,-0.927295
1545,4.76497,-1.51821
1546,4.76497,-1.51821
1547,4.76497,-1.51821
1548,4.76497,-1.51821
1549,4.76497,-1.51821
1550,4.76497,-1.51821
1551,4.76497,-1.51821
1552,4.76497,-1.51821
1553,4.76497,-1.51821
1554,4.76497,-1.51821
1555,4.76497,-1.51821
1556,4.76497,-1.51821
1557,4.76497,-1.51821
1558,4.76497,-1.51821
1559,4.76497,-1.51821
1560,4.76497,-1.51821
1561,4.76497,-1.51821
1562,4.76497,-1.51821
1563,4.76497,-1.51821
1564,4.76497,-1.51821
1565,4.76497,-1.51821
1566,4.76497,-1.51821
1567,4.76497,-1.51821
1568,4.76497,-1.51821
1569,4.58803,-1.69515
1570,4.58803,-1.69515
1571,4.58803,-1.69515
1572,4.58803,-1.69515
1573,3.46334,-2.81984
1574,3.46334,-2.81984
1575,2.81984,2.81984
1576,2.49809,2.49809
1577,2.49809,2.49809
1578,2.2143,2.2143
1579,2.2143,2.2143
1580,2.2143,2.2143
1581,2.2143,2.2143
1582,3.10315,3.10315
1583,3.10315,3.10315
1584,3.10315,3.10315
1585,3.10315,3.10315
1586,3.10315,3.10315
1587,3.10315,3.10315
1588,3.10315,3.10315
1589,3.10315,3.10315
1590,3.10315,3.10315
1591,3.10315,3.10315
1592,3.10315,3.10315
1593,3.10315,3.10315
1594,3.10315,3.10315
1595,3.18004,-3.10315
1596,3.18004,-3.10315
1597,3.18004,-3.10315
1598,3.18004,-3.10315
1599,3.18004,-3.10315
1600,3.18004,-3.10315
1601,3.18004,-3.10315
1602,3.18004,-3.10315
1603,3.18004,-3.10315
1604,3.18004,-3.10315
1605,3.18004,-3.10315
1606,3.18004,-3.10315
1607,3.18004,-3.10315
1608,3.18004,-3.10315
1609,3.18004,-3.10315
1610,3.18004,-3.10315
1611,2.97644,2.97644
1612,2.97644,2.97644
1613,2.97644,2.97644
1614,2.97644,2.97644
1615,2.97644,2.97644
1616,2.97644,2.97644
1617,2.97644,2.97644
1618,2.97644,2.97644
1619,2.97644,2.97644
1620,2.86329,2.86329
1621,2.86329,2.86329
1622,2.78282,2.78282
1623,2.78282,2.78282
1624,2.71497,2.71497
1625,2.71497,2.71497
1626,2.71497,2.71497
1627,2.71497,2.71497
1628,2.71497,2.71497
1629,2.71497,2.71497
1630,2.71497,2.71497
1631,2.71497,2.71497
1632,2.71497,2.71497
1633,2.71497,2.71497
1634,2.71497,2.71497
1635,2.71497,2.71497
1636,2.71497,2.71497
1637,2.71497,2.71497
1638,2.71497,2.71497
1639,2.71497,2.71497
1640,2.55359,2.55359
1641,2.55359,2.55359
1642,2.55359,2.55359
1643,2.9442,2.9442
1644,2.9442,2.9442
1645,2.9442,2.9442
1646,2.9442,2.9442
1647,2.9442,2.9442
1648,2.86329,2.86329
1649,2.86329,2.86329
1650,2.78282,2.78282
1651,2.78282,2.78282
1652,2.72337,2.72337
1653,2.72337,2.72337
1654,2.72337,2.72337
1655,2.72337,2.72337
1656,2.72337,2.72337
1657,2.63449,2.63449
1658,2.63449,2.63449
1659,2.63449,2.63449
1660,2.63449,2.63449
1661,2.63449,2.63449
1662,2.63449,2.63449
1663,2.63449,2.63449
1664,2.63449,2.63449
1665,2.63449,2.63449
1666,2.76109,2.76109
1667,2.76109,2.76109
1668,2.76109,2.76109
1669,2.76109,2.76109
1670,2.03444,2.03444
1671,2.03444,2.03444
1672,2.72337,2.72337
1673,2.72337,2.72337
1674,2.72337,2.72337
1675,2.72337,2.72337
1676,2.72337,2.72337
1677,2.72337,2.72337
1678,2.72337,2.72337
1679,2.72337,2.72337
1680,2.72337,2.72337
1681,2.79857,2.79857
1682,2.79857,2.79857
1683,2.79857,2.79857
1684,2.79857,2.79857
1685,2.79857,2.79857
1686,2.79857,2.79857
1687,2.84309,2.84309
1688,2.84309,2.84309
1689,2.84309,2.84309
1690,2.84309,2.84309
1691,2.84309,2.84309
1692,2.84309,2.84309
1693,2.84309,2.84309
1694,2.84309,2.84309
1695,2.84309,2.84309
1696,2.84309,2.84309
1697,2.84309,2.84309
1698,2.84309,2.84309
1699,2.84309,2.84309
1700,2.84309,2.84309
1701,2.55359,2.55359
1702,2.55359,2.55359
1703,2.55359,2.55359
1704,2.85014,2.85014
1705,2.85014,2.85014
1706,2.85014,2.85014
1707,2.85014,2.85014
1708,2.85014,2.85014
1709,2.85014,2.85014
1710,2.85014,2.85014
1711,2.85014,2.85014
1712,2.9442,2.9442
1713,2.9442,2.9442
1714,2.9442,2.9442
1715,3.36026,-2.92292
1716,3.36026,-2.92292
1717,3.36026,-2.92292
1718,3.36026,-2.92292
1719,3.36026,-2.92292
1720,3.36026,-2.92292
1721,3.36026,-2.92292
1722,3.5221,-2.76109
1723,3.5221,-2.76109
1724,3.68201,-2.60117
1725,3.78509,-2.49809
1726,3.78509,-2.49809
1727,4.06889,-2.2143
1728,4.06889,-2.2143
1729,4.17197,-2.11122
1730,4.17197,-2.11122
1731,4.33188,-1.9513
1732,4.64997,-1.63322
1733,4.64997,-1.63322
1734,4.64997,-1.63322
1735,4.64997,-1.63322
1736,4.64997,-1.63322
1737,4.64997,-1.63322
1738,4.64997,-1.63322
1739,4.64997,-1.63322
1740,4.64997,-1.63322
1741,4.64997,-1.63322
1742,4.64997,-1.63322
1743,4.64997,-1.63322
1744,4.64997,-1.63322
1745,4.64997,-1.63322
1746,4.64997,-1.63322
1747,4.64997,-1.63322
1748,4.12439,-2.1588
1749,4.12439,-2.1588
1750,4.12439,-2.1588
1751,4.12439,-2.1588
1752,4.12439,-2.1588
1753,4.12439,-2.1588
1754,4.12439,-2.1588
1755,4.12439,-2.1588
1756,4.39064,-1.89255
1757,4.39064,-1.89255
1758,4.39064,-1.89255
1759,4.10166,-2.18152
1760,4.10166,-2.18152
1761,4.10166,-2.18152
1762,4.10166,-2.18152
1763,4.10166,-2.18152
1764,4.10166,-2.18152
1765,4.10166,-2.18152
1766,4.10166,-2.18152
1767,4.10166,-2.18152
1768,4.10166,-2.18152
1769,4.10166,-2.18152
1770,4.10166,-2.18152
1771,3.84385,-2.43934
1772,3.84385,-2.43934
1773,3.84385,-2.43934
1774,3.84385,-2.43934
1775,3.84385,-2.43934
1776,3.84385,-2.43934
1777,3.84385,-2.43934
1778,3.84385,-2.43934
1779,3.84385,-2.43934
1780,3.84385,-2.43934
1781,3.84385,-2.43934
1782,3.84385,-2.43934
1783,3.84385,-2.43934
1784,3.84385,-2.43934
1785,3.84385,-2.43934
1786,3.86823,-2.41495
1787,3.86823,-2.41495
1788,3.86823,-2.41495
1789,3.86823,-2.41495
1790,3.86823,-2.41495
1791,3.86823,-2.41495
1792,3.86823,-2.41495
1793,3.98575,-2.29744
1794,3.98575,-2.29744
1795,3.98575,-2.29744
1796,3.98575,-2.29744
1797,3.98575,-2.29744
1798,3.98575,-2.29744
1799,3.98575,-2.29744
1800,3.98575,-2.29744
1801,3.98575,-2.29744
1802,3.60524,-2.67795
1803,3.60524,-2.67795
1804,4.12439,-2.1588
1805,4.12439,-2.1588
1806,4.12439,-2.1588
1807,4.12439,-2.1588
1808,4.12439,-2.1588
1809,4.39064,-1.89255
1810,4.39064,-1.89255
1811,4.39064,-1.89255
1812,4.06889,-2.2143
1813,4.06889,-2.2143
1814,4.06889,-2.2143
1815,4.06889,-2.2143
1816,4.06889,-2.2143
1817,4.17197,-2.11122
1818,4.17197,-2.11122
1819,4.33188,-1.9513
1820,4.42093,-1.86225
1821,4.42093,-1.86225
1822,4.42093,-1.86225
1823,4.42093,-1.86225
1824,4.42093,-1.86225
1825,4.42093,-1.86225
1826,4.42093,-1.86225
1827,4.42093,-1.86225
1828,4.42093,-1.86225
1829,4.42093,-1.86225
1830,4.42093,-1.86225
1831,4.42093,-1.86225
1832,4.42093,-1.86225
1833,4.58803,-1.69515
1834,4.58803,-1.69515
1835,4.58803,-1.69515
1836,4.58803,-1.69515
1837,4.58803,-1.69515
1838,4.58803,-1.69515
1839,4.58803,-1.69515
1840,4.58803,-1.69515
1841,4.3075,-1.97569
1842,4.3075,-1.97569
1843,4.3075,-1.97569
1844,4.3075,-1.97569
1845,4.3075,-1.97569
1846,4.3075,-1.97569
1847,4.3075,-1.97569
1848,4.46741,-1.81577
1849,4.46741,-1.81577
1850,4.46741,-1.81577
1851,4.46741,-1.81577
1852,4.33188,-1.9513
1853,4.33188,-1.9513
1854,4.33188,-1.9513
1855,4.33188,-1.9513
1856,4.51499,-1.76819
1857,4.51499,-1.76819
1858,4.51499,-1.76819
1859,4.51499,-1.76819
1860,4.51499,-1.76819
1861,4.43409,-1.8491
1862,4.43409,-1.8491
1863,4.35362,-1.92957
1864,4.35362,-1.92957
1865,4.3075,-1.97569
1866,4.3075,-1.97569
1867,4.3075,-1.97569
1868,4.3075,-1.97569
1869,4.3075,-1.97569
1870,4.3075,-1.97569
1871,4.3075,-1.97569
1872,4.62925,-1.65394
1873,4.62925,-1.65394
1874,4.62925,-1.65394
1875,4.62925,-1.65394
1876,4.62925,-1.65394
1877,4.62925,-1.65394
1878,4.62925,-1.65394
1879,4.62925,-1.65394
1880,4.62925,-1.65394
1881,4.62925,-1.65394
1882,4.62925,-1.65394
1883,4.62925,-1.65394
1884,4.59528,-1.68791
1885,4.59528,-1.68791
1886,4.59528,-1.68791
1887,4.59528,-1.68791
1888,4.59528,-1.68791
1889,4.59528,-1.68791
1890,4.59528,-1.68791
1891,4.59528,-1.68791
1892,4.59528,-1.68791
1893,4.53254,-1.75065
1894,4.53254,-1.75065
1895,4.53254,-1.75065
1896,4.53254,-1.75065
1897,4.53254,-1.75065
1898,4.53254,-1.75065
1899,4.53254,-1.75065
1900,4.57049,-1.71269
1901,4.57049,-1.71269
1902,4.57049,-1.71269
1903,4.57049,-1.71269
1904,4.85429,-1.4289
1905,4.85429,-1.4289
1906,4.85429,-1.4289
1907,5.30039,-0.982794
1908,5.30039,-0.982794
1909,5.30039,-0.982794
1910,4.99069,-1.2925
1911,4.99069,-1.2925
1912,4.99069,-1.2925
1913,4.99069,-1.2925
1914,4.85429,-1.4289
1915,4.85429,-1.4289
1916,4.85429,-1.4289
1917,4.85429,-1.4289
1918,4.57049,-1.71269
1919,4.57049,-1.71269
1920,4.57049,-1.71269
1921,4.43409,-1.8491
1922,4.43409,-1.8491
1923,4.43409,-1.8491
1924,4.43409,-1.8491
1925,4.43409,-1.8491
1926,4.61272,-1.67046
1927,4.61272,-1.67046
1928,4.61272,-1.67046
1929,4.61272,-1.67046
1930,4.61272,-1.67046
1931,4.61272,-1.67046
1932,4.61272,-1.67046
1933,4.61272,-1.67046
1934,4.61272,-1.67046
1935,4.61272,-1.67046
1936,4.49372,-1.78947
1937,4.49372,-1.78947
1938,4.49372,-1.78947
1939,4.49372,-1.78947
1940,4.49372,-1.78947
1941,4.33188,-1.9513
1942,4.33188,-1.9513
1943,4.33188,-1.9513
1944,4.33188,-1.9513
1945,4.58803,-1.69515
1946,4.58803,-1.69515
1947,4.58803,-1.69515
1948,4.58803,-1.69515
1949,4.58803,-1.69515
1950,4.58803,-1.69515
1951,4.58803,-1.69515
1952,4.58803,-1.69515
1953,4.33188,-1.9513
1954,4.33188,-1.9513
1955,4.15379,-2.1294
1956,4.15379,-2.1294
1957,4.15379,-2.1294
1958,4.15379,-2.1294
1959,4.15379,-2.1294
1960,4.15379,-2.1294
1961,4.15379,-2.1294
1962,3.7296,-2.55359
1963,3.7296,-2.55359
1964,3.7296,-2.55359
1965,4.12439,-2.1588
1966,4.12439,-2.1588
1967,4.12439,-2.1588
1968,3.7296,-2.55359
1969,3.7296,-2.55359
1970,3.7296,-2.55359
1971,4.46741,-1.81577
1972,4.46741,-1.81577
1973,4.46741,-1.81577
1974,4.46741,-1.81577
1975,4.46741,-1.81577
1976,4.46741,-1.81577
1977,4.46741,-1.81577
1978,4.46741,-1.81577
1979,4.46741,-1.81577
1980,4.46741,-1.81577
1981,4.46741,-1.81577
