#Grabcut execution time: 0s 345ms 345548us 
0.0000              34.1572             
1.0000              2.5783              
2.0000              1.7322              
3.0000              1.4727              
4.0000              1.3369              
5.0000              1.2571              
6.0000              1.1779              
7.0000              1.1481              
8.0000              1.1046              
9.0000              1.0935              
10.0000             1.0787              
11.0000             1.0468              
12.0000             1.0356              
13.0000             1.0142              
14.0000             0.9628              
15.0000             0.9623              
16.0000             0.9260              
17.0000             0.9122              
18.0000             0.9016              
19.0000             0.8864              
20.0000             0.8548              
21.0000             0.8597              
22.0000             0.8345              
23.0000             0.8207              
24.0000             0.7851              
25.0000             0.7964              
26.0000             0.7788              
27.0000             0.7602              
28.0000             0.7527              
29.0000             0.7551              
30.0000             0.7428              
31.0000             0.7428              
#Execution time: 14s 14349ms 14349785us 
