#Grabcut execution time: 0s 404ms 404432us 
0.0000              83.1362             
1.0000              32.7645             
2.0000              30.5858             
3.0000              30.6333             
4.0000              30.9024             
5.0000              30.8825             
6.0000              31.2720             
7.0000              31.4810             
8.0000              31.7511             
9.0000              31.8639             
10.0000             32.0171             
11.0000             32.1764             
12.0000             32.3013             
13.0000             32.3172             
14.0000             32.3415             
15.0000             32.0525             
16.0000             31.1324             
17.0000             30.1731             
18.0000             30.2505             
19.0000             30.2729             
20.0000             30.0564             
21.0000             30.1465             
22.0000             29.9214             
23.0000             30.0815             
24.0000             29.9164             
25.0000             30.0321             
26.0000             29.9104             
27.0000             30.1139             
28.0000             29.9083             
29.0000             29.8500             
30.0000             29.8805             
31.0000             29.8805             
#Execution time: 67s 67964ms 67964602us 
