#Grabcut execution time: 0s 349ms 349008us 
0.0000              33.9144             
1.0000              33.9144             
2.0000              33.7570             
3.0000              33.7092             
4.0000              33.6734             
5.0000              33.6478             
6.0000              33.6151             
7.0000              33.5916             
8.0000              33.5795             
9.0000              33.5710             
10.0000             33.5643             
11.0000             33.5594             
12.0000             33.5577             
13.0000             33.5564             
14.0000             33.5540             
15.0000             33.5519             
16.0000             33.5512             
17.0000             33.5509             
18.0000             33.5508             
19.0000             33.5508             
20.0000             33.5508             
21.0000             33.5508             
22.0000             33.5508             
23.0000             33.5508             
24.0000             33.5508             
25.0000             33.5508             
26.0000             33.5508             
27.0000             33.5508             
28.0000             33.5508             
29.0000             33.5508             
30.0000             33.5508             
31.0000             33.5508             
#Execution time: 47s 47455ms 47455262us 
