#Grabcut execution time: 0s 338ms 338179us 
0.0000              11.7533             
1.0000              1.2174              
2.0000              0.8631              
3.0000              0.7655              
4.0000              0.7021              
5.0000              0.6412              
6.0000              0.5879              
7.0000              0.5433              
8.0000              0.5035              
9.0000              0.4761              
10.0000             0.4528              
11.0000             0.4332              
12.0000             0.4235              
13.0000             0.4074              
14.0000             0.3965              
15.0000             0.3902              
16.0000             0.3834              
17.0000             0.3763              
18.0000             0.3708              
19.0000             0.3670              
20.0000             0.3632              
21.0000             0.3572              
22.0000             0.3531              
23.0000             0.3479              
24.0000             0.3453              
25.0000             0.3440              
26.0000             0.3393              
27.0000             0.3349              
28.0000             0.3333              
29.0000             0.3325              
30.0000             0.3284              
31.0000             0.3284              
#Execution time: 26s 26411ms 26411237us 
