#Grabcut execution time: 0s 340ms 340717us 
0.0000              169.8417            
1.0000              169.9141            
2.0000              169.7877            
3.0000              170.5636            
4.0000              170.9958            
5.0000              171.3193            
6.0000              171.6619            
7.0000              172.2742            
8.0000              172.6174            
9.0000              172.9621            
10.0000             173.3807            
11.0000             173.7828            
12.0000             174.1954            
13.0000             174.6126            
14.0000             175.0190            
15.0000             175.4632            
16.0000             175.8569            
17.0000             176.2286            
18.0000             176.6194            
19.0000             176.9696            
20.0000             177.3217            
21.0000             177.6689            
22.0000             178.0116            
23.0000             178.3413            
24.0000             178.7007            
25.0000             179.0187            
26.0000             179.3457            
27.0000             179.6716            
28.0000             179.9849            
29.0000             180.3069            
30.0000             180.6406            
31.0000             180.6406            
#Execution time: 71s 71707ms 71707163us 
