#Grabcut execution time: 0s 351ms 351446us 
0.0000              34.4778             
1.0000              15.6359             
2.0000              14.3936             
3.0000              14.3294             
4.0000              14.5148             
5.0000              14.7609             
6.0000              14.9646             
7.0000              15.0459             
8.0000              15.1748             
9.0000              15.2810             
10.0000             15.3934             
11.0000             15.4571             
12.0000             15.6239             
13.0000             15.6730             
14.0000             15.7156             
15.0000             15.7635             
16.0000             15.7736             
17.0000             15.7777             
18.0000             15.7890             
19.0000             15.7907             
20.0000             15.8008             
21.0000             15.8055             
22.0000             15.7883             
23.0000             15.7853             
24.0000             15.7823             
25.0000             15.7800             
26.0000             15.7794             
27.0000             15.7872             
28.0000             15.7845             
29.0000             15.7813             
30.0000             15.7793             
31.0000             15.7793             
#Execution time: 33s 33708ms 33708221us 
