#Grabcut execution time: 0s 337ms 337191us 
0.0000              514.3203            
1.0000              514.4834            
2.0000              512.2208            
3.0000              511.5781            
4.0000              511.0893            
5.0000              510.7440            
6.0000              510.2939            
7.0000              509.9905            
8.0000              509.8417            
9.0000              509.7433            
10.0000             509.6621            
11.0000             509.6033            
12.0000             509.5885            
13.0000             509.5836            
14.0000             509.5565            
15.0000             509.5294            
16.0000             509.5240            
17.0000             509.5214            
18.0000             509.5194            
19.0000             509.5194            
20.0000             509.5194            
21.0000             509.5194            
22.0000             509.5194            
23.0000             509.5194            
24.0000             509.5194            
25.0000             509.5194            
26.0000             509.5194            
27.0000             509.5194            
28.0000             509.5194            
29.0000             509.5194            
30.0000             509.5194            
31.0000             509.5194            
#Execution time: 33s 33362ms 33362852us 
