#Grabcut execution time: 0s 343ms 343154us 
0.0000              722.3144            
1.0000              558.1001            
2.0000              554.4221            
3.0000              548.1820            
4.0000              550.6278            
5.0000              549.0702            
6.0000              549.9091            
7.0000              550.2712            
8.0000              551.3685            
9.0000              552.6227            
10.0000             551.7878            
11.0000             550.6475            
12.0000             549.4582            
13.0000             549.5095            
14.0000             548.8951            
15.0000             550.3201            
16.0000             549.1386            
17.0000             546.9834            
18.0000             548.8517            
19.0000             547.2912            
20.0000             546.7831            
21.0000             547.4472            
22.0000             546.4842            
23.0000             548.0491            
24.0000             548.6322            
25.0000             548.3421            
26.0000             548.7125            
27.0000             549.5485            
28.0000             549.3059            
29.0000             547.9049            
30.0000             548.8733            
31.0000             548.8733            
#Execution time: 40s 40064ms 40064973us 
