n,tangent,t2
0,5.96143,-0.321751
1,5.96143,-0.321751
2,5.96143,-0.321751
3,5.96143,-0.321751
4,5.13061,-1.15257
5,5.13061,-1.15257
6,5.13061,-1.15257
7,5.13061,-1.15257
8,5.13061,-1.15257
9,5.13061,-1.15257
10,5.13061,-1.15257
11,5.13061,-1.15257
12,5.13061,-1.15257
13,5.13061,-1.15257
14,5.13061,-1.15257
15,5.13061,-1.15257
16,5.69518,-0.588003
17,5.69518,-0.588003
18,5.69518,-0.588003
19,5.30039,-0.982794
20,4.85429,-1.4289
21,4.85429,-1.4289
22,4.85429,-1.4289
23,4.85429,-1.4289
24,4.57049,-1.71269
25,4.57049,-1.71269
26,4.57049,-1.71269
27,4.49372,-1.78947
28,4.49372,-1.78947
29,4.49372,-1.78947
30,4.49372,-1.78947
31,4.49372,-1.78947
32,4.49372,-1.78947
33,4.49372,-1.78947
34,4.49372,-1.78947
35,4.95737,-1.32582
36,4.95737,-1.32582
37,5.30039,-0.982794
38,5.69518,-0.588003
39,6.03821,-0.244979
40,6.03821,-0.244979
41,6.03821,-0.244979
42,6.03821,-0.244979
43,5.87829,-0.404892
44,5.87829,-0.404892
45,5.87829,-0.404892
46,5.76404,-0.519146
47,5.76404,-0.519146
48,5.76404,-0.519146
49,5.60844,-0.674741
50,5.60844,-0.674741
51,5.60844,-0.674741
52,5.38713,-0.896055
53,5.38713,-0.896055
54,5.38713,-0.896055
55,5.38713,-0.896055
56,4.49372,-1.78947
57,4.49372,-1.78947
58,4.49372,-1.78947
59,4.49372,-1.78947
60,4.49372,-1.78947
61,4.49372,-1.78947
62,4.49372,-1.78947
63,4.49372,-1.78947
64,4.49372,-1.78947
65,4.49372,-1.78947
66,4.49372,-1.78947
67,4.49372,-1.78947
68,4.00376,-2.27942
69,4.00376,-2.27942
70,4.00376,-2.27942
71,4.00376,-2.27942
72,4.00376,-2.27942
73,4.00376,-2.27942
74,4.00376,-2.27942
75,4.00376,-2.27942
76,4.00376,-2.27942
77,4.00376,-2.27942
78,4.00376,-2.27942
79,4.58803,-1.69515
80,4.58803,-1.69515
81,4.58803,-1.69515
82,4.58803,-1.69515
83,4.83674,-1.44644
84,4.83674,-1.44644
85,4.83674,-1.44644
86,4.83674,-1.44644
87,5.30039,-0.982794
88,5.69518,-0.588003
89,6.21188,-0.0713075
90,6.21188,-0.0713075
91,6.21188,-0.0713075
92,6.21188,-0.0713075
93,6.21188,-0.0713075
94,6.21188,-0.0713075
95,6.21188,-0.0713075
96,6.21188,-0.0713075
97,6.21188,-0.0713075
98,6.21188,-0.0713075
99,6.21188,-0.0713075
100,6.21188,-0.0713075
101,6.21188,-0.0713075
102,6.21188,-0.0713075
103,5.63968,-0.643501
104,5.63968,-0.643501
105,5.35589,-0.927295
106,5.35589,-0.927295
107,4.95737,-1.32582
108,4.95737,-1.32582
109,4.46741,-1.81577
110,4.46741,-1.81577
111,4.06889,-2.2143
112,4.06889,-2.2143
113,4.06889,-2.2143
114,4.06889,-2.2143
115,4.06889,-2.2143
116,4.46741,-1.81577
117,4.46741,-1.81577
118,4.95737,-1.32582
119,4.95737,-1.32582
120,4.95737,-1.32582
121,4.95737,-1.32582
122,4.95737,-1.32582
123,4.95737,-1.32582
124,4.95737,-1.32582
125,6.14129,-0.141897
126,6.14129,-0.141897
127,6.14129,-0.141897
128,6.14129,-0.141897
129,6.14129,-0.141897
130,6.14129,-0.141897
131,6.14129,-0.141897
132,5.69518,-0.588003
133,5.69518,-0.588003
134,5.69518,-0.588003
135,4.24874,-2.03444
136,4.24874,-2.03444
137,5.17604,-1.10715
138,6.08579,-0.197396
139,6.08579,-0.197396
140,6.08579,-0.197396
141,6.08579,-0.197396
142,6.08579,-0.197396
143,6.00489,-0.2783
144,6.00489,-0.2783
145,6.00489,-0.2783
146,6.00489,-0.2783
147,5.60844,-0.674741
148,5.60844,-0.674741
149,5.60844,-0.674741
150,5.38713,-0.896055
151,5.38713,-0.896055
152,5.38713,-0.896055
153,4.90978,-1.3734
154,4.90978,-1.3734
155,4.90978,-1.3734
156,4.51499,-1.76819
157,4.51499,-1.76819
158,3.46334,-2.81984
159,3.46334,-2.81984
160,2.81984,2.81984
161,2.81984,2.81984
162,2.81984,2.81984
163,3.7296,-2.55359
164,3.7296,-2.55359
165,4.12439,-2.1588
166,4.39064,-1.89255
167,4.39064,-1.89255
168,5.03414,-1.24905
169,5.40713,-0.876058
170,5.40713,-0.876058
171,5.40713,-0.876058
172,5.40713,-0.876058
173,5.58845,-0.694738
174,5.58845,-0.694738
175,5.58845,-0.694738
176,5.58845,-0.694738
177,6.08579,-0.197396
178,6.08579,-0.197396
179,6.08579,-0.197396
180,6.08579,-0.197396
181,6.08579,-0.197396
182,5.53481,-0.748378
183,5.53481,-0.748378
184,5.53481,-0.748378
185,5.53481,-0.748378
186,5.53481,-0.748378
187,5.53481,-0.748378
188,5.53481,-0.748378
189,5.53481,-0.748378
190,5.53481,-0.748378
191,5.53481,-0.748378
192,5.53481,-0.748378
193,5.53481,-0.748378
194,5.53481,-0.748378
195,5.53481,-0.748378
196,5.53481,-0.748378
197,5.53481,-0.748378
198,5.53481,-0.748378
199,5.53481,-0.748378
200,5.53481,-0.748378
201,5.53481,-0.748378
202,5.53481,-0.748378
203,5.53481,-0.748378
204,5.53481,-0.748378
205,5.53481,-0.748378
206,5.53481,-0.748378
207,5.87829,-0.404892
208,5.87829,-0.404892
209,5.87829,-0.404892
210,5.87829,-0.404892
211,5.87829,-0.404892
212,5.87829,-0.404892
213,5.76404,-0.519146
214,5.76404,-0.519146
215,5.76404,-0.519146
216,5.72459,-0.558599
217,5.72459,-0.558599
218,5.72459,-0.558599
219,5.66294,-0.620249
220,5.66294,-0.620249
221,5.66294,-0.620249
222,5.66294,-0.620249
223,5.35589,-0.927295
224,5.35589,-0.927295
225,5.03414,-1.24905
226,5.03414,-1.24905
227,4.51499,-1.76819
228,4.51499,-1.76819
229,4.51499,-1.76819
230,4.51499,-1.76819
231,4.51499,-1.76819
232,4.90978,-1.3734
233,4.90978,-1.3734
234,5.38713,-0.896055
235,5.38713,-0.896055
236,5.38713,-0.896055
237,5.60844,-0.674741
238,5.60844,-0.674741
239,5.60844,-0.674741
240,6.08579,-0.197396
241,6.08579,-0.197396
242,6.08579,-0.197396
243,0.197396,0.197396
244,0.197396,0.197396
245,0.643501,0.643501
246,0.643501,0.643501
247,0.927295,0.927295
248,0.927295,0.927295
249,0.927295,0.927295
250,0.927295,0.927295
251,0.927295,0.927295
252,0.588003,0.588003
253,0.197396,0.197396
254,0.197396,0.197396
255,0.197396,0.197396
256,6.08579,-0.197396
257,6.08579,-0.197396
258,5.69518,-0.588003
259,5.69518,-0.588003
260,5.69518,-0.588003
261,5.96143,-0.321751
262,5.96143,-0.321751
263,0.321751,0.321751
264,0.588003,0.588003
265,0.588003,0.588003
266,0.588003,0.588003
267,0.0831412,0.0831412
268,0.0831412,0.0831412
269,0.0831412,0.0831412
270,0.0831412,0.0831412
271,0.0831412,0.0831412
272,0.0831412,0.0831412
273,0.0831412,0.0831412
274,0.0831412,0.0831412
275,0.0831412,0.0831412
276,0.0831412,0.0831412
277,0.0831412,0.0831412
278,0.0831412,0.0831412
279,0.694738,0.694738
280,0.694738,0.694738
281,0.694738,0.694738
282,0.694738,0.694738
283,0.876058,0.876058
284,0.876058,0.876058
285,0.876058,0.876058
286,0.876058,0.876058
287,1.03038,1.03038
288,1.03038,1.03038
289,1.03038,1.03038
290,1.03038,1.03038
291,1.03038,1.03038
292,0.463648,0.463648
293,5.63968,-0.643501
294,5.63968,-0.643501
295,5.63968,-0.643501
296,5.63968,-0.643501
297,5.63968,-0.643501
298,5.63968,-0.643501
299,5.96143,-0.321751
300,5.96143,-0.321751
301,5.96143,-0.321751
302,5.69518,-0.588003
303,5.30039,-0.982794
304,4.95737,-1.32582
305,4.95737,-1.32582
306,4.95737,-1.32582
307,4.95737,-1.32582
308,5.35589,-0.927295
309,5.35589,-0.927295
310,5.63968,-0.643501
311,5.63968,-0.643501
312,5.74277,-0.54042
313,5.74277,-0.54042
314,5.90268,-0.380506
315,6.11804,-0.165149
316,6.11804,-0.165149
317,6.11804,-0.165149
318,0.165149,0.165149
319,0.165149,0.165149
320,0.165149,0.165149
321,0.588003,0.588003
322,0.588003,0.588003
323,0.588003,0.588003
324,0.588003,0.588003
325,5.60844,-0.674741
326,5.60844,-0.674741
327,5.60844,-0.674741
328,5.60844,-0.674741
329,5.60844,-0.674741
330,5.60844,-0.674741
331,5.60844,-0.674741
332,6.20641,-0.0767719
333,6.20641,-0.0767719
334,6.20641,-0.0767719
335,6.20641,-0.0767719
336,6.20641,-0.0767719
337,6.20641,-0.0767719
338,6.20641,-0.0767719
339,6.20641,-0.0767719
340,6.20641,-0.0767719
341,6.20641,-0.0767719
342,6.20641,-0.0767719
343,6.20641,-0.0767719
344,6.20641,-0.0767719
345,6.20641,-0.0767719
346,6.20641,-0.0767719
347,6.20641,-0.0767719
348,6.20641,-0.0767719
349,0.197396,0.197396
350,0.197396,0.197396
351,0.197396,0.197396
352,0.197396,0.197396
353,5.81954,-0.463648
354,5.03414,-1.24905
355,5.03414,-1.24905
356,5.03414,-1.24905
357,5.30039,-0.982794
358,5.69518,-0.588003
359,6.08579,-0.197396
360,6.08579,-0.197396
361,6.08579,-0.197396
362,0.197396,0.197396
363,0.197396,0.197396
364,1.24905,1.24905
365,1.24905,1.24905
366,1.89255,1.89255
367,2.1588,2.1588
368,2.1588,2.1588
369,2.1588,2.1588
370,1.81577,1.81577
371,1.81577,1.81577
372,1.81577,1.81577
373,1.81577,1.81577
374,1.81577,1.81577
375,1.81577,1.81577
376,0.785398,0.785398
377,0.785398,0.785398
378,0.785398,0.785398
379,6.03821,-0.244979
380,6.03821,-0.244979
381,6.03821,-0.244979
382,0.244979,0.244979
383,0.244979,0.244979
384,0.674741,0.674741
385,0.674741,0.674741
386,0.674741,0.674741
387,0.896055,0.896055
388,0.896055,0.896055
389,0.896055,0.896055
390,1.32582,1.32582
391,1.32582,1.32582
392,1.32582,1.32582
393,1.32582,1.32582
394,0.2783,0.2783
395,0.2783,0.2783
396,0.2783,0.2783
397,0.2783,0.2783
398,0.2783,0.2783
399,0.2783,0.2783
400,6.03821,-0.244979
401,6.03821,-0.244979
402,5.03414,-1.24905
403,5.03414,-1.24905
404,4.39064,-1.89255
405,4.12439,-2.1588
406,4.12439,-2.1588
407,4.12439,-2.1588
408,4.12439,-2.1588
409,5.17604,-1.10715
410,6.03821,-0.244979
411,6.03821,-0.244979
412,0.244979,0.244979
413,0.244979,0.244979
414,0.588003,0.588003
415,0.588003,0.588003
416,0.588003,0.588003
417,0.588003,0.588003
418,0.588003,0.588003
419,0.588003,0.588003
420,0.982794,0.982794
421,1.24905,1.24905
422,1.24905,1.24905
423,1.24905,1.24905
424,0.463648,0.463648
425,5.81954,-0.463648
426,5.17604,-1.10715
427,5.17604,-1.10715
428,6.14129,-0.141897
429,6.14129,-0.141897
430,6.14129,-0.141897
431,6.14129,-0.141897
432,0.141897,0.141897
433,0.141897,0.141897
434,0.141897,0.141897
435,0.643501,0.643501
436,0.643501,0.643501
437,0.927295,0.927295
438,0.927295,0.927295
439,0.927295,0.927295
440,2.03444,2.03444
441,2.67795,2.67795
442,2.67795,2.67795
443,2.67795,2.67795
444,0.463648,0.463648
445,5.81954,-0.463648
446,5.81954,-0.463648
447,5.81954,-0.463648
448,0.141897,0.141897
449,0.141897,0.141897
450,0.141897,0.141897
451,0.141897,0.141897
452,0.141897,0.141897
453,0.141897,0.141897
454,0.141897,0.141897
455,0.141897,0.141897
456,0.588003,0.588003
457,0.982794,0.982794
458,1.32582,1.32582
459,1.32582,1.32582
460,1.81577,1.81577
461,1.81577,1.81577
462,2.1588,2.1588
463,2.55359,2.55359
464,2.81984,2.81984
465,2.81984,2.81984
466,2.81984,2.81984
467,2.81984,2.81984
468,2.81984,2.81984
469,2.81984,2.81984
470,3.46334,-2.81984
471,3.46334,-2.81984
472,3.46334,-2.81984
473,2.49809,2.49809
474,2.49809,2.49809
475,2.49809,2.49809
476,2.49809,2.49809
477,2.49809,2.49809
478,2.49809,2.49809
479,2.9442,2.9442
480,2.9442,2.9442
481,2.9442,2.9442
482,3.33899,-2.9442
483,3.33899,-2.9442
484,3.33899,-2.9442
485,3.33899,-2.9442
486,2.49809,2.49809
487,2.49809,2.49809
488,2.49809,2.49809
489,2.49809,2.49809
490,2.49809,2.49809
491,2.60117,2.60117
492,2.60117,2.60117
493,2.60117,2.60117
494,2.60117,2.60117
495,2.60117,2.60117
496,2.49809,2.49809
497,2.49809,2.49809
498,2.49809,2.49809
499,2.49809,2.49809
500,2.49809,2.49809
501,2.60117,2.60117
502,2.60117,2.60117
503,2.60117,2.60117
504,2.60117,2.60117
505,2.60117,2.60117
506,2.03444,2.03444
507,1.10715,1.10715
508,0.321751,0.321751
509,0.321751,0.321751
510,0.321751,0.321751
511,0.674741,0.674741
512,0.674741,0.674741
513,0.674741,0.674741
514,0.896055,0.896055
515,0.896055,0.896055
516,0.896055,0.896055
517,0.950547,0.950547
518,0.950547,0.950547
519,0.950547,0.950547
520,0.950547,0.950547
521,0.950547,0.950547
522,0.950547,0.950547
523,0.950547,0.950547
524,0.86217,0.86217
525,0.86217,0.86217
526,0.86217,0.86217
527,0.86217,0.86217
528,0.86217,0.86217
529,0.86217,0.86217
530,0.86217,0.86217
531,0.86217,0.86217
532,0.86217,0.86217
533,0.86217,0.86217
534,0.86217,0.86217
535,1.24905,1.24905
536,1.24905,1.24905
537,1.24905,1.24905
538,0.927295,0.927295
539,0.927295,0.927295
540,0.643501,0.643501
541,0.643501,0.643501
542,0.54042,0.54042
543,0.54042,0.54042
544,0.380506,0.380506
545,0.218669,0.218669
546,0.218669,0.218669
547,0.218669,0.218669
548,0.218669,0.218669
549,0.218669,0.218669
550,0.0767719,0.0767719
551,0.0767719,0.0767719
552,0.0767719,0.0767719
553,0.0767719,0.0767719
554,0.0767719,0.0767719
555,0.0767719,0.0767719
556,0.0767719,0.0767719
557,6.20641,-0.0767719
558,6.20641,-0.0767719
559,6.20641,-0.0767719
560,6.20641,-0.0767719
561,6.20641,-0.0767719
562,6.20641,-0.0767719
563,5.87829,-0.404892
564,5.87829,-0.404892
565,5.87829,-0.404892
566,5.87829,-0.404892
567,5.87829,-0.404892
568,5.87829,-0.404892
569,5.87829,-0.404892
570,6.24617,-0.0370201
571,6.24617,-0.0370201
572,6.24617,-0.0370201
573,6.24617,-0.0370201
574,6.24617,-0.0370201
575,6.24617,-0.0370201
576,6.24617,-0.0370201
577,6.24617,-0.0370201
578,6.24617,-0.0370201
579,6.24617,-0.0370201
580,6.24617,-0.0370201
581,6.24617,-0.0370201
582,6.24617,-0.0370201
583,6.24617,-0.0370201
584,0.0370201,0.0370201
585,0.0370201,0.0370201
586,0.0370201,0.0370201
587,0.0370201,0.0370201
588,0.0370201,0.0370201
589,0.0370201,0.0370201
590,0.0370201,0.0370201
591,0.0370201,0.0370201
592,0.0370201,0.0370201
593,0.0370201,0.0370201
594,0.0370201,0.0370201
595,0.0370201,0.0370201
596,0.0370201,0.0370201
597,1.3734,1.3734
598,1.3734,1.3734
599,1.3734,1.3734
600,1.3734,1.3734
601,1.3734,1.3734
602,1.2925,1.2925
603,1.2925,1.2925
604,1.2925,1.2925
605,1.2925,1.2925
606,1.2925,1.2925
607,1.2925,1.2925
608,1.2925,1.2925
609,1.2925,1.2925
610,1.2925,1.2925
611,1.19029,1.19029
612,1.19029,1.19029
613,1.19029,1.19029
614,1.19029,1.19029
615,1.19029,1.19029
616,1.19029,1.19029
617,1.19029,1.19029
618,1.19029,1.19029
619,1.19029,1.19029
620,1.03038,1.03038
621,0.825377,0.825377
622,0.825377,0.825377
623,0.825377,0.825377
624,0.825377,0.825377
625,0.825377,0.825377
626,0.825377,0.825377
627,0.825377,0.825377
628,0.825377,0.825377
629,0.825377,0.825377
630,0.825377,0.825377
631,0.825377,0.825377
632,0.745419,0.745419
633,0.745419,0.745419
634,0.745419,0.745419
635,0.745419,0.745419
636,0.745419,0.745419
637,0.745419,0.745419
638,0.745419,0.745419
639,0.745419,0.745419
640,0.745419,0.745419
641,0.745419,0.745419
642,0.745419,0.745419
643,0.499347,0.499347
644,0.499347,0.499347
645,0.499347,0.499347
646,0.499347,0.499347
647,0.499347,0.499347
648,0.499347,0.499347
649,0.426627,0.426627
650,0.426627,0.426627
651,0.426627,0.426627
652,0.426627,0.426627
653,0.426627,0.426627
654,0.426627,0.426627
655,0.218669,0.218669
656,0.218669,0.218669
657,0.218669,0.218669
658,0.218669,0.218669
659,0.218669,0.218669
660,0.0906599,0.0906599
661,0.0906599,0.0906599
662,0.0906599,0.0906599
663,0.0906599,0.0906599
664,0.0906599,0.0906599
665,0.0906599,0.0906599
666,0.0906599,0.0906599
667,0.0906599,0.0906599
668,0.0906599,0.0906599
669,0.0906599,0.0906599
670,0.0906599,0.0906599
671,0.218669,0.218669
672,0.218669,0.218669
673,0.218669,0.218669
674,0.218669,0.218669
675,0.218669,0.218669
676,1.10715,1.10715
677,1.10715,1.10715
678,0.2783,0.2783
679,0.2783,0.2783
680,0.2783,0.2783
681,0.2783,0.2783
682,0.0831412,0.0831412
683,0.0831412,0.0831412
684,0.0831412,0.0831412
685,0.0831412,0.0831412
686,0.0831412,0.0831412
687,0.0831412,0.0831412
688,6.20004,-0.0831412
689,6.20004,-0.0831412
690,6.20004,-0.0831412
691,6.20004,-0.0831412
692,6.20004,-0.0831412
693,6.20004,-0.0831412
694,6.16608,-0.117109
695,6.16608,-0.117109
696,6.16608,-0.117109
697,6.16608,-0.117109
698,6.16608,-0.117109
699,6.16608,-0.117109
700,6.16608,-0.117109
701,6.16608,-0.117109
702,6.16608,-0.117109
703,6.06452,-0.218669
704,6.06452,-0.218669
705,6.06452,-0.218669
706,6.06452,-0.218669
707,6.06452,-0.218669
708,6.06452,-0.218669
709,6.14129,-0.141897
710,6.14129,-0.141897
711,6.14129,-0.141897
712,6.14129,-0.141897
713,6.14129,-0.141897
714,6.14129,-0.141897
715,6.14129,-0.141897
716,6.00489,-0.2783
717,6.00489,-0.2783
718,5.92441,-0.358771
719,5.92441,-0.358771
720,5.87077,-0.41241
721,5.87077,-0.41241
722,5.87077,-0.41241
723,5.87077,-0.41241
724,5.87077,-0.41241
725,5.87077,-0.41241
726,5.87077,-0.41241
727,5.87077,-0.41241
728,5.87077,-0.41241
729,5.87077,-0.41241
730,5.85078,-0.432408
731,5.85078,-0.432408
732,5.85078,-0.432408
733,5.85078,-0.432408
734,5.85078,-0.432408
735,5.85078,-0.432408
736,5.85078,-0.432408
737,5.85078,-0.432408
738,5.78924,-0.493941
739,5.78924,-0.493941
740,5.78924,-0.493941
741,5.78924,-0.493941
742,5.78924,-0.493941
743,5.78924,-0.493941
744,5.78924,-0.493941
745,5.66294,-0.620249
746,5.66294,-0.620249
747,5.66294,-0.620249
748,5.66294,-0.620249
749,5.66294,-0.620249
750,5.66294,-0.620249
751,5.66294,-0.620249
752,5.66294,-0.620249
753,5.66294,-0.620249
754,5.66294,-0.620249
755,5.66294,-0.620249
756,0.643501,0.643501
757,0.643501,0.643501
758,0.643501,0.643501
759,0.927295,0.927295
760,0.927295,0.927295
761,1.03038,1.03038
762,1.03038,1.03038
763,1.19029,1.19029
764,1.35213,1.35213
765,1.35213,1.35213
766,1.35213,1.35213
767,1.35213,1.35213
768,1.35213,1.35213
769,1.47113,1.47113
770,1.47113,1.47113
771,1.47113,1.47113
772,1.47113,1.47113
773,1.47113,1.47113
774,1.47113,1.47113
775,1.47113,1.47113
776,1.47113,1.47113
777,1.47113,1.47113
778,1.47113,1.47113
779,0.982794,0.982794
780,0.982794,0.982794
781,0.982794,0.982794
782,1.49402,1.49402
783,1.49402,1.49402
784,1.49402,1.49402
785,1.49402,1.49402
786,1.49402,1.49402
787,1.49402,1.49402
788,1.49402,1.49402
789,1.64757,1.64757
790,1.64757,1.64757
791,1.64757,1.64757
792,1.64757,1.64757
793,1.64757,1.64757
794,1.64757,1.64757
795,2.1588,2.1588
796,2.1588,2.1588
797,2.1588,2.1588
798,1.76819,1.76819
799,1.76819,1.76819
800,1.76819,1.76819
801,1.3734,1.3734
802,1.3734,1.3734
803,1.3734,1.3734
804,1.3734,1.3734
805,1.3734,1.3734
806,1.73595,1.73595
807,1.73595,1.73595
808,1.73595,1.73595
809,1.73595,1.73595
810,1.73595,1.73595
811,1.73595,1.73595
812,1.73595,1.73595
813,1.73595,1.73595
814,1.73595,1.73595
815,1.73595,1.73595
816,1.73595,1.73595
817,1.73595,1.73595
818,1.73595,1.73595
819,1.40565,1.40565
820,1.40565,1.40565
821,1.40565,1.40565
822,1.40565,1.40565
823,5.49779,-0.785398
824,5.49779,-0.785398
825,1.10715,1.10715
826,1.76819,1.76819
827,1.76819,1.76819
828,1.76819,1.76819
829,1.76819,1.76819
830,1.76819,1.76819
831,1.3734,1.3734
832,1.3734,1.3734
833,0.218669,0.218669
834,0.218669,0.218669
835,0.218669,0.218669
836,0.218669,0.218669
837,0.218669,0.218669
838,0.141897,0.141897
839,0.141897,0.141897
840,0.141897,0.141897
841,0.141897,0.141897
842,0.141897,0.141897
843,0.141897,0.141897
844,0.141897,0.141897
845,0.643501,0.643501
846,0.643501,0.643501
847,0.927295,0.927295
848,0.927295,0.927295
849,0.927295,0.927295
850,2.1588,2.1588
851,2.1588,2.1588
852,2.55359,2.55359
853,2.9442,2.9442
854,2.9442,2.9442
855,2.9442,2.9442
856,2.9442,2.9442
857,2.9442,2.9442
858,2.85014,2.85014
859,2.85014,2.85014
860,2.85014,2.85014
861,2.85014,2.85014
862,2.79282,2.79282
863,2.79282,2.79282
864,2.79282,2.79282
865,2.79282,2.79282
866,2.7367,2.7367
867,2.7367,2.7367
868,2.7367,2.7367
869,2.62245,2.62245
870,2.62245,2.62245
871,2.62245,2.62245
872,2.62245,2.62245
873,2.62245,2.62245
874,2.62245,2.62245
875,3.05845,3.05845
876,3.05845,3.05845
877,3.05845,3.05845
878,3.05845,3.05845
879,3.05845,3.05845
880,3.05845,3.05845
881,3.05845,3.05845
882,3.05845,3.05845
883,3.05845,3.05845
884,3.05845,3.05845
885,3.05845,3.05845
886,3.05845,3.05845
887,2.55359,2.55359
888,2.55359,2.55359
889,2.55359,2.55359
890,2.9442,2.9442
891,2.9442,2.9442
892,2.9442,2.9442
893,2.9442,2.9442
894,2.9442,2.9442
895,2.76109,2.76109
896,2.76109,2.76109
897,2.76109,2.76109
898,2.76109,2.76109
899,2.92292,2.92292
900,2.92292,2.92292
901,2.92292,2.92292
902,2.92292,2.92292
903,2.92292,2.92292
904,3.05845,3.05845
905,3.05845,3.05845
906,3.05845,3.05845
907,3.05845,3.05845
908,3.05845,3.05845
909,3.05845,3.05845
910,3.05845,3.05845
911,3.05845,3.05845
912,3.05845,3.05845
913,3.05845,3.05845
914,3.05845,3.05845
915,3.05845,3.05845
916,2.86329,2.86329
917,2.86329,2.86329
918,2.86329,2.86329
919,2.86329,2.86329
920,2.03444,2.03444
921,2.03444,2.03444
922,2.97644,2.97644
923,2.97644,2.97644
924,2.97644,2.97644
925,2.97644,2.97644
926,2.97644,2.97644
927,2.97644,2.97644
928,2.86329,2.86329
929,2.86329,2.86329
930,2.86329,2.86329
931,2.86329,2.86329
932,2.03444,2.03444
933,2.03444,2.03444
934,2.9442,2.9442
935,2.9442,2.9442
936,2.9442,2.9442
937,2.9442,2.9442
938,2.9442,2.9442
939,2.55359,2.55359
940,2.55359,2.55359
941,2.55359,2.55359
942,2.89661,2.89661
943,2.89661,2.89661
944,2.89661,2.89661
945,2.89661,2.89661
946,2.62245,2.62245
947,2.62245,2.62245
948,2.62245,2.62245
949,2.62245,2.62245
950,2.62245,2.62245
951,2.62245,2.62245
952,2.62245,2.62245
953,2.62245,2.62245
954,2.62245,2.62245
955,2.62245,2.62245
956,2.62245,2.62245
957,2.43297,2.43297
958,2.43297,2.43297
959,2.43297,2.43297
960,2.43297,2.43297
961,2.43297,2.43297
962,2.27942,2.27942
963,2.27942,2.27942
964,2.27942,2.27942
965,2.27942,2.27942
966,2.27942,2.27942
967,1.64757,1.64757
968,1.64757,1.64757
969,1.64757,1.64757
970,1.64757,1.64757
971,1.64757,1.64757
972,1.64757,1.64757
973,1.64757,1.64757
974,1.64757,1.64757
975,1.64757,1.64757
976,1.64757,1.64757
977,1.64757,1.64757
978,1.64757,1.64757
979,1.64757,1.64757
980,1.97569,1.97569
981,1.97569,1.97569
982,1.97569,1.97569
983,2.08994,2.08994
984,2.08994,2.08994
985,2.08994,2.08994
986,2.26553,2.26553
987,2.26553,2.26553
988,2.26553,2.26553
989,2.26553,2.26553
990,2.26553,2.26553
991,2.26553,2.26553
992,2.26553,2.26553
993,2.26553,2.26553
994,2.26553,2.26553
995,1.73595,1.73595
996,1.73595,1.73595
997,1.73595,1.73595
998,1.73595,1.73595
999,1.73595,1.73595
1000,1.73595,1.73595
1001,1.9513,1.9513
1002,1.9513,1.9513
1003,1.9513,1.9513
1004,1.9513,1.9513
1005,1.63322,1.63322
1006,1.63322,1.63322
1007,1.63322,1.63322
1008,1.63322,1.63322
1009,1.63322,1.63322
1010,1.63322,1.63322
1011,1.63322,1.63322
1012,1.63322,1.63322
1013,1.50838,1.50838
1014,1.50838,1.50838
1015,1.50838,1.50838
1016,1.50838,1.50838
1017,1.50838,1.50838
1018,1.50838,1.50838
1019,1.50838,1.50838
1020,1.50838,1.50838
1021,0.837981,0.837981
1022,0.837981,0.837981
1023,0.837981,0.837981
1024,0.837981,0.837981
1025,0.837981,0.837981
1026,0.837981,0.837981
1027,0.837981,0.837981
1028,0.837981,0.837981
1029,0.837981,0.837981
1030,0.837981,0.837981
1031,0.837981,0.837981
1032,0.837981,0.837981
1033,0.837981,0.837981
1034,0.837981,0.837981
1035,0.837981,0.837981
1036,0.837981,0.837981
1037,0.837981,0.837981
1038,0.837981,0.837981
1039,2.03444,2.03444
1040,2.03444,2.03444
1041,2.03444,2.03444
1042,1.10715,1.10715
1043,1.10715,1.10715
1044,1.10715,1.10715
1045,0.197396,0.197396
1046,0.197396,0.197396
1047,0.197396,0.197396
1048,0.197396,0.197396
1049,0.197396,0.197396
1050,0.588003,0.588003
1051,0.982794,0.982794
1052,1.40565,1.40565
1053,1.40565,1.40565
1054,1.40565,1.40565
1055,1.40565,1.40565
1056,1.40565,1.40565
1057,1.40565,1.40565
1058,0.380506,0.380506
1059,0.380506,0.380506
1060,0.380506,0.380506
1061,0.380506,0.380506
1062,0.380506,0.380506
1063,0.54042,0.54042
1064,0.54042,0.54042
1065,0.54042,0.54042
1066,0.54042,0.54042
1067,0.54042,0.54042
1068,0.54042,0.54042
1069,1.32582,1.32582
1070,1.32582,1.32582
1071,1.32582,1.32582
1072,1.32582,1.32582
1073,0.982794,0.982794
1074,0.588003,0.588003
1075,0.321751,0.321751
1076,0.321751,0.321751
1077,0.321751,0.321751
1078,1.24905,1.24905
1079,1.24905,1.24905
1080,1.89255,1.89255
1081,2.1588,2.1588
1082,2.60117,2.60117
1083,2.60117,2.60117
1084,2.60117,2.60117
1085,2.60117,2.60117
1086,2.60117,2.60117
1087,2.60117,2.60117
1088,2.60117,2.60117
1089,0.124355,0.124355
1090,0.124355,0.124355
1091,0.124355,0.124355
1092,0.124355,0.124355
1093,0.124355,0.124355
1094,0.124355,0.124355
1095,0.124355,0.124355
1096,0.124355,0.124355
1097,1.35213,1.35213
1098,1.35213,1.35213
1099,1.35213,1.35213
1100,1.35213,1.35213
1101,1.35213,1.35213
1102,1.35213,1.35213
1103,1.35213,1.35213
1104,1.35213,1.35213
1105,1.76819,1.76819
1106,1.76819,1.76819
1107,2.24554,2.24554
1108,2.24554,2.24554
1109,2.24554,2.24554
1110,2.46685,2.46685
1111,2.46685,2.46685
1112,2.46685,2.46685
1113,2.97644,2.97644
1114,2.97644,2.97644
1115,2.97644,2.97644
1116,3.30674,-2.97644
1117,3.30674,-2.97644
1118,3.30674,-2.97644
1119,3.81633,-2.46685
1120,3.81633,-2.46685
1121,3.81633,-2.46685
1122,4.03765,-2.24554
1123,4.03765,-2.24554
1124,4.03765,-2.24554
1125,4.17197,-2.11122
1126,4.17197,-2.11122
1127,4.17197,-2.11122
1128,4.17197,-2.11122
1129,4.17197,-2.11122
1130,3.60524,-2.67795
1131,2.55359,2.55359
1132,2.55359,2.55359
1133,2.55359,2.55359
1134,2.55359,2.55359
1135,2.55359,2.55359
1136,2.55359,2.55359
1137,2.03444,2.03444
1138,0.927295,0.927295
1139,0.927295,0.927295
1140,0.927295,0.927295
1141,0.927295,0.927295
1142,0.927295,0.927295
1143,0.927295,0.927295
1144,0.927295,0.927295
1145,1.76819,1.76819
1146,1.76819,1.76819
1147,1.76819,1.76819
1148,1.76819,1.76819
1149,1.76819,1.76819
1150,1.76819,1.76819
1151,1.76819,1.76819
1152,2.1588,2.1588
1153,2.55359,2.55359
1154,2.9442,2.9442
1155,2.9442,2.9442
1156,2.9442,2.9442
1157,2.9442,2.9442
1158,2.9442,2.9442
1159,2.03444,2.03444
1160,1.32582,1.32582
1161,1.32582,1.32582
1162,1.32582,1.32582
1163,1.32582,1.32582
1164,1.81577,1.81577
1165,1.81577,1.81577
1166,2.2143,2.2143
1167,2.2143,2.2143
1168,2.49809,2.49809
1169,2.49809,2.49809
1170,2.9442,2.9442
1171,2.9442,2.9442
1172,2.9442,2.9442
1173,2.9442,2.9442
1174,2.9442,2.9442
1175,2.26553,2.26553
1176,2.26553,2.26553
1177,2.26553,2.26553
1178,2.26553,2.26553
1179,2.26553,2.26553
1180,2.26553,2.26553
1181,2.44685,2.44685
1182,2.44685,2.44685
1183,2.44685,2.44685
1184,2.44685,2.44685
1185,2.89661,2.89661
1186,2.89661,2.89661
1187,3.38657,-2.89661
1188,3.38657,-2.89661
1189,3.5221,-2.76109
1190,3.5221,-2.76109
1191,3.68201,-2.60117
1192,3.68201,-2.60117
1193,3.68201,-2.60117
1194,3.68201,-2.60117
1195,3.68201,-2.60117
1196,2.55359,2.55359
1197,2.55359,2.55359
1198,2.55359,2.55359
1199,2.55359,2.55359
1200,2.89661,2.89661
1201,2.89661,2.89661
1202,2.89661,2.89661
1203,2.89661,2.89661
1204,2.49809,2.49809
1205,2.49809,2.49809
1206,2.49809,2.49809
1207,2.49809,2.49809
1208,2.49809,2.49809
1209,2.60117,2.60117
1210,2.60117,2.60117
1211,2.76109,2.76109
1212,2.9442,2.9442
1213,2.9442,2.9442
1214,2.9442,2.9442
1215,2.9442,2.9442
1216,2.9442,2.9442
1217,2.55359,2.55359
1218,2.55359,2.55359
1219,2.55359,2.55359
1220,2.81984,2.81984
1221,2.81984,2.81984
1222,3.46334,-2.81984
1223,3.46334,-2.81984
1224,3.46334,-2.81984
1225,2.67795,2.67795
1226,2.67795,2.67795
1227,2.67795,2.67795
1228,3.46334,-2.81984
1229,3.46334,-2.81984
1230,3.46334,-2.81984
1231,3.46334,-2.81984
1232,3.46334,-2.81984
1233,3.86042,-2.42276
1234,3.86042,-2.42276
1235,3.86042,-2.42276
1236,3.86042,-2.42276
1237,3.86042,-2.42276
1238,3.86042,-2.42276
1239,3.86042,-2.42276
1240,3.86042,-2.42276
1241,3.86042,-2.42276
1242,3.86042,-2.42276
1243,3.86042,-2.42276
1244,3.86042,-2.42276
1245,3.86042,-2.42276
1246,3.86042,-2.42276
1247,2.81984,2.81984
1248,2.81984,2.81984
1249,2.81984,2.81984
1250,3.50036,-2.78282
1251,3.50036,-2.78282
1252,3.50036,-2.78282
1253,3.50036,-2.78282
1254,3.50036,-2.78282
1255,3.50036,-2.78282
1256,3.50036,-2.78282
1257,3.50036,-2.78282
1258,4.46741,-1.81577
1259,4.46741,-1.81577
1260,4.95737,-1.32582
1261,4.95737,-1.32582
1262,4.95737,-1.32582
1263,4.95737,-1.32582
1264,4.57049,-1.71269
1265,4.57049,-1.71269
1266,4.57049,-1.71269
1267,4.57049,-1.71269
1268,4.57049,-1.71269
1269,4.57049,-1.71269
1270,4.57049,-1.71269
1271,4.57049,-1.71269
1272,4.3075,-1.97569
1273,4.3075,-1.97569
1274,4.3075,-1.97569
1275,4.3075,-1.97569
1276,4.3075,-1.97569
1277,4.3075,-1.97569
1278,4.3075,-1.97569
1279,4.46741,-1.81577
1280,4.46741,-1.81577
1281,4.46741,-1.81577
1282,4.46741,-1.81577
1283,3.7296,-2.55359
1284,3.7296,-2.55359
1285,3.7296,-2.55359
1286,4.01765,-2.26553
1287,4.01765,-2.26553
1288,4.01765,-2.26553
1289,4.01765,-2.26553
1290,4.01765,-2.26553
1291,4.01765,-2.26553
1292,4.01765,-2.26553
1293,4.01765,-2.26553
1294,4.01765,-2.26553
1295,4.01765,-2.26553
1296,4.01765,-2.26553
1297,4.01765,-2.26553
1298,4.17197,-2.11122
1299,4.17197,-2.11122
1300,4.33188,-1.9513
1301,4.46741,-1.81577
1302,4.46741,-1.81577
1303,4.95737,-1.32582
1304,4.95737,-1.32582
1305,5.81954,-0.463648
1306,5.81954,-0.463648
1307,5.03414,-1.24905
1308,5.03414,-1.24905
1309,4.51499,-1.76819
1310,4.51499,-1.76819
1311,4.51499,-1.76819
1312,4.51499,-1.76819
1313,4.51499,-1.76819
1314,4.90978,-1.3734
1315,4.90978,-1.3734
1316,5.30039,-0.982794
1317,5.69518,-0.588003
1318,6.21188,-0.0713075
1319,6.21188,-0.0713075
1320,6.21188,-0.0713075
1321,6.21188,-0.0713075
1322,6.21188,-0.0713075
1323,6.21188,-0.0713075
1324,6.21188,-0.0713075
1325,6.21188,-0.0713075
1326,6.21188,-0.0713075
1327,6.21188,-0.0713075
1328,6.21188,-0.0713075
1329,6.21188,-0.0713075
1330,6.21188,-0.0713075
1331,6.21188,-0.0713075
1332,5.69518,-0.588003
1333,5.30039,-0.982794
1334,5.03414,-1.24905
1335,5.03414,-1.24905
1336,4.39064,-1.89255
1337,3.33899,-2.9442
1338,3.33899,-2.9442
1339,3.33899,-2.9442
1340,3.33899,-2.9442
1341,3.33899,-2.9442
1342,3.7296,-2.55359
1343,4.17197,-2.11122
1344,4.17197,-2.11122
1345,4.17197,-2.11122
1346,4.33188,-1.9513
1347,4.33188,-1.9513
1348,4.33188,-1.9513
1349,5.03414,-1.24905
1350,5.81954,-0.463648
1351,0.674741,0.674741
1352,0.674741,0.674741
1353,0.674741,0.674741
1354,0.674741,0.674741
1355,0.674741,0.674741
1356,0.674741,0.674741
1357,0.674741,0.674741
1358,0.674741,0.674741
1359,0.674741,0.674741
1360,5.49779,-0.785398
1361,4.03765,-2.24554
1362,4.03765,-2.24554
1363,4.03765,-2.24554
1364,4.03765,-2.24554
1365,4.03765,-2.24554
1366,4.03765,-2.24554
1367,4.03765,-2.24554
1368,4.03765,-2.24554
1369,5.30039,-0.982794
1370,5.30039,-0.982794
1371,5.66294,-0.620249
1372,5.66294,-0.620249
1373,5.66294,-0.620249
1374,5.66294,-0.620249
1375,5.66294,-0.620249
1376,5.66294,-0.620249
1377,5.66294,-0.620249
1378,5.66294,-0.620249
1379,5.60844,-0.674741
1380,5.60844,-0.674741
1381,5.60844,-0.674741
1382,5.60844,-0.674741
1383,5.60844,-0.674741
1384,5.60844,-0.674741
1385,5.60844,-0.674741
1386,5.74277,-0.54042
1387,5.74277,-0.54042
1388,5.74277,-0.54042
1389,5.74277,-0.54042
1390,5.74277,-0.54042
1391,5.55654,-0.726642
1392,5.55654,-0.726642
1393,5.55654,-0.726642
1394,5.55654,-0.726642
1395,5.55654,-0.726642
1396,5.55654,-0.726642
1397,5.55654,-0.726642
1398,5.43903,-0.844154
1399,5.43903,-0.844154
1400,5.43903,-0.844154
1401,5.43903,-0.844154
1402,5.43903,-0.844154
1403,5.43903,-0.844154
1404,5.43903,-0.844154
1405,5.43903,-0.844154
1406,4.24874,-2.03444
1407,4.24874,-2.03444
1408,4.24874,-2.03444
1409,5.63968,-0.643501
1410,5.63968,-0.643501
1411,5.63968,-0.643501
1412,5.63968,-0.643501
1413,5.63968,-0.643501
1414,5.63968,-0.643501
1415,5.63968,-0.643501
1416,5.63968,-0.643501
1417,5.63968,-0.643501
1418,5.96143,-0.321751
1419,5.96143,-0.321751
1420,0.321751,0.321751
1421,0.321751,0.321751
1422,0.321751,0.321751
1423,5.27099,-1.0122
1424,5.27099,-1.0122
1425,5.27099,-1.0122
1426,5.27099,-1.0122
1427,5.27099,-1.0122
1428,5.27099,-1.0122
1429,5.27099,-1.0122
1430,5.21949,-1.0637
1431,5.21949,-1.0637
1432,5.21949,-1.0637
1433,5.21949,-1.0637
1434,5.21949,-1.0637
1435,5.13061,-1.15257
1436,5.13061,-1.15257
1437,5.13061,-1.15257
1438,5.13061,-1.15257
1439,4.93106,-1.35213
1440,4.93106,-1.35213
1441,4.93106,-1.35213
1442,4.93106,-1.35213
1443,4.93106,-1.35213
1444,4.79553,-1.48766
1445,4.79553,-1.48766
1446,4.79553,-1.48766
1447,4.79553,-1.48766
1448,4.79553,-1.48766
1449,4.79553,-1.48766
1450,4.62925,-1.65394
1451,4.62925,-1.65394
1452,4.62925,-1.65394
1453,4.62925,-1.65394
1454,4.62925,-1.65394
1455,4.62925,-1.65394
1456,4.60751,-1.67567
1457,4.60751,-1.67567
1458,4.60751,-1.67567
1459,4.60751,-1.67567
1460,4.60751,-1.67567
1461,4.60751,-1.67567
1462,4.60751,-1.67567
1463,4.60751,-1.67567
1464,4.60751,-1.67567
1465,4.60751,-1.67567
1466,4.3075,-1.97569
1467,4.3075,-1.97569
1468,4.3075,-1.97569
1469,4.19324,-2.08994
1470,4.19324,-2.08994
1471,4.19324,-2.08994
1472,4.03765,-2.24554
1473,4.03765,-2.24554
1474,4.03765,-2.24554
1475,3.81633,-2.46685
1476,3.81633,-2.46685
1477,3.81633,-2.46685
1478,3.81633,-2.46685
1479,2.67795,2.67795
1480,2.67795,2.67795
1481,2.67795,2.67795
1482,3.78509,-2.49809
1483,3.78509,-2.49809
1484,3.78509,-2.49809
1485,3.78509,-2.49809
1486,3.78509,-2.49809
1487,3.78509,-2.49809
1488,3.30674,-2.97644
1489,3.30674,-2.97644
1490,3.30674,-2.97644
1491,2.97644,2.97644
1492,2.97644,2.97644
1493,2.97644,2.97644
1494,2.86329,2.86329
1495,2.86329,2.86329
1496,2.86329,2.86329
1497,2.86329,2.86329
1498,2.46685,2.46685
1499,2.46685,2.46685
1500,2.46685,2.46685
1501,2.46685,2.46685
1502,2.46685,2.46685
1503,2.46685,2.46685
1504,2.46685,2.46685
1505,2.81984,2.81984
1506,2.81984,2.81984
1507,2.81984,2.81984
1508,2.81984,2.81984
1509,2.81984,2.81984
1510,2.81984,2.81984
1511,2.81984,2.81984
1512,2.65164,2.65164
1513,2.65164,2.65164
1514,2.65164,2.65164
1515,2.65164,2.65164
1516,2.65164,2.65164
1517,2.65164,2.65164
1518,2.65164,2.65164
1519,2.65164,2.65164
1520,2.65164,2.65164
1521,2.65164,2.65164
1522,2.65164,2.65164
1523,2.65164,2.65164
1524,2.70497,2.70497
1525,2.70497,2.70497
1526,2.70497,2.70497
1527,2.70497,2.70497
1528,2.70497,2.70497
1529,2.70497,2.70497
1530,2.70497,2.70497
1531,2.70497,2.70497
1532,2.70497,2.70497
1533,2.70497,2.70497
1534,2.70497,2.70497
1535,2.70497,2.70497
1536,2.62245,2.62245
1537,2.62245,2.62245
1538,2.62245,2.62245
1539,2.62245,2.62245
1540,2.62245,2.62245
1541,2.62245,2.62245
1542,2.62245,2.62245
1543,2.62245,2.62245
1544,2.62245,2.62245
1545,2.62245,2.62245
1546,2.62245,2.62245
1547,2.46685,2.46685
1548,2.46685,2.46685
1549,2.46685,2.46685
1550,2.46685,2.46685
1551,2.46685,2.46685
1552,2.46685,2.46685
1553,2.46685,2.46685
1554,3.01724,3.01724
1555,3.01724,3.01724
1556,3.01724,3.01724
1557,3.01724,3.01724
1558,3.01724,3.01724
1559,3.01724,3.01724
1560,3.01724,3.01724
1561,3.01724,3.01724
1562,2.49809,2.49809
1563,2.49809,2.49809
1564,2.2143,2.2143
1565,2.2143,2.2143
1566,1.89255,1.89255
1567,1.89255,1.89255
1568,1.89255,1.89255
1569,2.2143,2.2143
1570,2.2143,2.2143
1571,2.49809,2.49809
1572,2.49809,2.49809
1573,2.81984,2.81984
1574,2.81984,2.81984
1575,2.81984,2.81984
1576,2.49809,2.49809
1577,2.49809,2.49809
1578,2.2143,2.2143
1579,2.2143,2.2143
1580,1.89255,1.89255
1581,1.89255,1.89255
1582,1.89255,1.89255
1583,2.67795,2.67795
1584,2.67795,2.67795
1585,1.66146,1.66146
1586,1.66146,1.66146
1587,1.66146,1.66146
1588,1.66146,1.66146
1589,1.66146,1.66146
1590,1.66146,1.66146
1591,1.66146,1.66146
1592,1.66146,1.66146
1593,1.66146,1.66146
1594,1.66146,1.66146
1595,1.66146,1.66146
1596,1.66146,1.66146
1597,3.92699,-2.35619
1598,3.92699,-2.35619
1599,2.1588,2.1588
1600,2.1588,2.1588
1601,1.89255,1.89255
1602,1.89255,1.89255
1603,1.24905,1.24905
1604,0.982794,0.982794
1605,0.982794,0.982794
1606,0.982794,0.982794
1607,0.982794,0.982794
1608,2.27942,2.27942
1609,2.27942,2.27942
1610,2.27942,2.27942
1611,2.27942,2.27942
1612,2.27942,2.27942
1613,2.27942,2.27942
1614,2.43297,2.43297
1615,2.43297,2.43297
1616,2.43297,2.43297
1617,2.43297,2.43297
1618,2.43297,2.43297
1619,3.01724,3.01724
1620,3.01724,3.01724
1621,3.01724,3.01724
1622,3.01724,3.01724
1623,3.01724,3.01724
1624,3.01724,3.01724
1625,3.01724,3.01724
1626,3.01724,3.01724
1627,2.55359,2.55359
1628,2.1588,2.1588
1629,1.81577,1.81577
1630,1.81577,1.81577
1631,1.81577,1.81577
1632,1.81577,1.81577
1633,1.81577,1.81577
1634,1.81577,1.81577
1635,1.81577,1.81577
1636,1.81577,1.81577
1637,1.81577,1.81577
1638,1.9513,1.9513
1639,1.9513,1.9513
1640,2.11122,2.11122
1641,2.11122,2.11122
1642,2.46685,2.46685
1643,2.46685,2.46685
1644,2.46685,2.46685
1645,2.46685,2.46685
1646,2.46685,2.46685
1647,2.46685,2.46685
1648,2.24554,2.24554
1649,2.24554,2.24554
1650,2.24554,2.24554
1651,1.89255,1.89255
1652,1.89255,1.89255
1653,1.89255,1.89255
1654,2.19105,2.19105
1655,2.19105,2.19105
1656,2.19105,2.19105
1657,2.19105,2.19105
1658,2.19105,2.19105
1659,2.19105,2.19105
1660,2.19105,2.19105
1661,2.49809,2.49809
1662,2.49809,2.49809
1663,2.81984,2.81984
1664,2.81984,2.81984
1665,3.46334,-2.81984
1666,3.46334,-2.81984
1667,3.46334,-2.81984
1668,2.49809,2.49809
1669,2.49809,2.49809
1670,2.49809,2.49809
1671,2.2143,2.2143
1672,2.2143,2.2143
1673,1.89255,1.89255
1674,1.89255,1.89255
1675,1.89255,1.89255
1676,2.1588,2.1588
1677,2.55359,2.55359
1678,2.9442,2.9442
1679,2.9442,2.9442
1680,2.9442,2.9442
1681,2.9442,2.9442
1682,2.9442,2.9442
1683,2.76109,2.76109
1684,2.76109,2.76109
1685,2.76109,2.76109
1686,1.9513,1.9513
1687,1.9513,1.9513
1688,1.9513,1.9513
1689,1.9513,1.9513
1690,1.9513,1.9513
1691,1.9513,1.9513
1692,2.2143,2.2143
1693,2.2143,2.2143
1694,2.49809,2.49809
1695,2.49809,2.49809
1696,2.81984,2.81984
1697,2.81984,2.81984
1698,2.81984,2.81984
1699,2.55359,2.55359
1700,2.1588,2.1588
1701,2.1588,2.1588
1702,2.1588,2.1588
1703,2.1588,2.1588
1704,2.1588,2.1588
1705,2.1588,2.1588
1706,1.76819,1.76819
1707,1.76819,1.76819
1708,1.76819,1.76819
1709,1.3734,1.3734
1710,1.3734,1.3734
1711,0.982794,0.982794
1712,0.588003,0.588003
1713,0.321751,0.321751
1714,0.321751,0.321751
1715,0.321751,0.321751
1716,1.10715,1.10715
1717,1.10715,1.10715
1718,1.10715,1.10715
1719,1.10715,1.10715
1720,1.69515,1.69515
1721,1.69515,1.69515
1722,1.69515,1.69515
1723,1.69515,1.69515
1724,1.69515,1.69515
1725,1.44644,1.44644
1726,1.44644,1.44644
1727,1.44644,1.44644
1728,1.44644,1.44644
1729,1.39094,1.39094
1730,1.39094,1.39094
1731,1.39094,1.39094
1732,1.39094,1.39094
1733,1.39094,1.39094
1734,1.39094,1.39094
1735,0.86217,0.86217
1736,0.86217,0.86217
1737,0.86217,0.86217
1738,0.86217,0.86217
1739,0.86217,0.86217
1740,0.708626,0.708626
1741,0.708626,0.708626
1742,0.708626,0.708626
1743,0.708626,0.708626
1744,0.708626,0.708626
1745,0.321751,0.321751
1746,0.321751,0.321751
1747,0.321751,0.321751
1748,0.694738,0.694738
1749,0.694738,0.694738
1750,0.694738,0.694738
1751,0.694738,0.694738
1752,0.876058,0.876058
1753,0.876058,0.876058
1754,0.876058,0.876058
1755,0.876058,0.876058
1756,0.876058,0.876058
1757,0.876058,0.876058
1758,0.876058,0.876058
1759,0.588003,0.588003
1760,0.588003,0.588003
1761,0.588003,0.588003
1762,1.10715,1.10715
1763,2.1588,2.1588
1764,2.1588,2.1588
1765,2.62245,2.62245
1766,2.62245,2.62245
1767,2.62245,2.62245
1768,2.62245,2.62245
1769,2.7367,2.7367
1770,2.7367,2.7367
1771,2.7367,2.7367
1772,2.9442,2.9442
1773,2.9442,2.9442
1774,2.9442,2.9442
1775,3.33899,-2.9442
1776,3.33899,-2.9442
1777,3.83633,-2.44685
1778,3.83633,-2.44685
1779,3.83633,-2.44685
1780,3.83633,-2.44685
1781,4.01765,-2.26553
1782,4.01765,-2.26553
1783,4.01765,-2.26553
1784,4.01765,-2.26553
1785,4.39064,-1.89255
1786,4.39064,-1.89255
1787,4.39064,-1.89255
1788,4.39064,-1.89255
1789,3.03094,3.03094
1790,3.03094,3.03094
1791,3.03094,3.03094
1792,3.03094,3.03094
1793,3.03094,3.03094
1794,3.03094,3.03094
1795,3.25225,-3.03094
1796,3.25225,-3.03094
1797,3.25225,-3.03094
1798,3.25225,-3.03094
1799,3.78509,-2.49809
1800,3.78509,-2.49809
1801,4.06889,-2.2143
1802,4.06889,-2.2143
1803,4.06889,-2.2143
1804,4.06889,-2.2143
1805,4.06889,-2.2143
1806,4.06889,-2.2143
1807,3.78509,-2.49809
1808,3.78509,-2.49809
1809,3.38657,-2.89661
1810,3.38657,-2.89661
1811,2.89661,2.89661
1812,2.89661,2.89661
1813,2.89661,2.89661
1814,2.89661,2.89661
1815,2.89661,2.89661
1816,3.46334,-2.81984
1817,3.46334,-2.81984
1818,3.46334,-2.81984
1819,2.35619,2.35619
1820,2.35619,2.35619
1821,4.03765,-2.24554
1822,4.03765,-2.24554
1823,4.03765,-2.24554
1824,4.03765,-2.24554
1825,4.03765,-2.24554
1826,4.03765,-2.24554
1827,4.33188,-1.9513
1828,4.33188,-1.9513
1829,4.33188,-1.9513
1830,4.33188,-1.9513
1831,4.33188,-1.9513
1832,4.33188,-1.9513
1833,3.7296,-2.55359
1834,3.7296,-2.55359
1835,3.7296,-2.55359
1836,4.12439,-2.1588
1837,4.39064,-1.89255
1838,4.39064,-1.89255
1839,4.39064,-1.89255
1840,4.12439,-2.1588
1841,3.7296,-2.55359
1842,3.38657,-2.89661
1843,3.38657,-2.89661
1844,2.89661,2.89661
1845,2.89661,2.89661
1846,2.89661,2.89661
1847,2.89661,2.89661
1848,2.89661,2.89661
1849,3.38657,-2.89661
1850,3.38657,-2.89661
1851,3.7296,-2.55359
1852,4.17197,-2.11122
1853,4.17197,-2.11122
1854,4.17197,-2.11122
1855,4.33188,-1.9513
1856,4.33188,-1.9513
1857,4.33188,-1.9513
1858,4.33188,-1.9513
1859,3.60524,-2.67795
1860,2.81984,2.81984
1861,2.81984,2.81984
1862,2.81984,2.81984
1863,2.81984,2.81984
1864,3.46334,-2.81984
1865,3.83633,-2.44685
1866,3.83633,-2.44685
1867,3.83633,-2.44685
1868,3.83633,-2.44685
1869,4.01765,-2.26553
1870,4.01765,-2.26553
1871,4.01765,-2.26553
1872,4.01765,-2.26553
1873,4.01765,-2.26553
1874,5.17604,-1.10715
1875,5.17604,-1.10715
1876,5.17604,-1.10715
1877,4.24874,-2.03444
1878,3.46334,-2.81984
1879,3.46334,-2.81984
1880,3.46334,-2.81984
1881,3.7296,-2.55359
1882,4.12439,-2.1588
1883,4.12439,-2.1588
1884,4.12439,-2.1588
1885,3.5221,-2.76109
1886,3.5221,-2.76109
1887,3.5221,-2.76109
1888,3.38657,-2.89661
1889,3.38657,-2.89661
1890,3.38657,-2.89661
1891,3.38657,-2.89661
1892,3.81633,-2.46685
1893,3.81633,-2.46685
1894,3.81633,-2.46685
1895,4.03765,-2.24554
1896,4.03765,-2.24554
1897,4.03765,-2.24554
1898,4.46741,-1.81577
1899,4.46741,-1.81577
1900,4.95737,-1.32582
1901,4.95737,-1.32582
1902,4.95737,-1.32582
1903,4.95737,-1.32582
1904,4.95737,-1.32582
1905,4.46741,-1.81577
1906,4.46741,-1.81577
1907,3.7296,-2.55359
1908,3.7296,-2.55359
1909,3.7296,-2.55359
1910,4.17197,-2.11122
1911,4.17197,-2.11122
1912,4.17197,-2.11122
1913,4.33188,-1.9513
1914,4.46741,-1.81577
1915,4.46741,-1.81577
1916,4.95737,-1.32582
1917,4.95737,-1.32582
1918,5.30039,-0.982794
1919,5.30039,-0.982794
1920,5.30039,-0.982794
1921,5.03414,-1.24905
1922,5.03414,-1.24905
1923,4.39064,-1.89255
1924,3.30674,-2.97644
1925,3.30674,-2.97644
1926,3.30674,-2.97644
1927,3.30674,-2.97644
1928,3.30674,-2.97644
1929,3.30674,-2.97644
1930,3.36026,-2.92292
1931,3.36026,-2.92292
1932,3.36026,-2.92292
1933,3.36026,-2.92292
1934,3.36026,-2.92292
1935,3.5221,-2.76109
1936,3.5221,-2.76109
1937,3.68201,-2.60117
1938,3.81633,-2.46685
1939,3.81633,-2.46685
1940,3.81633,-2.46685
1941,4.03765,-2.24554
1942,4.03765,-2.24554
1943,4.03765,-2.24554
1944,4.03765,-2.24554
1945,5.30039,-0.982794
1946,5.30039,-0.982794
1947,5.30039,-0.982794
1948,5.30039,-0.982794
1949,5.30039,-0.982794
1950,3.92699,-2.35619
1951,3.92699,-2.35619
1952,3.92699,-2.35619
1953,3.03094,3.03094
1954,3.03094,3.03094
1955,3.03094,3.03094
1956,3.03094,3.03094
1957,3.03094,3.03094
1958,3.03094,3.03094
1959,3.25225,-3.03094
1960,3.25225,-3.03094
1961,3.25225,-3.03094
1962,3.25225,-3.03094
1963,3.78509,-2.49809
1964,3.78509,-2.49809
1965,4.06889,-2.2143
1966,4.06889,-2.2143
1967,4.46741,-1.81577
1968,4.46741,-1.81577
1969,4.46741,-1.81577
1970,4.46741,-1.81577
1971,3.78509,-2.49809
1972,3.78509,-2.49809
1973,3.78509,-2.49809
1974,3.78509,-2.49809
1975,4.06889,-2.2143
1976,4.06889,-2.2143
1977,4.17197,-2.11122
1978,4.17197,-2.11122
1979,4.33188,-1.9513
1980,4.54724,-1.73595
1981,4.54724,-1.73595
1982,4.54724,-1.73595
1983,4.54724,-1.73595
1984,4.54724,-1.73595
1985,4.54724,-1.73595
1986,4.01765,-2.26553
1987,4.01765,-2.26553
1988,4.01765,-2.26553
1989,4.01765,-2.26553
1990,4.01765,-2.26553
1991,4.01765,-2.26553
1992,4.01765,-2.26553
1993,4.01765,-2.26553
1994,4.01765,-2.26553
1995,4.51499,-1.76819
1996,4.51499,-1.76819
1997,4.51499,-1.76819
1998,4.90978,-1.3734
1999,4.90978,-1.3734
2000,4.90978,-1.3734
2001,4.90978,-1.3734
2002,3.92699,-2.35619
2003,2.78282,2.78282
2004,2.78282,2.78282
2005,2.78282,2.78282
2006,2.78282,2.78282
2007,2.78282,2.78282
2008,2.78282,2.78282
2009,2.86329,2.86329
2010,2.86329,2.86329
2011,2.9442,2.9442
2012,2.9442,2.9442
2013,2.9442,2.9442
2014,3.33899,-2.9442
2015,3.33899,-2.9442
2016,3.81633,-2.46685
2017,3.81633,-2.46685
2018,3.81633,-2.46685
2019,4.03765,-2.24554
2020,4.03765,-2.24554
2021,4.03765,-2.24554
2022,4.46741,-1.81577
2023,4.46741,-1.81577
2024,4.95737,-1.32582
2025,4.95737,-1.32582
2026,5.43903,-0.844154
2027,5.43903,-0.844154
2028,5.43903,-0.844154
2029,5.43903,-0.844154
2030,5.43903,-0.844154
2031,5.43903,-0.844154
2032,5.43903,-0.844154
2033,5.43903,-0.844154
2034,5.43903,-0.844154
2035,5.43903,-0.844154
2036,5.43903,-0.844154
2037,5.43903,-0.844154
2038,5.43903,-0.844154
2039,5.43903,-0.844154
2040,5.43903,-0.844154
2041,5.03414,-1.24905
2042,5.03414,-1.24905
2043,4.39064,-1.89255
2044,3.26595,-3.01724
2045,3.26595,-3.01724
2046,3.26595,-3.01724
2047,3.26595,-3.01724
2048,3.26595,-3.01724
2049,3.26595,-3.01724
2050,3.26595,-3.01724
2051,3.26595,-3.01724
2052,3.5221,-2.76109
2053,3.5221,-2.76109
2054,3.68201,-2.60117
2055,3.78509,-2.49809
2056,3.78509,-2.49809
2057,4.06889,-2.2143
2058,4.06889,-2.2143
2059,4.39064,-1.89255
2060,4.39064,-1.89255
2061,5.03414,-1.24905
2062,5.03414,-1.24905
2063,0.197396,0.197396
2064,0.197396,0.197396
2065,0.197396,0.197396
2066,0.197396,0.197396
2067,6.08579,-0.197396
2068,6.08579,-0.197396
2069,5.03414,-1.24905
2070,5.03414,-1.24905
2071,5.03414,-1.24905
2072,5.30039,-0.982794
2073,5.30039,-0.982794
2074,5.30039,-0.982794
2075,5.30039,-0.982794
2076,5.30039,-0.982794
2077,5.30039,-0.982794
2078,5.30039,-0.982794
2079,5.30039,-0.982794
2080,5.30039,-0.982794
2081,5.30039,-0.982794
2082,5.96143,-0.321751
2083,5.96143,-0.321751
2084,5.96143,-0.321751
2085,5.96143,-0.321751
2086,3.7296,-2.55359
2087,3.7296,-2.55359
2088,3.46334,-2.81984
2089,3.46334,-2.81984
2090,3.46334,-2.81984
2091,3.78509,-2.49809
2092,3.78509,-2.49809
2093,4.06889,-2.2143
2094,4.06889,-2.2143
2095,4.06889,-2.2143
2096,4.06889,-2.2143
2097,4.06889,-2.2143
2098,3.7296,-2.55359
2099,3.38657,-2.89661
2100,3.38657,-2.89661
2101,3.38657,-2.89661
2102,3.38657,-2.89661
2103,3.81633,-2.46685
2104,3.81633,-2.46685
2105,3.81633,-2.46685
2106,4.03765,-2.24554
2107,4.03765,-2.24554
2108,4.03765,-2.24554
2109,4.46741,-1.81577
2110,4.46741,-1.81577
2111,4.95737,-1.32582
2112,4.95737,-1.32582
2113,5.35589,-0.927295
2114,5.35589,-0.927295
2115,5.35589,-0.927295
2116,5.35589,-0.927295
2117,5.35589,-0.927295
2118,5.35589,-0.927295
2119,3.26595,-3.01724
2120,3.26595,-3.01724
2121,3.26595,-3.01724
2122,3.26595,-3.01724
2123,3.26595,-3.01724
2124,3.26595,-3.01724
2125,3.26595,-3.01724
2126,3.26595,-3.01724
2127,3.78509,-2.49809
2128,3.78509,-2.49809
2129,4.06889,-2.2143
2130,4.06889,-2.2143
2131,4.60173,-1.68145
2132,4.60173,-1.68145
2133,4.60173,-1.68145
2134,4.60173,-1.68145
2135,4.60173,-1.68145
2136,4.82305,-1.46014
2137,4.82305,-1.46014
2138,4.82305,-1.46014
2139,4.82305,-1.46014
2140,5.30039,-0.982794
2141,5.76404,-0.519146
2142,5.76404,-0.519146
2143,5.76404,-0.519146
2144,5.76404,-0.519146
2145,5.76404,-0.519146
2146,5.76404,-0.519146
2147,5.76404,-0.519146
2148,5.76404,-0.519146
2149,5.76404,-0.519146
2150,5.76404,-0.519146
2151,3.7296,-2.55359
2152,3.7296,-2.55359
2153,3.46334,-2.81984
2154,3.46334,-2.81984
2155,3.46334,-2.81984
2156,4.06889,-2.2143
2157,4.06889,-2.2143
2158,4.06889,-2.2143
2159,4.06889,-2.2143
2160,4.06889,-2.2143
2161,4.06889,-2.2143
2162,4.06889,-2.2143
2163,4.57049,-1.71269
2164,4.57049,-1.71269
2165,4.57049,-1.71269
2166,4.57049,-1.71269
2167,4.57049,-1.71269
2168,4.57049,-1.71269
2169,4.57049,-1.71269
