#Grabcut execution time: 0s 343ms 343172us 
0.0000              80.4391             
1.0000              31.8672             
2.0000              29.5109             
3.0000              29.4387             
4.0000              29.8365             
5.0000              30.4065             
6.0000              30.8792             
7.0000              31.5793             
8.0000              31.7215             
9.0000              32.3511             
10.0000             32.6007             
11.0000             32.8112             
12.0000             32.9729             
13.0000             33.1959             
14.0000             33.3041             
15.0000             33.3104             
16.0000             33.4022             
17.0000             33.4059             
18.0000             33.3831             
19.0000             33.3825             
20.0000             33.4466             
21.0000             33.4510             
22.0000             33.4556             
23.0000             33.5344             
24.0000             33.5874             
25.0000             33.5577             
26.0000             33.5552             
27.0000             33.5483             
28.0000             33.5370             
29.0000             33.5319             
30.0000             33.5309             
31.0000             33.5309             
#Execution time: 33s 33161ms 33161764us 
