#Grabcut execution time: 0s 342ms 342405us 
0.0000              203.6216            
1.0000              46.3802             
2.0000              42.6571             
3.0000              41.6923             
4.0000              41.2363             
5.0000              40.9383             
6.0000              41.0531             
7.0000              41.1255             
8.0000              41.1481             
9.0000              41.0492             
10.0000             41.2697             
11.0000             41.1016             
12.0000             41.1219             
13.0000             41.1620             
14.0000             41.1827             
15.0000             40.9513             
16.0000             40.8726             
17.0000             40.8902             
18.0000             40.9687             
19.0000             40.9535             
20.0000             40.9807             
21.0000             41.1570             
22.0000             40.9545             
23.0000             41.1072             
24.0000             41.2153             
25.0000             41.1389             
26.0000             41.2573             
27.0000             41.2995             
28.0000             41.3632             
29.0000             41.2772             
30.0000             41.4483             
31.0000             41.4483             
#Execution time: 30s 30262ms 30262822us 
