#Grabcut execution time: 0s 351ms 351063us 
0.0000              37.1748             
1.0000              17.1227             
2.0000              15.9127             
3.0000              16.0087             
4.0000              16.0609             
5.0000              16.0968             
6.0000              16.2107             
7.0000              16.3157             
8.0000              16.4498             
9.0000              16.4974             
10.0000             16.5400             
11.0000             16.6090             
12.0000             16.6220             
13.0000             16.7130             
14.0000             16.7319             
15.0000             16.7397             
16.0000             16.7151             
17.0000             16.7334             
18.0000             16.7255             
19.0000             16.7382             
20.0000             16.7476             
21.0000             16.6966             
22.0000             16.7038             
23.0000             16.7281             
24.0000             16.7414             
25.0000             16.7076             
26.0000             16.7302             
27.0000             16.7479             
28.0000             16.7090             
29.0000             16.7334             
30.0000             16.7519             
31.0000             16.7519             
#Execution time: 116s 116195ms 116195430us 
