#Grabcut execution time: 0s 347ms 347302us 
0.0000              138.3008            
1.0000              81.1570             
2.0000              78.0474             
3.0000              77.3093             
4.0000              77.2651             
5.0000              76.4571             
6.0000              76.8445             
7.0000              76.7375             
8.0000              76.7314             
9.0000              76.6604             
10.0000             76.8679             
11.0000             76.5407             
12.0000             76.7148             
13.0000             76.8684             
14.0000             76.4820             
15.0000             76.5409             
16.0000             76.4746             
17.0000             76.5886             
18.0000             76.7372             
19.0000             76.7184             
20.0000             76.7346             
21.0000             76.7155             
22.0000             76.7102             
23.0000             76.7735             
24.0000             76.7595             
25.0000             76.8472             
26.0000             76.7084             
27.0000             76.8897             
28.0000             76.8979             
29.0000             76.9065             
30.0000             76.8702             
31.0000             76.8702             
#Execution time: 31s 31489ms 31489374us 
