#Grabcut execution time: 0s 344ms 344954us 
0.0000              339.2792            
1.0000              197.3224            
2.0000              189.7528            
3.0000              187.9732            
4.0000              187.7990            
5.0000              185.8598            
6.0000              186.7724            
7.0000              186.5210            
8.0000              186.6708            
9.0000              186.4692            
10.0000             186.9153            
11.0000             186.1220            
12.0000             186.5599            
13.0000             186.5055            
14.0000             185.4826            
15.0000             186.0784            
16.0000             186.3479            
17.0000             186.1380            
18.0000             186.3180            
19.0000             186.4082            
20.0000             186.6858            
21.0000             186.6801            
22.0000             186.7129            
23.0000             186.7419            
24.0000             186.8352            
25.0000             186.8032            
26.0000             186.7737            
27.0000             186.7708            
28.0000             186.8623            
29.0000             186.8618            
30.0000             186.8618            
31.0000             186.8618            
#Execution time: 31s 31555ms 31555322us 
