#Grabcut execution time: 0s 340ms 340303us 
0.0000              57.6878             
1.0000              5.2523              
2.0000              3.5177              
3.0000              3.0493              
4.0000              2.7487              
5.0000              2.4581              
6.0000              2.2042              
7.0000              1.9912              
8.0000              1.8024              
9.0000              1.6734              
10.0000             1.5644              
11.0000             1.4733              
12.0000             1.4299              
13.0000             1.3561              
14.0000             1.3077              
15.0000             1.2808              
16.0000             1.2521              
17.0000             1.2216              
18.0000             1.1981              
19.0000             1.1837              
20.0000             1.1687              
21.0000             1.1433              
22.0000             1.1272              
23.0000             1.1061              
24.0000             1.0969              
25.0000             1.0941              
26.0000             1.0745              
27.0000             1.0569              
28.0000             1.0528              
29.0000             1.0517              
30.0000             1.0356              
31.0000             1.0356              
#Execution time: 26s 26428ms 26428992us 
