#Grabcut execution time: 0s 337ms 337765us 
0.0000              308.6733            
1.0000              225.2568            
2.0000              221.9783            
3.0000              221.3955            
4.0000              219.7334            
5.0000              219.5201            
6.0000              219.8901            
7.0000              219.2386            
8.0000              219.2399            
9.0000              219.7078            
10.0000             219.8063            
11.0000             219.8618            
12.0000             219.3113            
13.0000             219.6681            
14.0000             220.2364            
15.0000             219.2868            
16.0000             218.7752            
17.0000             219.2479            
18.0000             219.1148            
19.0000             219.9791            
20.0000             219.7715            
21.0000             220.2626            
22.0000             219.8364            
23.0000             219.8753            
24.0000             219.7239            
25.0000             219.5687            
26.0000             220.4427            
27.0000             219.9097            
28.0000             220.0414            
29.0000             220.2134            
30.0000             219.9532            
31.0000             219.9532            
#Execution time: 23s 23130ms 23130167us 
