#Grabcut execution time: 0s 335ms 335742us 
0.0000              57.5527             
1.0000              57.5527             
2.0000              57.3775             
3.0000              57.3444             
4.0000              57.3202             
5.0000              57.3054             
6.0000              57.2968             
7.0000              57.2919             
8.0000              57.2877             
9.0000              57.2861             
10.0000             57.2859             
11.0000             57.2859             
12.0000             57.2859             
13.0000             57.2859             
14.0000             57.2859             
15.0000             57.2859             
16.0000             57.2859             
17.0000             57.2859             
18.0000             57.2859             
19.0000             57.2859             
20.0000             57.2859             
21.0000             57.2859             
22.0000             57.2859             
23.0000             57.2859             
24.0000             57.2859             
25.0000             57.2859             
26.0000             57.2859             
27.0000             57.2859             
28.0000             57.2859             
29.0000             57.2859             
30.0000             57.2859             
31.0000             57.2859             
#Execution time: 92s 92849ms 92849723us 
