#Grabcut execution time: 0s 347ms 347477us 
0.0000              36.6114             
1.0000              37.6675             
2.0000              37.5869             
3.0000              37.8041             
4.0000              37.9639             
5.0000              38.0914             
6.0000              38.2349             
7.0000              38.3740             
8.0000              38.3543             
9.0000              38.3447             
10.0000             38.3445             
11.0000             38.3445             
12.0000             38.3445             
13.0000             38.3445             
14.0000             38.3445             
15.0000             38.3445             
16.0000             38.3445             
17.0000             38.3445             
18.0000             38.3445             
19.0000             38.3445             
20.0000             38.3445             
21.0000             38.3445             
22.0000             38.3445             
23.0000             38.3445             
24.0000             38.3445             
25.0000             38.3445             
26.0000             38.3445             
27.0000             38.3445             
28.0000             38.3445             
29.0000             38.3445             
30.0000             38.3445             
31.0000             38.3445             
#Execution time: 46s 46890ms 46890468us 
