#Grabcut execution time: 0s 358ms 358817us 
0.0000              105.5071            
1.0000              107.1380            
2.0000              107.8917            
3.0000              108.5669            
4.0000              108.9903            
5.0000              109.3443            
6.0000              109.7005            
7.0000              110.1585            
8.0000              110.4727            
9.0000              110.7450            
10.0000             110.9241            
11.0000             111.0687            
12.0000             111.1701            
13.0000             111.3251            
14.0000             111.4030            
15.0000             111.4464            
16.0000             111.4913            
17.0000             111.5067            
18.0000             111.5063            
19.0000             111.5063            
20.0000             111.5063            
21.0000             111.5063            
22.0000             111.5063            
23.0000             111.5063            
24.0000             111.5063            
25.0000             111.5063            
26.0000             111.5063            
27.0000             111.5063            
28.0000             111.5063            
29.0000             111.5063            
30.0000             111.5063            
31.0000             111.5063            
#Execution time: 41s 41172ms 41172083us 
