#Grabcut execution time: 0s 344ms 344457us 
0.0000              34.5047             
1.0000              28.2485             
2.0000              26.6358             
3.0000              26.4305             
4.0000              26.4317             
5.0000              26.4290             
6.0000              26.4469             
7.0000              26.4622             
8.0000              26.4371             
9.0000              26.4380             
10.0000             26.4588             
11.0000             26.4529             
12.0000             26.4448             
13.0000             26.4357             
14.0000             26.3991             
15.0000             26.4084             
16.0000             26.4020             
17.0000             26.4283             
18.0000             26.4165             
19.0000             26.4235             
20.0000             26.4029             
21.0000             26.4180             
22.0000             26.4100             
23.0000             26.4180             
24.0000             26.4100             
25.0000             26.4180             
26.0000             26.4100             
27.0000             26.4180             
28.0000             26.4100             
29.0000             26.4180             
30.0000             26.4100             
31.0000             26.4100             
#Execution time: 39s 39632ms 39632565us 
