#Grabcut execution time: 0s 342ms 342154us 
0.0000              205.8632            
1.0000              117.0560            
2.0000              114.1049            
3.0000              113.3494            
4.0000              112.7281            
5.0000              112.2146            
6.0000              112.4799            
7.0000              112.0008            
8.0000              111.8144            
9.0000              111.9383            
10.0000             111.8248            
11.0000             111.7618            
12.0000             111.5939            
13.0000             111.5040            
14.0000             111.4611            
15.0000             111.5396            
16.0000             111.5959            
17.0000             111.4590            
18.0000             111.3328            
19.0000             111.4991            
20.0000             111.4050            
21.0000             111.4874            
22.0000             111.4324            
23.0000             111.4603            
24.0000             111.4813            
25.0000             111.4088            
26.0000             111.4083            
27.0000             111.4263            
28.0000             111.4366            
29.0000             111.3743            
30.0000             111.3963            
31.0000             111.3963            
#Execution time: 39s 39176ms 39176324us 
