#Grabcut execution time: 0s 359ms 359156us 
0.0000              69.3060             
1.0000              62.4519             
2.0000              62.0376             
3.0000              62.6167             
4.0000              63.0239             
5.0000              62.7970             
6.0000              63.1216             
7.0000              63.4228             
8.0000              63.4049             
9.0000              63.5282             
10.0000             63.5527             
11.0000             63.6081             
12.0000             63.7098             
13.0000             63.7953             
14.0000             63.8263             
15.0000             63.7944             
16.0000             63.6689             
17.0000             63.7717             
18.0000             63.6776             
19.0000             63.7759             
20.0000             63.6774             
21.0000             63.7759             
22.0000             63.6774             
23.0000             63.7759             
24.0000             63.6774             
25.0000             63.7759             
26.0000             63.6774             
27.0000             63.7759             
28.0000             63.6774             
29.0000             63.7759             
30.0000             63.6774             
31.0000             63.6774             
#Execution time: 136s 136666ms 136666716us 
