#Grabcut execution time: 0s 348ms 348856us 
0.0000              23.2639             
1.0000              14.1229             
2.0000              13.3489             
3.0000              13.4763             
4.0000              13.6155             
5.0000              13.7526             
6.0000              13.7351             
7.0000              13.6572             
8.0000              13.6652             
9.0000              13.8780             
10.0000             13.6589             
11.0000             13.9011             
12.0000             13.7955             
13.0000             13.9137             
14.0000             13.7541             
15.0000             13.7618             
16.0000             13.7005             
17.0000             13.7197             
18.0000             13.7630             
19.0000             13.6181             
20.0000             13.7005             
21.0000             13.8483             
22.0000             13.6391             
23.0000             13.8767             
24.0000             13.9434             
25.0000             13.8725             
26.0000             13.8653             
27.0000             13.9392             
28.0000             13.7646             
29.0000             13.9252             
30.0000             13.9058             
31.0000             13.9058             
#Execution time: 113s 113568ms 113568899us 
