#Grabcut execution time: 0s 341ms 341923us 
0.0000              205.5935            
1.0000              117.6949            
2.0000              115.0312            
3.0000              113.4869            
4.0000              112.8161            
5.0000              112.3442            
6.0000              112.2655            
7.0000              111.9065            
8.0000              111.5378            
9.0000              111.5400            
10.0000             111.3659            
11.0000             111.5401            
12.0000             111.6074            
13.0000             111.3724            
14.0000             111.2975            
15.0000             111.4015            
16.0000             111.0720            
17.0000             111.1415            
18.0000             111.1746            
19.0000             111.2339            
20.0000             111.1842            
21.0000             111.1477            
22.0000             111.1551            
23.0000             111.1842            
24.0000             111.1646            
25.0000             111.2076            
26.0000             111.2434            
27.0000             111.2226            
28.0000             111.1631            
29.0000             111.1738            
30.0000             111.2013            
31.0000             111.2013            
#Execution time: 22s 22495ms 22495577us 
