#Grabcut execution time: 0s 358ms 358544us 
0.0000              57.6878             
1.0000              4.6072              
2.0000              2.9533              
3.0000              2.3579              
4.0000              2.0726              
5.0000              1.8370              
6.0000              1.6638              
7.0000              1.5181              
8.0000              1.3992              
9.0000              1.3301              
10.0000             1.2573              
11.0000             1.1974              
12.0000             1.1358              
13.0000             1.0969              
14.0000             1.0571              
15.0000             1.0292              
16.0000             0.9516              
17.0000             0.9329              
18.0000             0.8297              
19.0000             0.7872              
20.0000             0.7797              
21.0000             0.7682              
22.0000             0.7626              
23.0000             0.7635              
24.0000             0.7486              
25.0000             0.7511              
26.0000             0.7373              
27.0000             0.7437              
28.0000             0.7398              
29.0000             0.7356              
30.0000             0.7260              
31.0000             0.7260              
#Execution time: 124s 124956ms 124956129us 
