#Grabcut execution time: 0s 373ms 373991us 
0.0000              413.8840            
1.0000              240.1780            
2.0000              233.3152            
3.0000              231.4256            
4.0000              228.6694            
5.0000              227.1887            
6.0000              227.4324            
7.0000              226.5541            
8.0000              226.5256            
9.0000              226.5334            
10.0000             226.4369            
11.0000             225.9288            
12.0000             225.9023            
13.0000             225.7328            
14.0000             225.7590            
15.0000             225.6584            
16.0000             225.6769            
17.0000             225.3267            
18.0000             225.2682            
19.0000             225.2695            
20.0000             225.4280            
21.0000             225.2950            
22.0000             225.6682            
23.0000             225.4814            
24.0000             225.2673            
25.0000             225.2586            
26.0000             225.1626            
27.0000             225.1855            
28.0000             225.0589            
29.0000             225.1028            
30.0000             225.1127            
31.0000             225.1127            
#Execution time: 14s 14274ms 14274492us 
