n,tangent,t2
0,5.63968,-0.643501
1,5.63968,-0.643501
2,5.63968,-0.643501
3,5.63968,-0.643501
4,5.63968,-0.643501
5,5.63968,-0.643501
6,5.63968,-0.643501
7,5.63968,-0.643501
8,5.63968,-0.643501
9,5.63968,-0.643501
10,6.03821,-0.244979
11,6.03821,-0.244979
12,6.03821,-0.244979
13,6.03821,-0.244979
14,5.69518,-0.588003
15,5.30039,-0.982794
16,4.95737,-1.32582
17,4.95737,-1.32582
18,4.95737,-1.32582
19,4.95737,-1.32582
20,5.35589,-0.927295
21,5.35589,-0.927295
22,5.35589,-0.927295
23,5.35589,-0.927295
24,5.35589,-0.927295
25,5.35589,-0.927295
26,4.05135,-2.23184
27,4.05135,-2.23184
28,4.05135,-2.23184
29,4.05135,-2.23184
30,4.05135,-2.23184
31,4.05135,-2.23184
32,4.05135,-2.23184
33,4.05135,-2.23184
34,4.05135,-2.23184
35,4.05135,-2.23184
36,4.01765,-2.26553
37,4.01765,-2.26553
38,4.01765,-2.26553
39,4.01765,-2.26553
40,4.01765,-2.26553
41,4.01765,-2.26553
42,4.01765,-2.26553
43,4.01765,-2.26553
44,4.01765,-2.26553
45,4.01765,-2.26553
46,5.63968,-0.643501
47,5.63968,-0.643501
48,5.63968,-0.643501
49,5.63968,-0.643501
50,5.63968,-0.643501
51,0.54042,0.54042
52,0.54042,0.54042
53,0.54042,0.54042
54,0.54042,0.54042
55,0.54042,0.54042
56,0.54042,0.54042
57,0.380506,0.380506
58,0.244979,0.244979
59,0.244979,0.244979
60,6.03821,-0.244979
61,6.03821,-0.244979
62,6.03821,-0.244979
63,4.24874,-2.03444
64,4.24874,-2.03444
65,5.30039,-0.982794
66,5.30039,-0.982794
67,5.30039,-0.982794
68,5.30039,-0.982794
69,5.03414,-1.24905
70,5.03414,-1.24905
71,5.03414,-1.24905
72,5.03414,-1.24905
73,5.03414,-1.24905
74,5.03414,-1.24905
75,5.03414,-1.24905
76,5.69518,-0.588003
77,5.69518,-0.588003
78,5.69518,-0.588003
79,5.30039,-0.982794
80,4.95737,-1.32582
81,4.95737,-1.32582
82,4.46741,-1.81577
83,4.46741,-1.81577
84,3.46334,-2.81984
85,3.46334,-2.81984
86,2.81984,2.81984
87,2.81984,2.81984
88,2.81984,2.81984
89,3.60524,-2.67795
90,4.24874,-2.03444
91,5.17604,-1.10715
92,5.81954,-0.463648
93,5.81954,-0.463648
94,5.81954,-0.463648
95,4.24874,-2.03444
96,4.24874,-2.03444
97,4.85429,-1.4289
98,4.85429,-1.4289
99,4.85429,-1.4289
100,4.85429,-1.4289
101,4.85429,-1.4289
102,4.85429,-1.4289
103,4.85429,-1.4289
104,4.85429,-1.4289
105,4.85429,-1.4289
106,5.06116,-1.22203
107,5.06116,-1.22203
108,5.06116,-1.22203
109,5.06116,-1.22203
110,5.06116,-1.22203
111,5.06116,-1.22203
112,5.06116,-1.22203
113,5.06116,-1.22203
114,5.00385,-1.27934
115,5.00385,-1.27934
116,5.00385,-1.27934
117,5.00385,-1.27934
118,4.93106,-1.35213
119,4.93106,-1.35213
120,4.93106,-1.35213
121,4.93106,-1.35213
122,4.93106,-1.35213
123,4.93106,-1.35213
124,4.93106,-1.35213
125,4.93106,-1.35213
126,4.93106,-1.35213
127,4.93106,-1.35213
128,6.11804,-0.165149
129,6.11804,-0.165149
130,6.11804,-0.165149
131,6.11804,-0.165149
132,6.11804,-0.165149
133,6.11804,-0.165149
134,5.17604,-1.10715
135,5.17604,-1.10715
136,5.17604,-1.10715
137,5.17604,-1.10715
138,5.17604,-1.10715
139,6.03821,-0.244979
140,6.03821,-0.244979
141,6.03821,-0.244979
142,6.03821,-0.244979
143,5.69518,-0.588003
144,5.69518,-0.588003
145,5.69518,-0.588003
146,6.15883,-0.124355
147,6.15883,-0.124355
148,6.15883,-0.124355
149,6.15883,-0.124355
150,0.124355,0.124355
151,0.124355,0.124355
152,0.124355,0.124355
153,0.124355,0.124355
154,0.927295,0.927295
155,0.927295,0.927295
156,0.927295,0.927295
157,0.927295,0.927295
158,0.643501,0.643501
159,0.643501,0.643501
160,0.244979,0.244979
161,0.244979,0.244979
162,6.00489,-0.2783
163,6.00489,-0.2783
164,6.00489,-0.2783
165,6.00489,-0.2783
166,6.00489,-0.2783
167,6.00489,-0.2783
168,6.00489,-0.2783
169,6.15883,-0.124355
170,6.15883,-0.124355
171,6.15883,-0.124355
172,6.15883,-0.124355
173,6.15883,-0.124355
174,6.15883,-0.124355
175,6.15883,-0.124355
176,6.15883,-0.124355
177,5.69518,-0.588003
178,5.42102,-0.86217
179,5.42102,-0.86217
180,5.42102,-0.86217
181,5.42102,-0.86217
182,5.42102,-0.86217
183,5.42102,-0.86217
184,5.42102,-0.86217
185,5.42102,-0.86217
186,5.42102,-0.86217
187,5.42102,-0.86217
188,5.42102,-0.86217
189,5.42102,-0.86217
190,5.42102,-0.86217
191,5.42102,-0.86217
192,5.37343,-0.909753
193,5.37343,-0.909753
194,5.37343,-0.909753
195,5.37343,-0.909753
196,5.37343,-0.909753
197,5.37343,-0.909753
198,5.37343,-0.909753
199,5.03414,-1.24905
200,5.03414,-1.24905
201,4.39064,-1.89255
202,4.39064,-1.89255
203,4.39064,-1.89255
204,5.17604,-1.10715
205,5.17604,-1.10715
206,4.17197,-2.11122
207,4.17197,-2.11122
208,4.17197,-2.11122
209,4.17197,-2.11122
210,4.17197,-2.11122
211,4.17197,-2.11122
212,4.17197,-2.11122
213,4.17197,-2.11122
214,4.17197,-2.11122
215,4.06889,-2.2143
216,4.06889,-2.2143
217,4.06889,-2.2143
218,4.06889,-2.2143
219,4.06889,-2.2143
220,4.17197,-2.11122
221,4.17197,-2.11122
222,4.17197,-2.11122
223,4.17197,-2.11122
224,5.17604,-1.10715
225,5.17604,-1.10715
226,5.17604,-1.10715
227,4.24874,-2.03444
228,4.24874,-2.03444
229,4.24874,-2.03444
230,4.24874,-2.03444
231,4.24874,-2.03444
232,4.24874,-2.03444
233,5.81954,-0.463648
234,5.81954,-0.463648
235,5.17604,-1.10715
236,5.17604,-1.10715
237,5.17604,-1.10715
238,5.17604,-1.10715
239,4.39064,-1.89255
240,4.39064,-1.89255
241,4.39064,-1.89255
242,4.39064,-1.89255
243,4.39064,-1.89255
244,4.39064,-1.89255
245,4.39064,-1.89255
246,5.03414,-1.24905
247,5.03414,-1.24905
248,5.03414,-1.24905
249,4.46741,-1.81577
250,4.46741,-1.81577
251,4.46741,-1.81577
252,4.46741,-1.81577
253,4.46741,-1.81577
254,4.12439,-2.1588
255,4.12439,-2.1588
256,4.12439,-2.1588
257,4.12439,-2.1588
258,5.49779,-0.785398
259,5.49779,-0.785398
260,3.92699,-2.35619
261,2.35619,2.35619
262,2.35619,2.35619
263,4.12439,-2.1588
264,4.12439,-2.1588
265,4.39064,-1.89255
266,4.39064,-1.89255
267,4.39064,-1.89255
268,4.39064,-1.89255
269,4.39064,-1.89255
270,4.39064,-1.89255
271,4.39064,-1.89255
272,4.06889,-2.2143
273,4.06889,-2.2143
274,4.06889,-2.2143
275,4.06889,-2.2143
276,4.06889,-2.2143
277,4.43409,-1.8491
278,4.43409,-1.8491
279,4.43409,-1.8491
280,4.43409,-1.8491
281,4.43409,-1.8491
282,4.43409,-1.8491
283,4.43409,-1.8491
284,4.43409,-1.8491
285,4.06889,-2.2143
286,4.06889,-2.2143
287,4.06889,-2.2143
288,4.06889,-2.2143
289,4.06889,-2.2143
290,4.06889,-2.2143
291,4.06889,-2.2143
292,3.7296,-2.55359
293,3.7296,-2.55359
294,3.7296,-2.55359
295,4.12439,-2.1588
296,4.54724,-1.73595
297,4.54724,-1.73595
298,4.54724,-1.73595
299,4.87754,-1.40565
300,4.87754,-1.40565
301,4.87754,-1.40565
302,4.87754,-1.40565
303,4.87754,-1.40565
304,4.33188,-1.9513
305,4.33188,-1.9513
306,4.33188,-1.9513
307,4.33188,-1.9513
308,4.33188,-1.9513
309,4.33188,-1.9513
310,4.33188,-1.9513
311,4.33188,-1.9513
312,4.33188,-1.9513
313,4.33188,-1.9513
314,4.33188,-1.9513
315,4.33188,-1.9513
316,4.33188,-1.9513
317,4.33188,-1.9513
318,4.33188,-1.9513
319,3.46334,-2.81984
320,3.46334,-2.81984
321,3.46334,-2.81984
322,3.7296,-2.55359
323,3.7296,-2.55359
324,3.7296,-2.55359
325,6.03821,-0.244979
326,6.03821,-0.244979
327,6.03821,-0.244979
328,6.03821,-0.244979
329,6.03821,-0.244979
330,3.7296,-2.55359
331,3.7296,-2.55359
332,3.20401,-3.07917
333,3.20401,-3.07917
334,3.20401,-3.07917
335,3.20401,-3.07917
336,3.20401,-3.07917
337,3.20401,-3.07917
338,3.20401,-3.07917
339,3.20401,-3.07917
340,3.20401,-3.07917
341,3.20401,-3.07917
342,3.20401,-3.07917
343,3.20401,-3.07917
344,3.20401,-3.07917
345,3.20401,-3.07917
346,3.20401,-3.07917
347,3.20401,-3.07917
348,3.7296,-2.55359
349,3.7296,-2.55359
350,3.7296,-2.55359
351,5.90268,-0.380506
352,5.90268,-0.380506
353,5.90268,-0.380506
354,6.14129,-0.141897
355,6.14129,-0.141897
356,6.14129,-0.141897
357,6.14129,-0.141897
358,0.124355,0.124355
359,0.124355,0.124355
360,0.124355,0.124355
361,0.124355,0.124355
362,0.124355,0.124355
363,0.124355,0.124355
364,0.124355,0.124355
365,0.124355,0.124355
366,6.15883,-0.124355
367,6.15883,-0.124355
368,6.15883,-0.124355
369,6.15883,-0.124355
370,5.03414,-1.24905
371,5.03414,-1.24905
372,5.03414,-1.24905
373,5.03414,-1.24905
374,5.03414,-1.24905
375,5.03414,-1.24905
376,4.33188,-1.9513
377,4.33188,-1.9513
378,4.33188,-1.9513
379,4.33188,-1.9513
380,4.33188,-1.9513
381,4.33188,-1.9513
382,5.49779,-0.785398
383,5.49779,-0.785398
384,5.49779,-0.785398
385,5.49779,-0.785398
386,4.24874,-2.03444
387,4.24874,-2.03444
388,5.30039,-0.982794
389,5.30039,-0.982794
390,5.30039,-0.982794
391,5.30039,-0.982794
392,5.03414,-1.24905
393,5.03414,-1.24905
394,5.03414,-1.24905
395,5.03414,-1.24905
396,5.03414,-1.24905
397,4.54724,-1.73595
398,4.54724,-1.73595
399,4.54724,-1.73595
400,4.54724,-1.73595
401,4.87754,-1.40565
402,4.87754,-1.40565
403,4.87754,-1.40565
404,5.0929,-1.19029
405,5.0929,-1.19029
406,5.25281,-1.03038
407,5.25281,-1.03038
408,5.25281,-1.03038
409,5.25281,-1.03038
410,4.95737,-1.32582
411,4.95737,-1.32582
412,4.46741,-1.81577
413,4.46741,-1.81577
414,4.12439,-2.1588
415,4.12439,-2.1588
416,4.12439,-2.1588
417,4.46741,-1.81577
418,4.46741,-1.81577
419,4.95737,-1.32582
420,4.95737,-1.32582
421,4.95737,-1.32582
422,4.95737,-1.32582
423,4.33188,-1.9513
424,4.33188,-1.9513
425,4.33188,-1.9513
426,4.33188,-1.9513
427,4.33188,-1.9513
428,4.33188,-1.9513
429,4.33188,-1.9513
430,3.60524,-2.67795
431,2.67795,2.67795
432,2.67795,2.67795
433,2.67795,2.67795
434,4.39064,-1.89255
435,4.39064,-1.89255
436,4.39064,-1.89255
437,4.39064,-1.89255
438,4.39064,-1.89255
439,5.17604,-1.10715
440,5.17604,-1.10715
441,5.17604,-1.10715
442,4.58803,-1.69515
443,4.58803,-1.69515
444,4.58803,-1.69515
445,4.58803,-1.69515
446,4.58803,-1.69515
447,4.58803,-1.69515
448,4.58803,-1.69515
449,4.58803,-1.69515
450,4.58803,-1.69515
451,4.49372,-1.78947
452,4.49372,-1.78947
453,4.49372,-1.78947
454,4.49372,-1.78947
455,4.49372,-1.78947
456,4.06889,-2.2143
457,4.06889,-2.2143
458,3.78509,-2.49809
459,3.78509,-2.49809
460,3.78509,-2.49809
461,3.78509,-2.49809
462,4.06889,-2.2143
463,4.06889,-2.2143
464,4.06889,-2.2143
465,4.06889,-2.2143
466,3.78509,-2.49809
467,3.78509,-2.49809
468,3.78509,-2.49809
469,3.78509,-2.49809
470,3.78509,-2.49809
471,4.12439,-2.1588
472,4.39064,-1.89255
473,4.39064,-1.89255
474,4.39064,-1.89255
475,3.60524,-2.67795
476,2.67795,2.67795
477,2.03444,2.03444
478,2.03444,2.03444
479,2.81984,2.81984
480,2.81984,2.81984
481,3.46334,-2.81984
482,3.78509,-2.49809
483,3.78509,-2.49809
484,4.01765,-2.26553
485,4.01765,-2.26553
486,4.01765,-2.26553
487,4.01765,-2.26553
488,4.01765,-2.26553
489,4.01765,-2.26553
490,4.01765,-2.26553
491,4.01765,-2.26553
492,3.83633,-2.44685
493,3.83633,-2.44685
494,3.83633,-2.44685
495,3.83633,-2.44685
496,3.83633,-2.44685
497,3.83633,-2.44685
498,4.43409,-1.8491
499,4.43409,-1.8491
500,4.43409,-1.8491
501,4.43409,-1.8491
502,4.51499,-1.76819
503,4.51499,-1.76819
504,4.51499,-1.76819
505,4.7837,-1.49949
506,4.7837,-1.49949
507,4.7837,-1.49949
508,4.7837,-1.49949
509,4.7837,-1.49949
510,4.7837,-1.49949
511,4.7837,-1.49949
512,4.7837,-1.49949
513,4.7837,-1.49949
514,4.7837,-1.49949
515,4.64108,-1.6421
516,4.64108,-1.6421
517,4.64108,-1.6421
518,4.64108,-1.6421
519,4.64108,-1.6421
520,4.64108,-1.6421
521,4.64108,-1.6421
522,4.64108,-1.6421
523,4.64108,-1.6421
524,4.64108,-1.6421
525,4.95737,-1.32582
526,4.95737,-1.32582
527,5.30039,-0.982794
528,5.30039,-0.982794
529,5.30039,-0.982794
530,4.95737,-1.32582
531,4.95737,-1.32582
532,4.43409,-1.8491
533,4.43409,-1.8491
534,4.43409,-1.8491
535,4.43409,-1.8491
536,4.43409,-1.8491
537,4.43409,-1.8491
538,4.43409,-1.8491
539,4.51499,-1.76819
540,4.51499,-1.76819
541,4.51499,-1.76819
542,4.51499,-1.76819
543,4.51499,-1.76819
544,4.03765,-2.24554
545,4.03765,-2.24554
546,4.03765,-2.24554
547,4.03765,-2.24554
548,4.03765,-2.24554
549,4.03765,-2.24554
550,4.03765,-2.24554
551,4.03765,-2.24554
552,5.30039,-0.982794
553,5.30039,-0.982794
554,5.30039,-0.982794
555,5.30039,-0.982794
556,5.03414,-1.24905
557,5.03414,-1.24905
558,5.03414,-1.24905
559,5.30039,-0.982794
560,5.30039,-0.982794
561,5.30039,-0.982794
562,4.85429,-1.4289
563,4.85429,-1.4289
564,4.85429,-1.4289
565,4.85429,-1.4289
566,4.85429,-1.4289
567,4.85429,-1.4289
568,4.85429,-1.4289
569,4.93106,-1.35213
570,4.93106,-1.35213
571,4.93106,-1.35213
572,4.93106,-1.35213
573,4.93106,-1.35213
574,5.38713,-0.896055
575,5.38713,-0.896055
576,5.38713,-0.896055
577,5.60844,-0.674741
578,5.60844,-0.674741
579,5.60844,-0.674741
580,5.60844,-0.674741
581,5.60844,-0.674741
582,5.0929,-1.19029
583,5.0929,-1.19029
584,5.0929,-1.19029
585,4.83674,-1.44644
586,4.83674,-1.44644
587,4.83674,-1.44644
588,4.83674,-1.44644
589,4.83674,-1.44644
590,4.83674,-1.44644
591,4.83674,-1.44644
592,4.83674,-1.44644
593,5.35589,-0.927295
594,5.35589,-0.927295
595,5.35589,-0.927295
596,5.35589,-0.927295
597,5.35589,-0.927295
598,5.03414,-1.24905
599,5.03414,-1.24905
600,5.03414,-1.24905
601,6.11804,-0.165149
602,6.11804,-0.165149
603,6.11804,-0.165149
604,6.11804,-0.165149
605,6.11804,-0.165149
606,6.11804,-0.165149
607,5.60844,-0.674741
608,5.60844,-0.674741
609,5.60844,-0.674741
610,5.60844,-0.674741
611,5.60844,-0.674741
612,5.60844,-0.674741
613,5.60844,-0.674741
614,5.96143,-0.321751
615,5.96143,-0.321751
616,5.96143,-0.321751
617,5.69518,-0.588003
618,5.69518,-0.588003
619,5.69518,-0.588003
620,5.96143,-0.321751
621,5.96143,-0.321751
622,5.96143,-0.321751
623,5.96143,-0.321751
624,5.96143,-0.321751
625,5.96143,-0.321751
626,5.96143,-0.321751
627,5.69518,-0.588003
628,5.69518,-0.588003
629,5.69518,-0.588003
630,6.00489,-0.2783
631,6.00489,-0.2783
632,6.00489,-0.2783
633,6.00489,-0.2783
634,6.20004,-0.0831412
635,6.20004,-0.0831412
636,6.20004,-0.0831412
637,6.20004,-0.0831412
638,6.20004,-0.0831412
639,6.20004,-0.0831412
640,6.20004,-0.0831412
641,6.20004,-0.0831412
642,6.20004,-0.0831412
643,6.20004,-0.0831412
644,6.20004,-0.0831412
645,6.20004,-0.0831412
646,6.10333,-0.179853
647,6.10333,-0.179853
648,6.10333,-0.179853
649,6.10333,-0.179853
650,6.10333,-0.179853
651,6.10333,-0.179853
652,6.10333,-0.179853
653,6.10333,-0.179853
654,6.10333,-0.179853
655,6.10333,-0.179853
656,6.10333,-0.179853
657,6.10333,-0.179853
658,6.10333,-0.179853
659,5.90268,-0.380506
660,5.90268,-0.380506
661,5.90268,-0.380506
662,5.90268,-0.380506
663,6.06452,-0.218669
664,6.06452,-0.218669
665,6.06452,-0.218669
666,6.06452,-0.218669
667,6.06452,-0.218669
668,6.13054,-0.152649
669,6.13054,-0.152649
670,6.13054,-0.152649
671,6.13054,-0.152649
672,6.13054,-0.152649
673,6.13054,-0.152649
674,6.13054,-0.152649
675,6.22077,-0.0624188
676,6.22077,-0.0624188
677,6.22077,-0.0624188
678,6.22077,-0.0624188
679,6.22077,-0.0624188
680,6.22077,-0.0624188
681,6.22077,-0.0624188
682,6.22077,-0.0624188
683,0.0624188,0.0624188
684,0.0624188,0.0624188
685,0.0624188,0.0624188
686,0.0624188,0.0624188
687,0.0624188,0.0624188
688,0.0624188,0.0624188
689,0.0624188,0.0624188
690,0.0624188,0.0624188
691,1.47113,1.47113
692,1.47113,1.47113
693,1.47113,1.47113
694,1.47113,1.47113
695,1.47113,1.47113
696,1.67046,1.67046
697,1.67046,1.67046
698,1.67046,1.67046
699,1.67046,1.67046
700,1.67046,1.67046
701,1.67046,1.67046
702,1.67046,1.67046
703,0.982794,0.982794
704,0.982794,0.982794
705,0.982794,0.982794
706,0.982794,0.982794
707,0.982794,0.982794
708,2.60117,2.60117
709,2.60117,2.60117
710,2.60117,2.60117
711,2.60117,2.60117
712,2.76109,2.76109
713,2.76109,2.76109
714,2.76109,2.76109
715,2.76109,2.76109
716,2.42276,2.42276
717,2.42276,2.42276
718,2.42276,2.42276
719,2.42276,2.42276
720,2.42276,2.42276
721,2.42276,2.42276
722,2.42276,2.42276
723,2.42276,2.42276
724,2.42276,2.42276
725,2.42276,2.42276
726,2.42276,2.42276
727,2.42276,2.42276
728,2.42276,2.42276
729,2.42276,2.42276
730,3.33899,-2.9442
731,3.33899,-2.9442
732,3.33899,-2.9442
733,3.33899,-2.9442
734,3.33899,-2.9442
735,2.9442,2.9442
736,2.9442,2.9442
737,2.9442,2.9442
738,0.982794,0.982794
739,0.982794,0.982794
740,0.982794,0.982794
741,1.35213,1.35213
742,1.35213,1.35213
743,1.35213,1.35213
744,1.35213,1.35213
745,1.35213,1.35213
746,1.44644,1.44644
747,1.44644,1.44644
748,1.44644,1.44644
749,1.44644,1.44644
750,1.69515,1.69515
751,1.69515,1.69515
752,1.69515,1.69515
753,1.69515,1.69515
754,1.69515,1.69515
755,1.69515,1.69515
756,1.3734,1.3734
757,1.3734,1.3734
758,1.3734,1.3734
759,1.3734,1.3734
760,1.3734,1.3734
761,1.76819,1.76819
762,1.76819,1.76819
763,1.76819,1.76819
764,1.76819,1.76819
765,1.76819,1.76819
766,1.32582,1.32582
767,1.32582,1.32582
768,1.32582,1.32582
769,1.32582,1.32582
770,1.32582,1.32582
771,1.32582,1.32582
772,0.982794,0.982794
773,0.982794,0.982794
774,0.982794,0.982794
775,0.982794,0.982794
776,2.03444,2.03444
777,2.03444,2.03444
778,2.03444,2.03444
779,0.588003,0.588003
780,0.588003,0.588003
781,0.588003,0.588003
782,0.982794,0.982794
783,0.982794,0.982794
784,2.03444,2.03444
785,2.03444,2.03444
786,2.03444,2.03444
787,1.03038,1.03038
788,1.03038,1.03038
789,1.03038,1.03038
790,1.03038,1.03038
791,1.03038,1.03038
792,1.03038,1.03038
793,1.03038,1.03038
794,1.03038,1.03038
795,1.03038,1.03038
796,1.03038,1.03038
797,1.03038,1.03038
798,1.03038,1.03038
799,1.1659,1.1659
800,1.1659,1.1659
801,1.1659,1.1659
802,1.1659,1.1659
803,1.1659,1.1659
804,1.1659,1.1659
805,1.1659,1.1659
806,1.1659,1.1659
807,1.1659,1.1659
808,1.1659,1.1659
809,1.2925,1.2925
810,1.2925,1.2925
811,1.2925,1.2925
812,1.2925,1.2925
813,1.2925,1.2925
814,1.2925,1.2925
815,1.2925,1.2925
816,1.2925,1.2925
817,0.96007,0.96007
818,0.96007,0.96007
819,0.96007,0.96007
820,0.96007,0.96007
821,0.96007,0.96007
822,0.96007,0.96007
823,0.96007,0.96007
824,0.96007,0.96007
825,0.96007,0.96007
826,0.96007,0.96007
827,1.00407,1.00407
828,1.00407,1.00407
829,1.00407,1.00407
830,1.00407,1.00407
831,1.00407,1.00407
832,1.00407,1.00407
833,1.00407,1.00407
834,1.00407,1.00407
835,1.00407,1.00407
836,1.00407,1.00407
837,0.885067,0.885067
838,0.885067,0.885067
839,0.885067,0.885067
840,0.885067,0.885067
841,0.885067,0.885067
842,0.885067,0.885067
843,0.885067,0.885067
844,0.885067,0.885067
845,0.885067,0.885067
846,0.822418,0.822418
847,0.822418,0.822418
848,0.822418,0.822418
849,0.822418,0.822418
850,0.822418,0.822418
851,0.822418,0.822418
852,0.822418,0.822418
853,0.822418,0.822418
854,0.822418,0.822418
855,0.822418,0.822418
856,0.822418,0.822418
857,0.822418,0.822418
858,0.822418,0.822418
859,0.822418,0.822418
860,0.822418,0.822418
861,0.822418,0.822418
862,0.822418,0.822418
863,0.822418,0.822418
864,0.822418,0.822418
865,0.822418,0.822418
866,0.822418,0.822418
867,0.822418,0.822418
868,0.822418,0.822418
869,0.822418,0.822418
870,0.822418,0.822418
871,1.03038,1.03038
872,1.03038,1.03038
873,1.03038,1.03038
874,1.03038,1.03038
875,1.03038,1.03038
876,0.927295,0.927295
877,0.927295,0.927295
878,0.927295,0.927295
879,0.927295,0.927295
880,0.927295,0.927295
881,1.32582,1.32582
882,1.32582,1.32582
883,1.32582,1.32582
884,1.32582,1.32582
885,1.19029,1.19029
886,1.19029,1.19029
887,1.03038,1.03038
888,0.896055,0.896055
889,0.896055,0.896055
890,0.896055,0.896055
891,0.896055,0.896055
892,0.896055,0.896055
893,0.896055,0.896055
894,0.896055,0.896055
895,1.03038,1.03038
896,1.03038,1.03038
897,1.19029,1.19029
898,1.27934,1.27934
899,1.27934,1.27934
900,1.27934,1.27934
901,1.27934,1.27934
902,1.27934,1.27934
903,1.27934,1.27934
904,1.27934,1.27934
905,1.27934,1.27934
906,1.27934,1.27934
907,1.27934,1.27934
908,1.27934,1.27934
909,1.27934,1.27934
910,0.588003,0.588003
911,0.588003,0.588003
912,0.588003,0.588003
913,0.982794,0.982794
914,1.1659,1.1659
915,1.1659,1.1659
916,1.1659,1.1659
917,1.1659,1.1659
918,1.1659,1.1659
919,1.1659,1.1659
920,1.05165,1.05165
921,1.05165,1.05165
922,1.05165,1.05165
923,1.05165,1.05165
924,1.05165,1.05165
925,1.05165,1.05165
926,1.24905,1.24905
927,1.24905,1.24905
928,1.24905,1.24905
929,1.24905,1.24905
930,1.24905,1.24905
931,2.1588,2.1588
932,2.1588,2.1588
933,2.1588,2.1588
934,2.1588,2.1588
935,2.1588,2.1588
936,1.24905,1.24905
937,1.24905,1.24905
938,1.24905,1.24905
939,1.24905,1.24905
940,1.24905,1.24905
941,1.24905,1.24905
942,1.24905,1.24905
943,1.68145,1.68145
944,1.68145,1.68145
945,1.68145,1.68145
946,1.68145,1.68145
947,1.68145,1.68145
948,1.68145,1.68145
949,1.45369,1.45369
950,1.45369,1.45369
951,1.45369,1.45369
952,1.45369,1.45369
953,1.45369,1.45369
954,1.45369,1.45369
955,1.45369,1.45369
956,1.45369,1.45369
957,1.45369,1.45369
958,1.45369,1.45369
959,1.45369,1.45369
960,1.45369,1.45369
961,1.45369,1.45369
962,0.896055,0.896055
963,0.896055,0.896055
964,0.896055,0.896055
965,0.674741,0.674741
966,0.674741,0.674741
967,0.674741,0.674741
968,0.620249,0.620249
969,0.620249,0.620249
970,0.620249,0.620249
971,0.558599,0.558599
972,0.558599,0.558599
973,0.558599,0.558599
974,0.558599,0.558599
975,0.380506,0.380506
976,0.244979,0.244979
977,0.244979,0.244979
978,6.11804,-0.165149
979,6.11804,-0.165149
980,6.11804,-0.165149
981,6.11804,-0.165149
982,6.11804,-0.165149
983,6.11804,-0.165149
984,6.11804,-0.165149
985,6.11804,-0.165149
986,6.11804,-0.165149
987,6.00489,-0.2783
988,6.00489,-0.2783
989,5.92441,-0.358771
990,5.92441,-0.358771
991,5.92441,-0.358771
992,5.92441,-0.358771
993,5.74277,-0.54042
994,5.60844,-0.674741
995,5.60844,-0.674741
996,5.60844,-0.674741
997,5.60844,-0.674741
998,5.60844,-0.674741
999,5.60844,-0.674741
1000,5.60844,-0.674741
1001,5.74277,-0.54042
1002,5.74277,-0.54042
1003,5.90268,-0.380506
1004,6.11804,-0.165149
1005,6.11804,-0.165149
1006,6.11804,-0.165149
1007,6.11804,-0.165149
1008,6.11804,-0.165149
1009,6.11804,-0.165149
1010,6.06452,-0.218669
1011,6.06452,-0.218669
1012,6.06452,-0.218669
1013,6.06452,-0.218669
1014,6.06452,-0.218669
1015,5.63968,-0.643501
1016,5.63968,-0.643501
1017,5.63968,-0.643501
1018,5.63968,-0.643501
1019,5.63968,-0.643501
1020,5.74277,-0.54042
1021,5.74277,-0.54042
1022,5.90268,-0.380506
1023,6.03821,-0.244979
1024,6.03821,-0.244979
1025,6.03821,-0.244979
1026,6.03821,-0.244979
1027,4.85429,-1.4289
1028,4.85429,-1.4289
1029,4.85429,-1.4289
1030,4.85429,-1.4289
1031,4.60173,-1.68145
1032,4.60173,-1.68145
1033,4.60173,-1.68145
1034,4.60173,-1.68145
1035,4.60173,-1.68145
1036,4.60173,-1.68145
1037,4.60173,-1.68145
1038,4.60173,-1.68145
1039,4.60173,-1.68145
1040,4.60173,-1.68145
1041,4.60173,-1.68145
1042,4.60173,-1.68145
1043,4.60173,-1.68145
1044,4.49372,-1.78947
1045,4.49372,-1.78947
1046,4.49372,-1.78947
1047,4.49372,-1.78947
1048,4.49372,-1.78947
1049,4.49372,-1.78947
1050,4.55974,-1.72345
1051,4.55974,-1.72345
1052,4.55974,-1.72345
1053,4.55974,-1.72345
1054,4.55974,-1.72345
1055,4.55974,-1.72345
1056,4.55974,-1.72345
1057,4.62173,-1.66146
1058,4.62173,-1.66146
1059,4.62173,-1.66146
1060,4.62173,-1.66146
1061,4.62173,-1.66146
1062,4.62173,-1.66146
1063,4.62173,-1.66146
1064,4.62173,-1.66146
1065,4.62173,-1.66146
1066,4.62173,-1.66146
1067,4.62173,-1.66146
1068,4.59528,-1.68791
1069,4.59528,-1.68791
1070,4.59528,-1.68791
1071,4.59528,-1.68791
1072,4.59528,-1.68791
1073,4.59528,-1.68791
1074,4.59528,-1.68791
1075,4.59528,-1.68791
1076,4.59528,-1.68791
1077,4.55974,-1.72345
1078,4.55974,-1.72345
1079,4.55974,-1.72345
1080,4.55974,-1.72345
1081,4.55974,-1.72345
1082,4.55974,-1.72345
1083,4.55974,-1.72345
1084,4.33188,-1.9513
1085,4.33188,-1.9513
1086,4.33188,-1.9513
1087,4.33188,-1.9513
1088,4.49372,-1.78947
1089,4.49372,-1.78947
1090,4.49372,-1.78947
1091,4.49372,-1.78947
1092,4.49372,-1.78947
1093,4.62173,-1.66146
1094,4.62173,-1.66146
1095,4.62173,-1.66146
1096,4.62173,-1.66146
1097,4.62173,-1.66146
1098,4.62173,-1.66146
1099,4.62173,-1.66146
1100,4.62173,-1.66146
1101,4.62173,-1.66146
1102,4.62173,-1.66146
1103,4.62173,-1.66146
1104,3.60524,-2.67795
1105,3.60524,-2.67795
1106,4.51499,-1.76819
1107,4.51499,-1.76819
1108,4.51499,-1.76819
1109,4.90978,-1.3734
1110,4.90978,-1.3734
1111,4.90978,-1.3734
1112,4.90978,-1.3734
1113,3.60524,-2.67795
1114,3.60524,-2.67795
1115,4.46741,-1.81577
1116,4.46741,-1.81577
1117,4.95737,-1.32582
1118,4.95737,-1.32582
1119,4.95737,-1.32582
1120,4.95737,-1.32582
1121,4.95737,-1.32582
1122,4.46741,-1.81577
1123,4.46741,-1.81577
1124,4.46741,-1.81577
1125,4.46741,-1.81577
1126,5.17604,-1.10715
1127,5.17604,-1.10715
1128,4.12439,-2.1588
1129,4.12439,-2.1588
1130,3.7296,-2.55359
1131,3.33899,-2.9442
1132,3.33899,-2.9442
1133,3.33899,-2.9442
1134,3.33899,-2.9442
1135,3.33899,-2.9442
1136,3.33899,-2.9442
1137,6.11804,-0.165149
1138,6.11804,-0.165149
1139,6.11804,-0.165149
1140,6.11804,-0.165149
1141,6.11804,-0.165149
1142,6.11804,-0.165149
1143,4.95737,-1.32582
1144,4.95737,-1.32582
1145,4.95737,-1.32582
1146,4.95737,-1.32582
1147,5.25281,-1.03038
1148,5.25281,-1.03038
1149,5.25281,-1.03038
1150,5.25281,-1.03038
1151,5.25281,-1.03038
1152,5.25281,-1.03038
1153,5.25281,-1.03038
1154,4.24874,-2.03444
1155,3.46334,-2.81984
1156,3.46334,-2.81984
1157,3.46334,-2.81984
1158,4.24874,-2.03444
1159,4.24874,-2.03444
1160,3.5221,-2.76109
1161,3.5221,-2.76109
1162,3.5221,-2.76109
1163,3.33899,-2.9442
1164,3.33899,-2.9442
1165,3.33899,-2.9442
1166,3.33899,-2.9442
1167,3.33899,-2.9442
1168,4.39064,-1.89255
1169,4.39064,-1.89255
1170,5.03414,-1.24905
1171,5.38713,-0.896055
1172,5.38713,-0.896055
1173,5.38713,-0.896055
1174,5.60844,-0.674741
1175,5.60844,-0.674741
1176,5.60844,-0.674741
1177,6.08579,-0.197396
1178,6.08579,-0.197396
1179,6.08579,-0.197396
1180,6.08579,-0.197396
1181,6.08579,-0.197396
1182,5.90268,-0.380506
1183,5.90268,-0.380506
1184,5.74277,-0.54042
1185,5.58845,-0.694738
1186,5.58845,-0.694738
1187,5.58845,-0.694738
1188,5.58845,-0.694738
1189,5.40713,-0.876058
1190,5.40713,-0.876058
1191,5.40713,-0.876058
1192,5.40713,-0.876058
1193,4.90978,-1.3734
1194,4.90978,-1.3734
1195,4.90978,-1.3734
1196,4.90978,-1.3734
1197,4.90978,-1.3734
1198,5.0929,-1.19029
1199,5.0929,-1.19029
1200,5.25281,-1.03038
1201,5.25281,-1.03038
1202,5.69518,-0.588003
1203,6.03821,-0.244979
1204,6.03821,-0.244979
1205,6.03821,-0.244979
1206,6.03821,-0.244979
1207,5.63968,-0.643501
1208,5.63968,-0.643501
1209,5.63968,-0.643501
1210,5.63968,-0.643501
1211,5.63968,-0.643501
1212,5.99173,-0.291457
1213,5.99173,-0.291457
1214,5.99173,-0.291457
1215,5.99173,-0.291457
1216,5.99173,-0.291457
1217,5.99173,-0.291457
1218,5.99173,-0.291457
1219,5.99173,-0.291457
1220,6.09784,-0.185348
1221,6.09784,-0.185348
1222,6.09784,-0.185348
1223,6.09784,-0.185348
1224,6.09784,-0.185348
1225,6.09784,-0.185348
1226,6.09784,-0.185348
1227,6.09784,-0.185348
1228,6.09784,-0.185348
1229,6.09784,-0.185348
1230,6.09784,-0.185348
1231,6.09784,-0.185348
1232,6.14129,-0.141897
1233,6.14129,-0.141897
1234,6.14129,-0.141897
1235,6.14129,-0.141897
1236,0.141897,0.141897
1237,0.141897,0.141897
1238,0.141897,0.141897
1239,1.3734,1.3734
1240,1.3734,1.3734
1241,1.3734,1.3734
1242,1.3734,1.3734
1243,1.3734,1.3734
1244,0.110657,0.110657
1245,0.110657,0.110657
1246,0.110657,0.110657
1247,0.110657,0.110657
1248,0.110657,0.110657
1249,0.110657,0.110657
1250,0.110657,0.110657
1251,0.110657,0.110657
1252,0.110657,0.110657
1253,0.110657,0.110657
1254,3.01724,3.01724
1255,3.01724,3.01724
1256,3.01724,3.01724
1257,3.01724,3.01724
1258,3.01724,3.01724
1259,3.01724,3.01724
1260,3.01724,3.01724
1261,3.01724,3.01724
1262,2.52134,2.52134
1263,2.52134,2.52134
1264,2.52134,2.52134
1265,2.52134,2.52134
1266,2.52134,2.52134
1267,2.52134,2.52134
1268,2.52134,2.52134
1269,2.2143,2.2143
1270,2.2143,2.2143
1271,1.89255,1.89255
1272,1.89255,1.89255
1273,1.89255,1.89255
1274,2.1588,2.1588
1275,2.55359,2.55359
1276,2.55359,2.55359
1277,2.55359,2.55359
1278,2.55359,2.55359
1279,2.55359,2.55359
1280,2.55359,2.55359
1281,0.110657,0.110657
1282,0.110657,0.110657
1283,0.110657,0.110657
1284,0.110657,0.110657
1285,0.110657,0.110657
1286,0.110657,0.110657
1287,0.110657,0.110657
1288,0.110657,0.110657
1289,0.110657,0.110657
1290,1.40565,1.40565
1291,1.40565,1.40565
1292,1.40565,1.40565
1293,1.73595,1.73595
1294,1.73595,1.73595
1295,1.73595,1.73595
1296,2.1588,2.1588
1297,2.55359,2.55359
1298,3.01724,3.01724
1299,3.01724,3.01724
1300,3.01724,3.01724
1301,3.01724,3.01724
1302,3.01724,3.01724
1303,3.01724,3.01724
1304,3.01724,3.01724
1305,3.01724,3.01724
1306,1.89255,1.89255
1307,1.89255,1.89255
1308,1.24905,1.24905
1309,1.24905,1.24905
1310,1.24905,1.24905
1311,2.03444,2.03444
1312,2.03444,2.03444
1313,1.10715,1.10715
1314,1.10715,1.10715
1315,1.10715,1.10715
1316,1.71269,1.71269
1317,1.71269,1.71269
1318,1.71269,1.71269
1319,1.71269,1.71269
1320,1.71269,1.71269
1321,1.71269,1.71269
1322,1.4289,1.4289
1323,1.4289,1.4289
1324,1.4289,1.4289
1325,1.19029,1.19029
1326,1.19029,1.19029
1327,1.03038,1.03038
1328,1.03038,1.03038
1329,0.588003,0.588003
1330,0.588003,0.588003
1331,0.588003,0.588003
1332,0.588003,0.588003
1333,2.35619,2.35619
1334,2.35619,2.35619
1335,1.32582,1.32582
1336,1.32582,1.32582
1337,1.32582,1.32582
1338,1.32582,1.32582
1339,1.32582,1.32582
1340,1.19029,1.19029
1341,1.19029,1.19029
1342,1.19029,1.19029
1343,1.19029,1.19029
1344,1.19029,1.19029
1345,1.19029,1.19029
1346,1.19029,1.19029
1347,1.19029,1.19029
1348,1.19029,1.19029
1349,1.19029,1.19029
1350,1.19029,1.19029
1351,1.44644,1.44644
1352,1.44644,1.44644
1353,1.44644,1.44644
1354,1.44644,1.44644
1355,1.44644,1.44644
1356,1.44644,1.44644
1357,1.44644,1.44644
1358,1.44644,1.44644
1359,1.21203,1.21203
1360,1.21203,1.21203
1361,1.21203,1.21203
1362,1.21203,1.21203
1363,1.21203,1.21203
1364,1.21203,1.21203
1365,1.2925,1.2925
1366,1.2925,1.2925
1367,1.40565,1.40565
1368,1.40565,1.40565
1369,1.40565,1.40565
1370,1.40565,1.40565
1371,1.40565,1.40565
1372,1.40565,1.40565
1373,1.40565,1.40565
1374,1.40565,1.40565
1375,2.03444,2.03444
1376,2.03444,2.03444
1377,1.10715,1.10715
1378,1.10715,1.10715
1379,1.10715,1.10715
1380,1.10715,1.10715
1381,1.10715,1.10715
1382,1.10715,1.10715
1383,2.03444,2.03444
1384,2.03444,2.03444
1385,2.03444,2.03444
1386,1.40565,1.40565
1387,1.40565,1.40565
1388,1.40565,1.40565
1389,1.40565,1.40565
1390,1.40565,1.40565
1391,1.40565,1.40565
1392,1.40565,1.40565
1393,1.19029,1.19029
1394,1.19029,1.19029
1395,1.19029,1.19029
1396,1.19029,1.19029
1397,1.32582,1.32582
1398,1.32582,1.32582
1399,1.32582,1.32582
1400,1.32582,1.32582
1401,0.927295,0.927295
1402,0.927295,0.927295
1403,0.927295,0.927295
1404,0.927295,0.927295
1405,0.927295,0.927295
1406,1.03038,1.03038
1407,1.03038,1.03038
1408,1.03038,1.03038
1409,1.03038,1.03038
1410,2.03444,2.03444
1411,2.03444,2.03444
1412,2.03444,2.03444
1413,1.10715,1.10715
1414,1.10715,1.10715
1415,1.10715,1.10715
1416,1.10715,1.10715
1417,1.10715,1.10715
1418,1.10715,1.10715
1419,0.463648,0.463648
1420,0.463648,0.463648
1421,0.463648,0.463648
1422,2.03444,2.03444
1423,2.03444,2.03444
1424,0.982794,0.982794
1425,0.982794,0.982794
1426,0.982794,0.982794
1427,0.982794,0.982794
1428,0.982794,0.982794
1429,2.03444,2.03444
1430,2.03444,2.03444
1431,0.896055,0.896055
1432,0.896055,0.896055
1433,0.896055,0.896055
1434,0.896055,0.896055
1435,0.896055,0.896055
1436,0.896055,0.896055
1437,0.896055,0.896055
1438,0.896055,0.896055
1439,1.0637,1.0637
1440,1.0637,1.0637
1441,1.0637,1.0637
1442,1.0637,1.0637
1443,1.0637,1.0637
1444,1.0637,1.0637
1445,1.0637,1.0637
1446,1.0637,1.0637
1447,1.0637,1.0637
1448,1.0637,1.0637
1449,1.0637,1.0637
1450,0.321751,0.321751
1451,0.321751,0.321751
1452,0.321751,0.321751
1453,0.321751,0.321751
1454,2.35619,2.35619
1455,2.35619,2.35619
1456,0.463648,0.463648
1457,0.463648,0.463648
1458,0.982794,0.982794
1459,0.982794,0.982794
1460,0.982794,0.982794
1461,0.588003,0.588003
1462,0.588003,0.588003
1463,5.81954,-0.463648
1464,5.17604,-1.10715
1465,5.17604,-1.10715
1466,5.96143,-0.321751
1467,5.96143,-0.321751
1468,0.321751,0.321751
1469,0.321751,0.321751
1470,0.321751,0.321751
1471,0.321751,0.321751
1472,5.96143,-0.321751
1473,5.96143,-0.321751
1474,3.92699,-2.35619
1475,3.92699,-2.35619
1476,5.81954,-0.463648
1477,5.81954,-0.463648
1478,5.17604,-1.10715
1479,4.24874,-2.03444
1480,4.24874,-2.03444
1481,4.24874,-2.03444
1482,5.81954,-0.463648
1483,5.81954,-0.463648
1484,5.03414,-1.24905
1485,5.03414,-1.24905
1486,5.03414,-1.24905
1487,5.03414,-1.24905
1488,5.03414,-1.24905
1489,4.54724,-1.73595
1490,4.54724,-1.73595
1491,4.54724,-1.73595
1492,4.54724,-1.73595
1493,4.54724,-1.73595
1494,4.54724,-1.73595
1495,4.54724,-1.73595
1496,4.54724,-1.73595
1497,4.54724,-1.73595
1498,4.54724,-1.73595
1499,4.54724,-1.73595
1500,4.54724,-1.73595
1501,4.90978,-1.3734
1502,4.90978,-1.3734
1503,5.69518,-0.588003
1504,5.69518,-0.588003
1505,5.69518,-0.588003
1506,5.30039,-0.982794
1507,4.90978,-1.3734
1508,4.90978,-1.3734
1509,4.90978,-1.3734
1510,4.90978,-1.3734
1511,4.90978,-1.3734
1512,5.00385,-1.27934
1513,5.00385,-1.27934
1514,5.00385,-1.27934
1515,5.00385,-1.27934
1516,5.06116,-1.22203
1517,5.06116,-1.22203
1518,5.06116,-1.22203
1519,5.06116,-1.22203
1520,5.06116,-1.22203
1521,5.06116,-1.22203
1522,5.06116,-1.22203
1523,5.06116,-1.22203
1524,5.06116,-1.22203
1525,5.06116,-1.22203
1526,5.06116,-1.22203
1527,5.30039,-0.982794
1528,5.30039,-0.982794
1529,5.30039,-0.982794
1530,5.30039,-0.982794
1531,5.30039,-0.982794
1532,5.81954,-0.463648
1533,5.81954,-0.463648
1534,4.90978,-1.3734
1535,4.90978,-1.3734
1536,4.90978,-1.3734
1537,4.90978,-1.3734
1538,4.90978,-1.3734
1539,4.99069,-1.2925
1540,4.99069,-1.2925
1541,4.99069,-1.2925
1542,4.99069,-1.2925
1543,5.30039,-0.982794
1544,5.30039,-0.982794
1545,5.30039,-0.982794
1546,5.30039,-0.982794
1547,5.30039,-0.982794
1548,5.90268,-0.380506
1549,5.90268,-0.380506
1550,5.90268,-0.380506
1551,5.90268,-0.380506
1552,5.90268,-0.380506
1553,5.90268,-0.380506
1554,4.90978,-1.3734
1555,4.90978,-1.3734
1556,4.90978,-1.3734
1557,4.90978,-1.3734
1558,4.90978,-1.3734
1559,5.38713,-0.896055
1560,5.38713,-0.896055
1561,5.38713,-0.896055
1562,5.38713,-0.896055
1563,5.38713,-0.896055
1564,5.38713,-0.896055
1565,5.38713,-0.896055
1566,5.03414,-1.24905
1567,5.03414,-1.24905
1568,5.03414,-1.24905
1569,5.81954,-0.463648
1570,5.81954,-0.463648
1571,4.95737,-1.32582
1572,4.95737,-1.32582
1573,4.95737,-1.32582
1574,4.95737,-1.32582
1575,5.81954,-0.463648
1576,5.81954,-0.463648
1577,4.90978,-1.3734
1578,4.90978,-1.3734
1579,4.90978,-1.3734
1580,4.90978,-1.3734
1581,4.90978,-1.3734
1582,4.99069,-1.2925
1583,4.99069,-1.2925
1584,4.99069,-1.2925
1585,4.99069,-1.2925
1586,5.30039,-0.982794
1587,5.30039,-0.982794
1588,5.30039,-0.982794
1589,4.93106,-1.35213
1590,4.93106,-1.35213
1591,4.93106,-1.35213
1592,4.93106,-1.35213
1593,4.93106,-1.35213
1594,4.93106,-1.35213
1595,4.93106,-1.35213
1596,4.93106,-1.35213
1597,4.93106,-1.35213
1598,4.93106,-1.35213
1599,5.0929,-1.19029
1600,5.0929,-1.19029
1601,5.25281,-1.03038
1602,5.25281,-1.03038
1603,5.25281,-1.03038
1604,5.25281,-1.03038
1605,5.25281,-1.03038
1606,5.25281,-1.03038
1607,5.60844,-0.674741
1608,5.60844,-0.674741
1609,5.60844,-0.674741
1610,5.60844,-0.674741
1611,5.60844,-0.674741
1612,5.38713,-0.896055
1613,5.38713,-0.896055
1614,5.38713,-0.896055
1615,4.90978,-1.3734
1616,4.90978,-1.3734
1617,4.90978,-1.3734
1618,4.90978,-1.3734
1619,4.90978,-1.3734
1620,5.35589,-0.927295
1621,5.35589,-0.927295
1622,5.35589,-0.927295
1623,5.35589,-0.927295
1624,5.35589,-0.927295
1625,5.03414,-1.24905
1626,5.03414,-1.24905
1627,5.03414,-1.24905
1628,5.30039,-0.982794
1629,5.69518,-0.588003
1630,5.69518,-0.588003
1631,5.69518,-0.588003
1632,4.87754,-1.40565
1633,4.87754,-1.40565
1634,4.87754,-1.40565
1635,4.87754,-1.40565
1636,4.87754,-1.40565
1637,4.87754,-1.40565
1638,5.0929,-1.19029
1639,5.0929,-1.19029
1640,5.0929,-1.19029
1641,5.0929,-1.19029
1642,5.0929,-1.19029
1643,3.38657,-2.89661
1644,3.38657,-2.89661
1645,3.04192,3.04192
1646,3.04192,3.04192
1647,3.04192,3.04192
1648,3.04192,3.04192
1649,3.04192,3.04192
1650,3.04192,3.04192
1651,3.04192,3.04192
1652,3.04192,3.04192
1653,3.24126,-3.04192
1654,3.24126,-3.04192
1655,3.24126,-3.04192
1656,3.24126,-3.04192
1657,3.24126,-3.04192
1658,3.24126,-3.04192
1659,5.81954,-0.463648
1660,5.81954,-0.463648
1661,5.81954,-0.463648
1662,3.38657,-2.89661
1663,3.38657,-2.89661
1664,2.86329,2.86329
1665,2.86329,2.86329
1666,2.86329,2.86329
1667,2.86329,2.86329
1668,2.86329,2.86329
1669,2.86329,2.86329
1670,2.86329,2.86329
1671,3.03094,3.03094
1672,3.03094,3.03094
1673,3.03094,3.03094
1674,3.03094,3.03094
1675,3.03094,3.03094
1676,3.25225,-3.03094
1677,3.25225,-3.03094
1678,3.25225,-3.03094
1679,3.25225,-3.03094
1680,3.25225,-3.03094
1681,5.63968,-0.643501
1682,5.63968,-0.643501
1683,5.63968,-0.643501
1684,5.63968,-0.643501
1685,5.90268,-0.380506
1686,5.90268,-0.380506
1687,5.90268,-0.380506
1688,5.90268,-0.380506
1689,5.90268,-0.380506
1690,5.90268,-0.380506
1691,5.90268,-0.380506
1692,6.17253,-0.110657
1693,6.17253,-0.110657
1694,6.17253,-0.110657
1695,6.17253,-0.110657
1696,6.17253,-0.110657
1697,6.17253,-0.110657
1698,6.17253,-0.110657
1699,6.17253,-0.110657
1700,6.17253,-0.110657
1701,6.01693,-0.266252
1702,6.01693,-0.266252
1703,6.01693,-0.266252
1704,6.01693,-0.266252
1705,6.01693,-0.266252
1706,6.01693,-0.266252
1707,6.01693,-0.266252
1708,6.01693,-0.266252
1709,6.06452,-0.218669
1710,6.06452,-0.218669
1711,6.15063,-0.132552
1712,6.15063,-0.132552
1713,6.15063,-0.132552
1714,6.15063,-0.132552
1715,6.15063,-0.132552
1716,6.15063,-0.132552
1717,6.15063,-0.132552
1718,6.15063,-0.132552
1719,6.15063,-0.132552
1720,6.15063,-0.132552
1721,6.15063,-0.132552
1722,6.15063,-0.132552
1723,6.15063,-0.132552
1724,6.15063,-0.132552
1725,6.15063,-0.132552
1726,6.15063,-0.132552
1727,5.63968,-0.643501
1728,5.63968,-0.643501
1729,5.63968,-0.643501
1730,5.63968,-0.643501
1731,5.63968,-0.643501
1732,5.96143,-0.321751
1733,5.96143,-0.321751
1734,5.96143,-0.321751
1735,5.96143,-0.321751
1736,5.96143,-0.321751
1737,0.844154,0.844154
1738,0.844154,0.844154
1739,0.844154,0.844154
1740,0.844154,0.844154
1741,0.844154,0.844154
1742,0.844154,0.844154
1743,0.844154,0.844154
1744,0.844154,0.844154
1745,0.844154,0.844154
1746,0.844154,0.844154
1747,0.844154,0.844154
1748,0.844154,0.844154
1749,0.844154,0.844154
1750,0.844154,0.844154
1751,1.44644,1.44644
1752,1.44644,1.44644
1753,1.44644,1.44644
1754,1.44644,1.44644
1755,1.44644,1.44644
1756,1.44644,1.44644
1757,1.44644,1.44644
1758,1.44644,1.44644
1759,0.982794,0.982794
1760,0.982794,0.982794
1761,0.982794,0.982794
1762,1.44644,1.44644
1763,1.44644,1.44644
1764,1.44644,1.44644
1765,1.44644,1.44644
1766,1.70335,1.70335
1767,1.70335,1.70335
1768,1.70335,1.70335
1769,1.70335,1.70335
1770,1.70335,1.70335
1771,1.70335,1.70335
1772,1.70335,1.70335
1773,1.70335,1.70335
1774,1.70335,1.70335
1775,1.70335,1.70335
1776,1.70335,1.70335
1777,1.70335,1.70335
1778,2.1588,2.1588
1779,2.1588,2.1588
1780,2.1588,2.1588
1781,2.1588,2.1588
1782,1.32582,1.32582
1783,1.32582,1.32582
1784,1.32582,1.32582
1785,1.81577,1.81577
1786,1.81577,1.81577
1787,2.1588,2.1588
1788,2.1588,2.1588
1789,2.1588,2.1588
1790,1.78947,1.78947
1791,1.78947,1.78947
1792,1.78947,1.78947
1793,1.78947,1.78947
1794,1.78947,1.78947
1795,1.69515,1.69515
1796,1.69515,1.69515
1797,1.69515,1.69515
1798,1.69515,1.69515
1799,1.69515,1.69515
1800,1.69515,1.69515
1801,1.69515,1.69515
1802,1.69515,1.69515
1803,1.69515,1.69515
1804,1.69515,1.69515
1805,0.785398,0.785398
1806,0.785398,0.785398
1807,2.1588,2.1588
1808,2.1588,2.1588
1809,2.1588,2.1588
1810,1.81577,1.81577
1811,1.81577,1.81577
1812,1.81577,1.81577
1813,1.81577,1.81577
1814,1.81577,1.81577
1815,1.81577,1.81577
1816,1.81577,1.81577
1817,1.81577,1.81577
1818,1.81577,1.81577
1819,2.1588,2.1588
1820,2.1588,2.1588
1821,2.1588,2.1588
1822,1.76819,1.76819
1823,1.76819,1.76819
1824,1.76819,1.76819
1825,1.76819,1.76819
1826,1.76819,1.76819
1827,1.9513,1.9513
1828,1.9513,1.9513
1829,1.9513,1.9513
1830,1.9513,1.9513
1831,1.9513,1.9513
1832,1.9513,1.9513
1833,1.9513,1.9513
1834,2.2143,2.2143
1835,2.2143,2.2143
1836,2.2143,2.2143
1837,2.2143,2.2143
1838,2.2143,2.2143
1839,2.11122,2.11122
1840,2.11122,2.11122
1841,2.11122,2.11122
1842,2.11122,2.11122
1843,1.10715,1.10715
1844,1.10715,1.10715
1845,1.10715,1.10715
1846,1.9513,1.9513
1847,1.9513,1.9513
1848,1.9513,1.9513
1849,1.9513,1.9513
1850,1.9513,1.9513
1851,1.9513,1.9513
1852,1.9513,1.9513
1853,1.9513,1.9513
1854,1.81577,1.81577
1855,1.81577,1.81577
1856,1.81577,1.81577
1857,1.81577,1.81577
1858,2.1588,2.1588
1859,2.1588,2.1588
1860,2.1588,2.1588
1861,1.86225,1.86225
1862,1.86225,1.86225
1863,1.86225,1.86225
1864,1.86225,1.86225
1865,1.86225,1.86225
1866,1.86225,1.86225
1867,1.86225,1.86225
1868,1.86225,1.86225
1869,1.76819,1.76819
1870,1.76819,1.76819
1871,1.76819,1.76819
1872,1.76819,1.76819
1873,1.76819,1.76819
1874,1.8491,1.8491
1875,1.8491,1.8491
1876,1.8491,1.8491
1877,1.8491,1.8491
1878,1.8491,1.8491
1879,1.8491,1.8491
1880,1.8491,1.8491
1881,1.8491,1.8491
1882,1.8491,1.8491
1883,1.8491,1.8491
1884,1.8491,1.8491
1885,1.8491,1.8491
1886,1.8491,1.8491
1887,1.8491,1.8491
1888,1.76819,1.76819
1889,1.76819,1.76819
1890,1.76819,1.76819
1891,1.76819,1.76819
1892,1.76819,1.76819
1893,2.1588,2.1588
1894,2.1588,2.1588
1895,2.1588,2.1588
1896,2.1588,2.1588
1897,0.588003,0.588003
1898,0.588003,0.588003
1899,0.588003,0.588003
1900,0.588003,0.588003
1901,1.10715,1.10715
1902,1.75065,1.75065
1903,1.75065,1.75065
1904,1.75065,1.75065
1905,1.75065,1.75065
1906,1.75065,1.75065
1907,1.75065,1.75065
1908,1.75065,1.75065
1909,1.75065,1.75065
1910,1.70335,1.70335
1911,1.70335,1.70335
1912,1.70335,1.70335
1913,1.70335,1.70335
1914,1.70335,1.70335
1915,1.70335,1.70335
1916,1.70335,1.70335
1917,1.70335,1.70335
1918,1.68145,1.68145
1919,1.68145,1.68145
1920,1.68145,1.68145
1921,1.68145,1.68145
1922,1.68145,1.68145
1923,1.46014,1.46014
1924,1.46014,1.46014
1925,1.46014,1.46014
1926,1.46014,1.46014
1927,1.19029,1.19029
1928,1.19029,1.19029
1929,1.19029,1.19029
1930,0.321751,0.321751
1931,0.321751,0.321751
1932,0.321751,0.321751
1933,0.321751,0.321751
1934,2.81984,2.81984
1935,2.81984,2.81984
1936,2.81984,2.81984
1937,1.73595,1.73595
1938,1.73595,1.73595
1939,1.73595,1.73595
1940,1.46014,1.46014
1941,1.46014,1.46014
1942,1.46014,1.46014
1943,1.46014,1.46014
1944,1.46014,1.46014
1945,1.46014,1.46014
1946,1.46014,1.46014
1947,1.46014,1.46014
1948,1.46014,1.46014
1949,1.46014,1.46014
1950,1.46014,1.46014
1951,1.46014,1.46014
1952,1.46014,1.46014
1953,1.46014,1.46014
1954,1.46014,1.46014
1955,1.46014,1.46014
1956,1.46014,1.46014
1957,1.75065,1.75065
1958,1.75065,1.75065
1959,1.75065,1.75065
1960,1.75065,1.75065
1961,1.75065,1.75065
1962,1.75065,1.75065
1963,1.75065,1.75065
1964,1.75065,1.75065
1965,1.75065,1.75065
1966,2.1588,2.1588
1967,2.1588,2.1588
1968,2.1588,2.1588
1969,1.71269,1.71269
1970,1.71269,1.71269
1971,1.71269,1.71269
1972,1.71269,1.71269
1973,1.71269,1.71269
1974,1.71269,1.71269
1975,1.71269,1.71269
1976,1.8491,1.8491
1977,1.8491,1.8491
1978,1.8491,1.8491
1979,1.8491,1.8491
1980,1.8491,1.8491
1981,1.76819,1.76819
1982,1.76819,1.76819
1983,1.76819,1.76819
1984,1.3734,1.3734
1985,1.3734,1.3734
1986,1.3734,1.3734
1987,1.3734,1.3734
1988,2.03444,2.03444
1989,2.03444,2.03444
1990,2.03444,2.03444
1991,1.2925,1.2925
1992,1.2925,1.2925
1993,1.2925,1.2925
1994,1.2925,1.2925
1995,1.2925,1.2925
1996,1.40565,1.40565
1997,1.40565,1.40565
1998,1.40565,1.40565
1999,1.40565,1.40565
2000,1.40565,1.40565
2001,1.40565,1.40565
2002,1.40565,1.40565
2003,1.40565,1.40565
2004,1.40565,1.40565
2005,1.89255,1.89255
2006,1.89255,1.89255
2007,1.89255,1.89255
2008,1.32582,1.32582
2009,1.32582,1.32582
2010,1.32582,1.32582
2011,1.32582,1.32582
2012,1.32582,1.32582
2013,1.32582,1.32582
2014,0.588003,0.588003
2015,0.588003,0.588003
2016,0.588003,0.588003
2017,1.03038,1.03038
2018,1.03038,1.03038
2019,1.03038,1.03038
2020,1.03038,1.03038
2021,1.03038,1.03038
2022,1.03038,1.03038
2023,1.03038,1.03038
2024,1.03038,1.03038
2025,1.03038,1.03038
2026,1.2723,1.2723
2027,1.2723,1.2723
2028,1.2723,1.2723
2029,1.2723,1.2723
2030,1.2723,1.2723
2031,1.2723,1.2723
2032,1.2723,1.2723
2033,1.2723,1.2723
2034,1.2723,1.2723
2035,1.2723,1.2723
2036,1.2723,1.2723
2037,1.2723,1.2723
2038,1.2723,1.2723
2039,1.2723,1.2723
2040,1.2723,1.2723
2041,1.2723,1.2723
2042,1.2723,1.2723
2043,1.48014,1.48014
2044,1.48014,1.48014
2045,1.48014,1.48014
2046,1.48014,1.48014
2047,1.48014,1.48014
2048,1.48014,1.48014
2049,1.48014,1.48014
2050,1.48014,1.48014
2051,1.48014,1.48014
2052,1.48014,1.48014
2053,1.48014,1.48014
2054,0.982794,0.982794
2055,0.588003,0.588003
2056,0.124355,0.124355
2057,0.124355,0.124355
2058,0.124355,0.124355
2059,0.124355,0.124355
2060,6.15883,-0.124355
2061,6.15883,-0.124355
2062,6.15883,-0.124355
2063,6.15883,-0.124355
2064,6.15883,-0.124355
2065,6.15883,-0.124355
2066,0.244979,0.244979
2067,0.244979,0.244979
2068,0.244979,0.244979
2069,0.244979,0.244979
2070,0.244979,0.244979
2071,0.244979,0.244979
2072,0.380506,0.380506
2073,0.380506,0.380506
2074,0.54042,0.54042
2075,0.54042,0.54042
2076,0.54042,0.54042
2077,0.54042,0.54042
2078,0.321751,0.321751
2079,0.321751,0.321751
2080,0.321751,0.321751
2081,0.694738,0.694738
2082,0.694738,0.694738
2083,0.694738,0.694738
2084,0.694738,0.694738
2085,0.876058,0.876058
2086,0.876058,0.876058
2087,0.876058,0.876058
2088,0.876058,0.876058
2089,0.876058,0.876058
2090,0.876058,0.876058
2091,0.463648,0.463648
2092,0.463648,0.463648
2093,1.17601,1.17601
2094,1.17601,1.17601
2095,1.17601,1.17601
2096,1.17601,1.17601
2097,1.17601,1.17601
2098,1.17601,1.17601
2099,1.17601,1.17601
2100,1.17601,1.17601
2101,1.17601,1.17601
2102,1.17601,1.17601
2103,1.17601,1.17601
2104,1.17601,1.17601
2105,1.17601,1.17601
2106,1.17601,1.17601
2107,1.17601,1.17601
2108,1.17601,1.17601
2109,0.982794,0.982794
2110,0.588003,0.588003
2111,0.588003,0.588003
2112,0.588003,0.588003
2113,0.588003,0.588003
2114,2.35619,2.35619
2115,2.35619,2.35619
2116,0.463648,0.463648
2117,0.463648,0.463648
2118,1.10715,1.10715
2119,2.2143,2.2143
2120,2.2143,2.2143
2121,2.2143,2.2143
2122,2.2143,2.2143
2123,2.2143,2.2143
2124,2.2143,2.2143
2125,2.2143,2.2143
2126,0.982794,0.982794
2127,0.982794,0.982794
2128,0.588003,0.588003
2129,0.588003,0.588003
2130,0.588003,0.588003
2131,1.10715,1.10715
2132,2.11122,2.11122
2133,2.11122,2.11122
2134,2.11122,2.11122
2135,2.11122,2.11122
2136,2.11122,2.11122
2137,2.11122,2.11122
2138,1.92957,1.92957
2139,1.92957,1.92957
2140,1.92957,1.92957
2141,1.8491,1.8491
2142,1.8491,1.8491
2143,1.8491,1.8491
2144,1.8491,1.8491
2145,1.8491,1.8491
2146,1.8491,1.8491
2147,1.9513,1.9513
2148,1.9513,1.9513
2149,1.9513,1.9513
2150,1.9513,1.9513
2151,1.9513,1.9513
2152,0.785398,0.785398
2153,0.785398,0.785398
2154,2.24554,2.24554
2155,2.24554,2.24554
2156,2.24554,2.24554
2157,2.24554,2.24554
2158,2.24554,2.24554
2159,2.24554,2.24554
2160,2.24554,2.24554
2161,2.24554,2.24554
2162,1.10715,1.10715
2163,0.463648,0.463648
2164,0.463648,0.463648
2165,0.463648,0.463648
2166,2.35619,2.35619
2167,2.35619,2.35619
2168,2.35619,2.35619
2169,2.35619,2.35619
2170,2.35619,2.35619
2171,2.35619,2.35619
2172,2.35619,2.35619
2173,2.35619,2.35619
2174,2.35619,2.35619
2175,2.35619,2.35619
2176,2.35619,2.35619
2177,2.35619,2.35619
2178,0.785398,0.785398
2179,0.785398,0.785398
2180,2.55359,2.55359
2181,2.55359,2.55359
2182,2.55359,2.55359
2183,2.1588,2.1588
2184,1.89255,1.89255
2185,1.89255,1.89255
2186,1.89255,1.89255
2187,2.26553,2.26553
2188,2.26553,2.26553
2189,2.26553,2.26553
2190,2.26553,2.26553
2191,2.44685,2.44685
2192,2.44685,2.44685
2193,2.44685,2.44685
2194,2.44685,2.44685
2195,2.44685,2.44685
2196,2.44685,2.44685
2197,2.2143,2.2143
2198,2.2143,2.2143
2199,2.2143,2.2143
2200,2.2143,2.2143
2201,2.49809,2.49809
2202,2.49809,2.49809
2203,2.49809,2.49809
2204,2.49809,2.49809
2205,2.03444,2.03444
2206,2.03444,2.03444
2207,2.03444,2.03444
2208,2.03444,2.03444
2209,2.03444,2.03444
2210,2.81984,2.81984
2211,2.81984,2.81984
2212,2.81984,2.81984
2213,2.81984,2.81984
2214,2.81984,2.81984
2215,2.81984,2.81984
2216,2.81984,2.81984
2217,1.81577,1.81577
2218,1.81577,1.81577
2219,1.81577,1.81577
2220,1.81577,1.81577
2221,2.89661,2.89661
2222,2.89661,2.89661
2223,2.89661,2.89661
2224,2.89661,2.89661
2225,1.89255,1.89255
2226,1.89255,1.89255
2227,1.89255,1.89255
2228,1.89255,1.89255
2229,3.92699,-2.35619
2230,3.92699,-2.35619
2231,2.86329,2.86329
2232,2.86329,2.86329
2233,2.86329,2.86329
2234,2.86329,2.86329
2235,2.86329,2.86329
2236,2.86329,2.86329
2237,2.86329,2.86329
2238,2.86329,2.86329
2239,2.86329,2.86329
2240,2.86329,2.86329
2241,2.86329,2.86329
2242,3.60524,-2.67795
2243,3.60524,-2.67795
2244,2.67795,2.67795
2245,2.1588,2.1588
2246,2.1588,2.1588
2247,2.1588,2.1588
2248,2.55359,2.55359
2249,2.89661,2.89661
2250,2.89661,2.89661
2251,2.89661,2.89661
2252,2.89661,2.89661
2253,2.89661,2.89661
2254,2.89661,2.89661
2255,3.92699,-2.35619
2256,3.92699,-2.35619
2257,3.92699,-2.35619
2258,3.92699,-2.35619
2259,2.55359,2.55359
2260,2.55359,2.55359
2261,2.55359,2.55359
2262,3.01724,3.01724
2263,3.01724,3.01724
2264,3.01724,3.01724
2265,3.01724,3.01724
2266,3.26595,-3.01724
2267,3.26595,-3.01724
2268,3.26595,-3.01724
2269,3.26595,-3.01724
2270,4.24874,-2.03444
2271,4.24874,-2.03444
2272,4.24874,-2.03444
2273,2.81984,2.81984
2274,2.81984,2.81984
2275,2.81984,2.81984
2276,3.5221,-2.76109
2277,3.5221,-2.76109
2278,3.5221,-2.76109
2279,3.68201,-2.60117
2280,3.68201,-2.60117
2281,3.68201,-2.60117
2282,3.68201,-2.60117
2283,3.68201,-2.60117
2284,3.68201,-2.60117
2285,4.24874,-2.03444
2286,4.24874,-2.03444
2287,3.46334,-2.81984
2288,3.46334,-2.81984
2289,3.46334,-2.81984
2290,3.78509,-2.49809
2291,3.78509,-2.49809
2292,4.06889,-2.2143
2293,4.06889,-2.2143
2294,4.06889,-2.2143
2295,4.06889,-2.2143
2296,3.46334,-2.81984
2297,3.46334,-2.81984
2298,3.46334,-2.81984
2299,4.06889,-2.2143
2300,4.06889,-2.2143
2301,4.06889,-2.2143
2302,4.06889,-2.2143
2303,3.78509,-2.49809
2304,3.78509,-2.49809
2305,3.78509,-2.49809
2306,3.78509,-2.49809
2307,3.78509,-2.49809
2308,4.12439,-2.1588
2309,4.46741,-1.81577
2310,4.46741,-1.81577
2311,4.46741,-1.81577
2312,4.46741,-1.81577
2313,3.5221,-2.76109
2314,3.5221,-2.76109
2315,3.5221,-2.76109
2316,3.5221,-2.76109
2317,3.5221,-2.76109
2318,3.5221,-2.76109
2319,3.7296,-2.55359
2320,4.12439,-2.1588
2321,4.12439,-2.1588
2322,4.12439,-2.1588
2323,4.12439,-2.1588
2324,3.7296,-2.55359
2325,3.41989,-2.86329
2326,3.41989,-2.86329
2327,3.41989,-2.86329
2328,3.41989,-2.86329
2329,3.25225,-3.03094
2330,3.25225,-3.03094
2331,3.25225,-3.03094
2332,3.25225,-3.03094
2333,3.25225,-3.03094
2334,3.25225,-3.03094
2335,3.25225,-3.03094
2336,3.25225,-3.03094
2337,3.25225,-3.03094
2338,3.7296,-2.55359
2339,4.17197,-2.11122
2340,4.17197,-2.11122
2341,4.17197,-2.11122
2342,4.17197,-2.11122
2343,4.17197,-2.11122
2344,5.03414,-1.24905
2345,5.03414,-1.24905
2346,5.03414,-1.24905
2347,5.03414,-1.24905
2348,4.39064,-1.89255
2349,4.12439,-2.1588
2350,4.12439,-2.1588
2351,4.12439,-2.1588
2352,4.12439,-2.1588
2353,4.90978,-1.3734
2354,4.90978,-1.3734
2355,4.90978,-1.3734
2356,4.90978,-1.3734
2357,4.51499,-1.76819
2358,4.51499,-1.76819
2359,4.12439,-2.1588
2360,4.12439,-2.1588
2361,4.12439,-2.1588
2362,4.46741,-1.81577
2363,4.46741,-1.81577
2364,4.95737,-1.32582
2365,4.95737,-1.32582
2366,5.35589,-0.927295
2367,5.35589,-0.927295
2368,5.35589,-0.927295
2369,5.35589,-0.927295
2370,5.35589,-0.927295
2371,5.35589,-0.927295
2372,5.35589,-0.927295
2373,5.81954,-0.463648
2374,5.81954,-0.463648
2375,5.81954,-0.463648
2376,4.39064,-1.89255
2377,4.39064,-1.89255
2378,4.39064,-1.89255
2379,4.39064,-1.89255
2380,4.39064,-1.89255
2381,4.39064,-1.89255
2382,5.17604,-1.10715
2383,5.17604,-1.10715
2384,5.17604,-1.10715
2385,4.12439,-2.1588
2386,4.12439,-2.1588
2387,4.12439,-2.1588
2388,4.12439,-2.1588
2389,4.57049,-1.71269
2390,4.57049,-1.71269
2391,4.57049,-1.71269
2392,4.57049,-1.71269
2393,4.85429,-1.4289
2394,4.85429,-1.4289
2395,4.85429,-1.4289
2396,4.99069,-1.2925
2397,4.99069,-1.2925
2398,4.99069,-1.2925
2399,4.99069,-1.2925
2400,4.99069,-1.2925
2401,4.99069,-1.2925
2402,4.99069,-1.2925
2403,4.46741,-1.81577
2404,4.46741,-1.81577
2405,4.46741,-1.81577
2406,4.46741,-1.81577
2407,5.42102,-0.86217
2408,5.42102,-0.86217
2409,5.42102,-0.86217
2410,5.42102,-0.86217
2411,5.42102,-0.86217
2412,5.42102,-0.86217
2413,5.57456,-0.708626
2414,5.57456,-0.708626
2415,5.57456,-0.708626
2416,5.57456,-0.708626
2417,5.57456,-0.708626
2418,5.74277,-0.54042
2419,5.74277,-0.54042
2420,5.74277,-0.54042
2421,5.74277,-0.54042
2422,5.74277,-0.54042
2423,5.74277,-0.54042
2424,3.7296,-2.55359
2425,3.7296,-2.55359
2426,3.7296,-2.55359
2427,3.7296,-2.55359
2428,3.7296,-2.55359
2429,3.46334,-2.81984
2430,3.46334,-2.81984
2431,3.46334,-2.81984
2432,3.81633,-2.46685
2433,3.81633,-2.46685
2434,3.81633,-2.46685
2435,3.81633,-2.46685
2436,3.81633,-2.46685
2437,3.81633,-2.46685
2438,3.81633,-2.46685
2439,3.68201,-2.60117
2440,3.68201,-2.60117
2441,3.5221,-2.76109
2442,3.31626,-2.96692
2443,3.31626,-2.96692
2444,3.31626,-2.96692
2445,3.31626,-2.96692
2446,3.31626,-2.96692
2447,3.31626,-2.96692
2448,3.31626,-2.96692
2449,3.31626,-2.96692
2450,3.31626,-2.96692
2451,3.31626,-2.96692
2452,3.31626,-2.96692
2453,3.31626,-2.96692
2454,3.31626,-2.96692
2455,3.31626,-2.96692
2456,3.31626,-2.96692
2457,3.31626,-2.96692
2458,3.35269,-2.9305
2459,3.35269,-2.9305
2460,3.35269,-2.9305
2461,3.35269,-2.9305
2462,3.35269,-2.9305
2463,3.35269,-2.9305
2464,3.40784,-2.87534
2465,3.40784,-2.87534
2466,3.40784,-2.87534
2467,3.40784,-2.87534
2468,3.50036,-2.78282
2469,3.50036,-2.78282
2470,3.50036,-2.78282
2471,3.50036,-2.78282
2472,3.50036,-2.78282
2473,3.50036,-2.78282
2474,3.26595,-3.01724
2475,3.26595,-3.01724
2476,3.26595,-3.01724
2477,3.26595,-3.01724
2478,3.26595,-3.01724
2479,3.26595,-3.01724
2480,3.26595,-3.01724
2481,3.26595,-3.01724
2482,3.26595,-3.01724
2483,3.26595,-3.01724
2484,3.26595,-3.01724
2485,3.26595,-3.01724
2486,3.26595,-3.01724
2487,3.26595,-3.01724
2488,3.26595,-3.01724
2489,3.26595,-3.01724
2490,3.26595,-3.01724
2491,3.26595,-3.01724
2492,3.26595,-3.01724
2493,2.67795,2.67795
2494,1.89255,1.89255
2495,1.89255,1.89255
2496,1.89255,1.89255
2497,1.89255,1.89255
2498,4.24874,-2.03444
2499,4.24874,-2.03444
2500,3.20816,-3.07502
2501,3.20816,-3.07502
2502,3.20816,-3.07502
2503,3.20816,-3.07502
2504,3.20816,-3.07502
2505,3.20816,-3.07502
2506,3.20816,-3.07502
2507,3.20816,-3.07502
2508,3.07502,3.07502
2509,3.07502,3.07502
2510,3.07502,3.07502
2511,3.07502,3.07502
2512,3.07502,3.07502
2513,3.07502,3.07502
2514,3.07502,3.07502
2515,3.00904,3.00904
2516,3.00904,3.00904
2517,3.00904,3.00904
2518,3.00904,3.00904
2519,3.00904,3.00904
2520,3.00904,3.00904
2521,3.00904,3.00904
2522,3.00904,3.00904
2523,2.96174,2.96174
2524,2.96174,2.96174
2525,2.96174,2.96174
2526,2.96174,2.96174
2527,2.96174,2.96174
2528,2.96174,2.96174
2529,2.96174,2.96174
2530,2.96174,2.96174
2531,3.60524,-2.67795
2532,3.60524,-2.67795
2533,3.06482,3.06482
2534,3.06482,3.06482
2535,3.06482,3.06482
2536,3.06482,3.06482
2537,3.06482,3.06482
2538,3.06482,3.06482
2539,3.06482,3.06482
2540,3.06482,3.06482
2541,3.06482,3.06482
2542,3.06482,3.06482
2543,3.06482,3.06482
2544,3.06482,3.06482
2545,3.06482,3.06482
2546,3.06482,3.06482
2547,3.06482,3.06482
2548,3.00904,3.00904
2549,3.00904,3.00904
2550,3.00904,3.00904
2551,3.00904,3.00904
2552,3.00904,3.00904
2553,3.00904,3.00904
2554,3.00904,3.00904
2555,3.00904,3.00904
2556,2.03444,2.03444
2557,2.03444,2.03444
2558,2.67795,2.67795
2559,3.60524,-2.67795
2560,4.24874,-2.03444
2561,4.24874,-2.03444
2562,3.2587,-3.02448
2563,3.2587,-3.02448
2564,3.2587,-3.02448
2565,3.2587,-3.02448
2566,3.2587,-3.02448
2567,3.2587,-3.02448
2568,3.2587,-3.02448
2569,3.2587,-3.02448
2570,3.2587,-3.02448
2571,3.2587,-3.02448
2572,3.2587,-3.02448
2573,3.2587,-3.02448
2574,3.2587,-3.02448
2575,3.2587,-3.02448
2576,3.03094,3.03094
2577,3.03094,3.03094
2578,3.03094,3.03094
2579,3.03094,3.03094
2580,3.03094,3.03094
2581,3.03094,3.03094
2582,3.60524,-2.67795
2583,3.60524,-2.67795
2584,3.60524,-2.67795
2585,2.67795,2.67795
2586,2.67795,2.67795
2587,3.54648,-2.7367
2588,3.54648,-2.7367
2589,3.54648,-2.7367
2590,3.54648,-2.7367
2591,3.54648,-2.7367
2592,3.54648,-2.7367
2593,3.54648,-2.7367
2594,3.54648,-2.7367
2595,3.54648,-2.7367
2596,3.54648,-2.7367
2597,3.54648,-2.7367
2598,3.54648,-2.7367
2599,3.50036,-2.78282
2600,3.50036,-2.78282
2601,3.40784,-2.87534
2602,3.40784,-2.87534
2603,3.40784,-2.87534
2604,3.40784,-2.87534
2605,3.40784,-2.87534
2606,3.40784,-2.87534
2607,3.40784,-2.87534
2608,3.40784,-2.87534
2609,3.40784,-2.87534
2610,2.89661,2.89661
2611,2.89661,2.89661
2612,2.43297,2.43297
2613,2.43297,2.43297
2614,2.43297,2.43297
2615,2.43297,2.43297
2616,2.43297,2.43297
2617,2.27942,2.27942
2618,2.27942,2.27942
2619,2.27942,2.27942
2620,2.27942,2.27942
2621,2.27942,2.27942
2622,2.27942,2.27942
2623,2.27942,2.27942
2624,2.27942,2.27942
2625,2.27942,2.27942
2626,2.27942,2.27942
2627,2.27942,2.27942
2628,2.27942,2.27942
2629,2.27942,2.27942
2630,2.27942,2.27942
2631,2.27942,2.27942
2632,2.27942,2.27942
2633,2.27942,2.27942
2634,2.27942,2.27942
2635,2.11122,2.11122
2636,2.11122,2.11122
2637,1.9513,1.9513
2638,1.78947,1.78947
2639,1.78947,1.78947
2640,1.78947,1.78947
2641,1.78947,1.78947
2642,1.78947,1.78947
2643,1.78947,1.78947
2644,1.78947,1.78947
2645,1.78947,1.78947
2646,1.78947,1.78947
2647,1.78947,1.78947
2648,1.78947,1.78947
2649,1.65394,1.65394
2650,1.65394,1.65394
2651,1.65394,1.65394
2652,1.65394,1.65394
2653,1.65394,1.65394
2654,1.65394,1.65394
2655,1.65394,1.65394
2656,1.65394,1.65394
2657,1.65394,1.65394
2658,1.65394,1.65394
2659,1.65394,1.65394
2660,1.65394,1.65394
2661,1.78947,1.78947
2662,1.78947,1.78947
2663,1.78947,1.78947
2664,1.78947,1.78947
2665,1.78947,1.78947
2666,2.19105,2.19105
2667,2.19105,2.19105
2668,2.19105,2.19105
2669,2.19105,2.19105
2670,2.19105,2.19105
2671,2.19105,2.19105
2672,2.19105,2.19105
2673,2.19105,2.19105
2674,2.1294,2.1294
2675,2.1294,2.1294
2676,2.1294,2.1294
2677,2.1294,2.1294
2678,1.9513,1.9513
2679,1.73595,1.73595
2680,1.73595,1.73595
2681,1.73595,1.73595
2682,1.73595,1.73595
2683,1.73595,1.73595
2684,1.73595,1.73595
2685,1.97569,1.97569
2686,1.97569,1.97569
2687,1.97569,1.97569
2688,2.08994,2.08994
2689,2.08994,2.08994
2690,2.08994,2.08994
2691,2.27942,2.27942
2692,2.27942,2.27942
2693,2.27942,2.27942
2694,2.27942,2.27942
2695,2.27942,2.27942
2696,2.43297,2.43297
2697,2.43297,2.43297
2698,2.43297,2.43297
2699,2.43297,2.43297
2700,2.43297,2.43297
2701,2.43297,2.43297
2702,2.43297,2.43297
2703,2.1588,2.1588
2704,2.1588,2.1588
2705,2.1588,2.1588
2706,2.55359,2.55359
2707,2.55359,2.55359
2708,2.55359,2.55359
2709,2.55359,2.55359
2710,2.1588,2.1588
2711,1.89255,1.89255
2712,1.89255,1.89255
2713,1.89255,1.89255
2714,2.81984,2.81984
2715,2.81984,2.81984
2716,2.81984,2.81984
2717,2.81984,2.81984
2718,1.32582,1.32582
2719,1.32582,1.32582
2720,1.32582,1.32582
2721,1.81577,1.81577
2722,1.81577,1.81577
2723,2.1588,2.1588
2724,2.1588,2.1588
2725,2.1588,2.1588
2726,1.76819,1.76819
2727,1.76819,1.76819
2728,1.76819,1.76819
2729,1.76819,1.76819
2730,1.76819,1.76819
2731,2.1588,2.1588
2732,2.55359,2.55359
2733,2.89661,2.89661
2734,2.89661,2.89661
2735,2.89661,2.89661
2736,2.89661,2.89661
2737,2.89661,2.89661
2738,2.89661,2.89661
2739,3.92699,-2.35619
2740,3.92699,-2.35619
2741,3.92699,-2.35619
2742,3.92699,-2.35619
2743,2.9442,2.9442
2744,2.9442,2.9442
2745,2.9442,2.9442
2746,2.9442,2.9442
2747,3.33899,-2.9442
2748,3.33899,-2.9442
2749,3.33899,-2.9442
2750,3.33899,-2.9442
2751,2.67795,2.67795
2752,2.67795,2.67795
2753,3.60524,-2.67795
2754,3.60524,-2.67795
2755,3.60524,-2.67795
2756,2.67795,2.67795
2757,2.67795,2.67795
2758,3.60524,-2.67795
2759,4.46741,-1.81577
2760,4.46741,-1.81577
2761,4.46741,-1.81577
2762,4.46741,-1.81577
2763,4.12439,-2.1588
2764,3.7296,-2.55359
2765,3.7296,-2.55359
2766,2.67795,2.67795
2767,2.67795,2.67795
2768,2.67795,2.67795
2769,3.92699,-2.35619
2770,3.92699,-2.35619
2771,1.71269,1.71269
2772,1.71269,1.71269
2773,1.71269,1.71269
2774,1.71269,1.71269
2775,1.4289,1.4289
2776,1.4289,1.4289
2777,1.4289,1.4289
2778,1.4289,1.4289
2779,1.4289,1.4289
2780,1.4289,1.4289
2781,1.4289,1.4289
2782,1.4289,1.4289
2783,1.4289,1.4289
2784,1.4289,1.4289
2785,1.4289,1.4289
2786,1.4289,1.4289
2787,1.4289,1.4289
2788,1.4289,1.4289
2789,1.4289,1.4289
2790,1.4289,1.4289
2791,1.71269,1.71269
2792,1.71269,1.71269
2793,1.71269,1.71269
2794,1.71269,1.71269
2795,3.99356,-2.28963
2796,3.99356,-2.28963
2797,3.99356,-2.28963
2798,3.99356,-2.28963
2799,3.99356,-2.28963
2800,3.99356,-2.28963
2801,3.99356,-2.28963
2802,3.99356,-2.28963
2803,3.99356,-2.28963
2804,3.99356,-2.28963
2805,3.99356,-2.28963
2806,3.99356,-2.28963
2807,3.99356,-2.28963
2808,3.99356,-2.28963
2809,3.99356,-2.28963
2810,3.99356,-2.28963
2811,3.99356,-2.28963
2812,3.26595,-3.01724
2813,3.26595,-3.01724
2814,3.26595,-3.01724
2815,3.26595,-3.01724
2816,3.01724,3.01724
2817,3.01724,3.01724
2818,3.01724,3.01724
2819,3.01724,3.01724
2820,3.01724,3.01724
2821,3.01724,3.01724
2822,3.46334,-2.81984
2823,3.46334,-2.81984
2824,3.46334,-2.81984
2825,3.46334,-2.81984
2826,3.46334,-2.81984
2827,4.12439,-2.1588
2828,4.12439,-2.1588
2829,4.12439,-2.1588
2830,4.12439,-2.1588
2831,4.12439,-2.1588
2832,4.12439,-2.1588
2833,4.12439,-2.1588
2834,3.46334,-2.81984
2835,3.46334,-2.81984
2836,3.46334,-2.81984
2837,3.83633,-2.44685
2838,3.83633,-2.44685
2839,3.83633,-2.44685
2840,3.83633,-2.44685
2841,4.01765,-2.26553
2842,4.01765,-2.26553
2843,4.01765,-2.26553
2844,4.01765,-2.26553
2845,4.01765,-2.26553
2846,4.01765,-2.26553
2847,3.7296,-2.55359
2848,3.7296,-2.55359
2849,3.7296,-2.55359
2850,4.12439,-2.1588
2851,4.12439,-2.1588
2852,4.12439,-2.1588
2853,4.12439,-2.1588
2854,4.12439,-2.1588
2855,4.12439,-2.1588
2856,4.12439,-2.1588
2857,4.95737,-1.32582
2858,4.95737,-1.32582
2859,4.95737,-1.32582
2860,4.95737,-1.32582
2861,4.46741,-1.81577
2862,4.46741,-1.81577
2863,4.33188,-1.9513
2864,4.33188,-1.9513
2865,4.33188,-1.9513
2866,4.33188,-1.9513
2867,4.33188,-1.9513
