#Grabcut execution time: 0s 341ms 341266us 
0.0000              619.5310            
1.0000              549.1768            
2.0000              549.5997            
3.0000              551.6818            
4.0000              549.8502            
5.0000              551.1198            
6.0000              548.4352            
7.0000              549.9606            
8.0000              550.3330            
9.0000              551.5760            
10.0000             551.6395            
11.0000             552.4147            
12.0000             553.7629            
13.0000             551.6670            
14.0000             550.7198            
15.0000             550.3308            
16.0000             549.6454            
17.0000             550.1332            
18.0000             549.7575            
19.0000             549.4034            
20.0000             548.8046            
21.0000             550.0053            
22.0000             550.1159            
23.0000             550.6815            
24.0000             549.9880            
25.0000             551.0316            
26.0000             550.8215            
27.0000             550.4961            
28.0000             550.9615            
29.0000             550.4308            
30.0000             550.1769            
31.0000             550.1769            
#Execution time: 25s 25873ms 25873481us 
