#Grabcut execution time: 0s 345ms 345479us 
0.0000              203.4595            
1.0000              183.7329            
2.0000              181.2918            
3.0000              182.3658            
4.0000              182.5318            
5.0000              184.1110            
6.0000              183.4687            
7.0000              184.7680            
8.0000              183.9050            
9.0000              184.5876            
10.0000             184.0365            
11.0000             184.5439            
12.0000             184.2508            
13.0000             184.4429            
14.0000             184.2453            
15.0000             184.4423            
16.0000             184.1880            
17.0000             184.4486            
18.0000             184.1989            
19.0000             184.4659            
20.0000             184.1846            
21.0000             184.4659            
22.0000             184.1846            
23.0000             184.4659            
24.0000             184.1846            
25.0000             184.4659            
26.0000             184.1846            
27.0000             184.4659            
28.0000             184.1846            
29.0000             184.4659            
30.0000             184.1846            
31.0000             184.1846            
#Execution time: 37s 37129ms 37129585us 
