n,tangent,t2
0,4.87754,-1.40565
1,4.87754,-1.40565
2,4.87754,-1.40565
3,4.87754,-1.40565
4,4.87754,-1.40565
5,4.87754,-1.40565
6,4.87754,-1.40565
7,4.87754,-1.40565
8,4.87754,-1.40565
9,4.87754,-1.40565
10,4.87754,-1.40565
11,4.87754,-1.40565
12,5.0929,-1.19029
13,5.0929,-1.19029
14,5.25281,-1.03038
15,5.4502,-0.832981
16,5.4502,-0.832981
17,5.4502,-0.832981
18,5.4502,-0.832981
19,5.4502,-0.832981
20,5.4502,-0.832981
21,5.4502,-0.832981
22,5.4502,-0.832981
23,5.4502,-0.832981
24,5.54537,-0.737815
25,5.54537,-0.737815
26,5.54537,-0.737815
27,5.54537,-0.737815
28,5.54537,-0.737815
29,5.54537,-0.737815
30,5.54537,-0.737815
31,5.54537,-0.737815
32,5.54537,-0.737815
33,5.62214,-0.661043
34,5.62214,-0.661043
35,5.62214,-0.661043
36,5.62214,-0.661043
37,5.62214,-0.661043
38,5.62214,-0.661043
39,5.62214,-0.661043
40,5.62214,-0.661043
41,5.62214,-0.661043
42,5.17604,-1.10715
43,5.17604,-1.10715
44,5.54124,-0.741947
45,5.54124,-0.741947
46,5.54124,-0.741947
47,5.54124,-0.741947
48,5.54124,-0.741947
49,5.54124,-0.741947
50,5.54124,-0.741947
51,5.54124,-0.741947
52,5.54124,-0.741947
53,5.54124,-0.741947
54,5.54124,-0.741947
55,5.54124,-0.741947
56,5.54124,-0.741947
57,5.54124,-0.741947
58,5.54124,-0.741947
59,5.54124,-0.741947
60,5.54124,-0.741947
61,5.54124,-0.741947
62,5.54124,-0.741947
63,5.54124,-0.741947
64,5.54124,-0.741947
65,5.54124,-0.741947
66,5.54124,-0.741947
67,5.58093,-0.702257
68,5.58093,-0.702257
69,5.58093,-0.702257
70,5.58093,-0.702257
71,5.58093,-0.702257
72,5.58093,-0.702257
73,5.58093,-0.702257
74,5.58093,-0.702257
75,5.58093,-0.702257
76,5.58093,-0.702257
77,5.58093,-0.702257
78,5.58093,-0.702257
79,5.58093,-0.702257
80,5.55654,-0.726642
81,5.55654,-0.726642
82,5.55654,-0.726642
83,5.55654,-0.726642
84,5.55654,-0.726642
85,5.55654,-0.726642
86,5.55654,-0.726642
87,5.55654,-0.726642
88,5.55654,-0.726642
89,5.55654,-0.726642
90,5.55654,-0.726642
91,5.55654,-0.726642
92,5.55654,-0.726642
93,5.55654,-0.726642
94,5.55654,-0.726642
95,5.74277,-0.54042
96,5.74277,-0.54042
97,5.74277,-0.54042
98,5.74277,-0.54042
99,5.74277,-0.54042
100,5.57456,-0.708626
101,5.57456,-0.708626
102,5.57456,-0.708626
103,5.57456,-0.708626
104,5.57456,-0.708626
105,5.42102,-0.86217
106,5.42102,-0.86217
107,5.42102,-0.86217
108,5.42102,-0.86217
109,5.42102,-0.86217
110,5.42102,-0.86217
111,5.42102,-0.86217
112,5.42102,-0.86217
113,5.66294,-0.620249
114,5.66294,-0.620249
115,5.66294,-0.620249
116,5.66294,-0.620249
117,5.66294,-0.620249
118,5.66294,-0.620249
119,5.66294,-0.620249
120,5.66294,-0.620249
121,5.53777,-0.745419
122,5.53777,-0.745419
123,5.53777,-0.745419
124,5.53777,-0.745419
125,5.53777,-0.745419
126,5.53777,-0.745419
127,5.53777,-0.745419
128,5.53777,-0.745419
129,5.53777,-0.745419
130,5.53777,-0.745419
131,5.53777,-0.745419
132,5.53777,-0.745419
133,5.53777,-0.745419
134,5.53777,-0.745419
135,5.53777,-0.745419
136,5.53777,-0.745419
137,5.53777,-0.745419
138,5.53777,-0.745419
139,5.53777,-0.745419
140,5.53777,-0.745419
141,5.53777,-0.745419
142,5.53777,-0.745419
143,5.53777,-0.745419
144,5.71646,-0.566729
145,5.71646,-0.566729
146,5.71646,-0.566729
147,5.71646,-0.566729
148,5.71646,-0.566729
149,5.71646,-0.566729
150,5.71646,-0.566729
151,5.71646,-0.566729
152,5.71646,-0.566729
153,5.71646,-0.566729
154,5.67246,-0.610726
155,5.67246,-0.610726
156,5.67246,-0.610726
157,5.67246,-0.610726
158,5.67246,-0.610726
159,5.62749,-0.655696
160,5.62749,-0.655696
161,5.62749,-0.655696
162,5.62749,-0.655696
163,5.62749,-0.655696
164,5.62749,-0.655696
165,5.62749,-0.655696
166,5.62749,-0.655696
167,5.62749,-0.655696
168,5.62749,-0.655696
169,5.62749,-0.655696
170,5.62749,-0.655696
171,5.62749,-0.655696
172,5.62749,-0.655696
173,5.65044,-0.632749
174,5.65044,-0.632749
175,5.65044,-0.632749
176,5.65044,-0.632749
177,5.65044,-0.632749
178,5.65044,-0.632749
179,5.65044,-0.632749
180,5.65044,-0.632749
181,5.65044,-0.632749
182,5.65044,-0.632749
183,5.65044,-0.632749
184,5.65044,-0.632749
185,5.65044,-0.632749
186,5.65044,-0.632749
187,5.65044,-0.632749
188,5.65044,-0.632749
189,5.65044,-0.632749
190,5.65044,-0.632749
191,5.65044,-0.632749
192,5.65044,-0.632749
193,5.65044,-0.632749
194,5.65044,-0.632749
195,5.65044,-0.632749
196,5.65044,-0.632749
197,5.65044,-0.632749
198,5.65044,-0.632749
199,5.78384,-0.499347
200,5.78384,-0.499347
201,5.78384,-0.499347
202,5.78384,-0.499347
203,5.78384,-0.499347
204,5.78384,-0.499347
205,5.78384,-0.499347
206,5.78384,-0.499347
207,5.78384,-0.499347
208,5.78384,-0.499347
209,5.78384,-0.499347
210,5.78384,-0.499347
211,5.78384,-0.499347
212,0.463648,0.463648
213,0.927295,0.927295
214,0.927295,0.927295
215,0.927295,0.927295
216,0.927295,0.927295
217,0.643501,0.643501
218,0.643501,0.643501
219,0.643501,0.643501
220,0.643501,0.643501
221,0.643501,0.643501
222,0.643501,0.643501
223,0.927295,0.927295
224,0.927295,0.927295
225,1.4289,1.4289
226,1.4289,1.4289
227,1.4289,1.4289
228,1.4289,1.4289
229,1.71269,1.71269
230,1.71269,1.71269
231,1.71269,1.71269
232,1.78947,1.78947
233,1.78947,1.78947
234,1.78947,1.78947
235,1.83705,1.83705
236,1.83705,1.83705
237,1.83705,1.83705
238,1.83705,1.83705
239,1.92957,1.92957
240,1.92957,1.92957
241,1.98902,1.98902
242,1.98902,1.98902
243,1.98902,1.98902
244,1.98902,1.98902
245,1.98902,1.98902
246,1.98902,1.98902
247,1.98902,1.98902
248,1.98902,1.98902
249,1.98902,1.98902
250,1.98902,1.98902
251,1.67046,1.67046
252,1.67046,1.67046
253,1.67046,1.67046
254,1.67046,1.67046
255,1.67046,1.67046
256,1.47113,1.47113
257,1.47113,1.47113
258,1.47113,1.47113
259,1.47113,1.47113
260,1.47113,1.47113
261,1.43824,1.43824
262,1.43824,1.43824
263,1.43824,1.43824
264,1.43824,1.43824
265,1.42191,1.42191
266,1.42191,1.42191
267,1.42191,1.42191
268,1.42191,1.42191
269,1.42191,1.42191
270,1.42191,1.42191
271,1.42191,1.42191
272,1.42191,1.42191
273,1.42191,1.42191
274,1.42191,1.42191
275,1.42191,1.42191
276,1.42191,1.42191
277,1.42191,1.42191
278,1.42191,1.42191
279,1.42191,1.42191
280,1.42191,1.42191
281,1.61244,1.61244
282,1.61244,1.61244
283,1.61244,1.61244
284,1.61244,1.61244
285,1.61244,1.61244
286,1.61244,1.61244
287,1.61244,1.61244
288,1.61244,1.61244
289,1.61244,1.61244
290,1.61244,1.61244
291,1.61244,1.61244
292,1.61244,1.61244
293,1.61244,1.61244
294,1.61244,1.61244
295,1.61244,1.61244
296,1.61244,1.61244
297,1.61244,1.61244
298,1.61244,1.61244
299,1.61244,1.61244
300,1.61244,1.61244
301,1.61244,1.61244
302,1.61244,1.61244
303,1.61244,1.61244
304,1.61244,1.61244
305,1.61244,1.61244
306,1.61244,1.61244
307,1.61244,1.61244
308,1.61244,1.61244
309,1.61244,1.61244
310,1.61244,1.61244
311,1.40565,1.40565
312,1.40565,1.40565
313,1.40565,1.40565
314,1.40565,1.40565
315,1.40565,1.40565
316,1.40565,1.40565
317,1.40565,1.40565
318,1.40565,1.40565
319,1.19029,1.19029
320,1.19029,1.19029
321,1.00407,1.00407
322,1.00407,1.00407
323,1.00407,1.00407
324,1.00407,1.00407
325,1.00407,1.00407
326,1.00407,1.00407
327,0.96007,0.96007
328,0.96007,0.96007
329,0.96007,0.96007
330,0.96007,0.96007
331,0.96007,0.96007
332,0.96007,0.96007
333,0.96007,0.96007
334,0.96007,0.96007
335,0.96007,0.96007
336,0.96007,0.96007
337,0.96007,0.96007
338,0.96007,0.96007
339,0.463648,0.463648
340,0.463648,0.463648
341,1.10715,1.10715
342,1.10715,1.10715
343,0.463648,0.463648
344,0.463648,0.463648
345,1.24905,1.24905
346,1.24905,1.24905
347,1.24905,1.24905
348,0.982794,0.982794
349,0.54042,0.54042
350,0.54042,0.54042
351,0.54042,0.54042
352,0.380506,0.380506
353,0.218669,0.218669
354,0.218669,0.218669
355,0.218669,0.218669
356,0.218669,0.218669
357,0.218669,0.218669
358,0.218669,0.218669
359,0.218669,0.218669
360,0.218669,0.218669
361,0.266252,0.266252
362,0.266252,0.266252
363,0.266252,0.266252
364,0.266252,0.266252
365,0.266252,0.266252
366,0.266252,0.266252
367,0.266252,0.266252
368,0.266252,0.266252
369,0.266252,0.266252
370,0.266252,0.266252
371,0.218669,0.218669
372,0.218669,0.218669
373,0.174672,0.174672
374,0.174672,0.174672
375,0.174672,0.174672
376,0.174672,0.174672
377,0.174672,0.174672
378,0.174672,0.174672
379,0.174672,0.174672
380,0.174672,0.174672
381,0.174672,0.174672
382,0.174672,0.174672
383,0.174672,0.174672
384,0.174672,0.174672
385,0.174672,0.174672
386,0.174672,0.174672
387,0.174672,0.174672
388,0.174672,0.174672
389,0.174672,0.174672
390,0.174672,0.174672
391,0.174672,0.174672
392,0.174672,0.174672
393,0.174672,0.174672
394,5.81954,-0.463648
395,5.81954,-0.463648
396,5.81954,-0.463648
397,0.165149,0.165149
398,0.165149,0.165149
399,0.165149,0.165149
400,0.165149,0.165149
401,0.165149,0.165149
402,0.165149,0.165149
403,0.165149,0.165149
404,0.602287,0.602287
405,0.602287,0.602287
406,0.602287,0.602287
407,0.602287,0.602287
408,0.602287,0.602287
409,0.602287,0.602287
410,0.602287,0.602287
411,0.602287,0.602287
412,0.602287,0.602287
413,0.602287,0.602287
414,0.602287,0.602287
415,0.602287,0.602287
416,0.602287,0.602287
417,0.602287,0.602287
418,0.602287,0.602287
419,0.602287,0.602287
420,0.602287,0.602287
421,0.602287,0.602287
422,0.602287,0.602287
423,0.602287,0.602287
424,0.628796,0.628796
425,0.628796,0.628796
426,0.628796,0.628796
427,0.628796,0.628796
428,0.661043,0.661043
429,0.661043,0.661043
430,0.661043,0.661043
431,0.661043,0.661043
432,0.661043,0.661043
433,0.661043,0.661043
434,0.661043,0.661043
435,0.661043,0.661043
436,0.661043,0.661043
437,0.661043,0.661043
438,0.661043,0.661043
439,0.661043,0.661043
440,0.661043,0.661043
441,0.661043,0.661043
442,0.628796,0.628796
443,0.628796,0.628796
444,0.628796,0.628796
445,0.610726,0.610726
446,0.610726,0.610726
447,0.610726,0.610726
448,0.610726,0.610726
449,0.610726,0.610726
450,0.563316,0.563316
451,0.563316,0.563316
452,0.563316,0.563316
453,0.563316,0.563316
454,0.563316,0.563316
455,0.563316,0.563316
456,0.563316,0.563316
457,0.563316,0.563316
458,0.563316,0.563316
459,0.563316,0.563316
460,0.563316,0.563316
461,0.563316,0.563316
462,0.563316,0.563316
463,0.563316,0.563316
464,0.563316,0.563316
465,0.563316,0.563316
466,0.563316,0.563316
467,0.563316,0.563316
468,0.499347,0.499347
469,0.499347,0.499347
470,0.499347,0.499347
471,0.499347,0.499347
472,0.499347,0.499347
473,0.499347,0.499347
474,0.426627,0.426627
475,0.426627,0.426627
476,0.426627,0.426627
477,0.426627,0.426627
478,0.426627,0.426627
479,0.426627,0.426627
480,0.426627,0.426627
481,0.426627,0.426627
482,0.426627,0.426627
483,0.426627,0.426627
484,0.426627,0.426627
485,0.426627,0.426627
486,0.426627,0.426627
487,0.426627,0.426627
488,0.426627,0.426627
489,0.426627,0.426627
490,0.426627,0.426627
491,0.426627,0.426627
492,0.426627,0.426627
493,0.426627,0.426627
494,0.426627,0.426627
495,0.426627,0.426627
496,0.124355,0.124355
497,0.124355,0.124355
498,0.124355,0.124355
499,0.124355,0.124355
500,6.15883,-0.124355
501,6.15883,-0.124355
502,6.15883,-0.124355
503,6.15883,-0.124355
504,5.92441,-0.358771
505,5.92441,-0.358771
506,5.92441,-0.358771
507,5.92441,-0.358771
508,5.92441,-0.358771
509,5.92441,-0.358771
510,5.92441,-0.358771
511,5.92441,-0.358771
512,5.92441,-0.358771
513,5.92441,-0.358771
514,5.92441,-0.358771
515,5.69518,-0.588003
516,5.69518,-0.588003
517,5.69518,-0.588003
518,6.11804,-0.165149
519,6.11804,-0.165149
520,6.11804,-0.165149
521,6.11804,-0.165149
522,6.11804,-0.165149
523,6.11804,-0.165149
524,5.87829,-0.404892
525,5.87829,-0.404892
526,5.87829,-0.404892
527,5.87829,-0.404892
528,5.87829,-0.404892
529,5.87829,-0.404892
530,5.87829,-0.404892
531,6.08579,-0.197396
532,6.08579,-0.197396
533,6.08579,-0.197396
534,6.08579,-0.197396
535,6.08579,-0.197396
536,6.00489,-0.2783
537,6.00489,-0.2783
538,6.00489,-0.2783
539,6.00489,-0.2783
540,6.00489,-0.2783
541,6.22769,-0.0554985
542,6.22769,-0.0554985
543,6.22769,-0.0554985
544,6.22769,-0.0554985
545,6.22769,-0.0554985
546,6.22769,-0.0554985
547,6.22769,-0.0554985
548,6.22769,-0.0554985
549,6.22769,-0.0554985
550,0.0554985,0.0554985
551,0.0554985,0.0554985
552,0.0554985,0.0554985
553,0.0554985,0.0554985
554,0.0554985,0.0554985
555,0.0554985,0.0554985
556,0.0554985,0.0554985
557,0.0554985,0.0554985
558,0.0554985,0.0554985
559,0.291457,0.291457
560,0.291457,0.291457
561,0.291457,0.291457
562,0.291457,0.291457
563,0.291457,0.291457
564,0.291457,0.291457
565,0.291457,0.291457
566,0.291457,0.291457
567,0.291457,0.291457
568,0.073939,0.073939
569,0.073939,0.073939
570,0.073939,0.073939
571,0.073939,0.073939
572,0.073939,0.073939
573,0.073939,0.073939
574,0.073939,0.073939
575,0.073939,0.073939
576,0.073939,0.073939
577,0.073939,0.073939
578,0.073939,0.073939
579,0.073939,0.073939
580,0.073939,0.073939
581,0.073939,0.073939
582,0.0587558,0.0587558
583,0.0587558,0.0587558
584,0.0587558,0.0587558
585,0.0587558,0.0587558
586,0.0587558,0.0587558
587,0.0587558,0.0587558
588,0.0587558,0.0587558
589,0.0587558,0.0587558
590,0.0587558,0.0587558
591,0.0587558,0.0587558
592,0.0587558,0.0587558
593,0.0587558,0.0587558
594,0.0587558,0.0587558
595,0.0587558,0.0587558
596,0.0587558,0.0587558
597,0.0587558,0.0587558
598,0.0587558,0.0587558
599,0.218669,0.218669
600,0.218669,0.218669
601,0.218669,0.218669
602,0.218669,0.218669
603,0.218669,0.218669
604,0.218669,0.218669
605,0.0554985,0.0554985
606,0.0554985,0.0554985
607,0.0554985,0.0554985
608,0.0554985,0.0554985
609,0.0554985,0.0554985
610,0.0554985,0.0554985
611,0.0554985,0.0554985
612,0.0554985,0.0554985
613,0.0554985,0.0554985
614,0.0554985,0.0554985
615,0.0554985,0.0554985
616,0.0554985,0.0554985
617,0.0554985,0.0554985
618,0.0554985,0.0554985
619,0.0554985,0.0554985
620,0.0554985,0.0554985
621,0.0554985,0.0554985
622,0.0554985,0.0554985
623,0.380506,0.380506
624,0.380506,0.380506
625,0.380506,0.380506
626,0.380506,0.380506
627,0.0996687,0.0996687
628,0.0996687,0.0996687
629,0.0996687,0.0996687
630,0.0996687,0.0996687
631,0.0996687,0.0996687
632,6.18352,-0.0996687
633,6.18352,-0.0996687
634,6.18352,-0.0996687
635,6.18352,-0.0996687
636,6.18352,-0.0996687
637,6.00489,-0.2783
638,6.00489,-0.2783
639,5.91601,-0.367174
640,5.91601,-0.367174
641,5.91601,-0.367174
642,5.91601,-0.367174
643,5.91601,-0.367174
644,5.91601,-0.367174
645,5.91601,-0.367174
646,5.91601,-0.367174
647,5.91601,-0.367174
648,5.91601,-0.367174
649,5.91601,-0.367174
650,5.74277,-0.54042
651,5.63968,-0.643501
652,5.63968,-0.643501
653,5.63968,-0.643501
654,5.63968,-0.643501
655,5.63968,-0.643501
656,6.20641,-0.0767719
657,6.20641,-0.0767719
658,6.20641,-0.0767719
659,6.20641,-0.0767719
660,6.20641,-0.0767719
661,6.20641,-0.0767719
662,6.20641,-0.0767719
663,0.0767719,0.0767719
664,0.0767719,0.0767719
665,0.0767719,0.0767719
666,0.0767719,0.0767719
667,0.0767719,0.0767719
668,0.0767719,0.0767719
669,0.218669,0.218669
670,0.218669,0.218669
671,0.218669,0.218669
672,0.218669,0.218669
673,0.218669,0.218669
674,0.218669,0.218669
675,0.0906599,0.0906599
676,0.0906599,0.0906599
677,0.0906599,0.0906599
678,0.0906599,0.0906599
679,0.0906599,0.0906599
680,0.0906599,0.0906599
681,0.0906599,0.0906599
682,0.0906599,0.0906599
683,0.0906599,0.0906599
684,0.0906599,0.0906599
685,0.0906599,0.0906599
686,0.117109,0.117109
687,0.117109,0.117109
688,0.117109,0.117109
689,0.117109,0.117109
690,0.117109,0.117109
691,0.117109,0.117109
692,0.117109,0.117109
693,0.117109,0.117109
694,0.117109,0.117109
695,0.117109,0.117109
696,0.0554985,0.0554985
697,0.0554985,0.0554985
698,0.0554985,0.0554985
699,0.0554985,0.0554985
700,0.0554985,0.0554985
701,0.0554985,0.0554985
702,0.0554985,0.0554985
703,0.0554985,0.0554985
704,0.0554985,0.0554985
705,0.0554985,0.0554985
706,0.0554985,0.0554985
707,0.0554985,0.0554985
708,0.0554985,0.0554985
709,0.0554985,0.0554985
710,0.0554985,0.0554985
711,0.0554985,0.0554985
712,0.0554985,0.0554985
713,0.0554985,0.0554985
714,0.152649,0.152649
715,0.152649,0.152649
716,0.152649,0.152649
717,0.152649,0.152649
718,0.152649,0.152649
719,0.152649,0.152649
720,0.152649,0.152649
721,0.152649,0.152649
722,0.152649,0.152649
723,5.96143,-0.321751
724,5.96143,-0.321751
725,5.96143,-0.321751
726,0.321751,0.321751
727,1.10715,1.10715
728,1.10715,1.10715
729,0.197396,0.197396
730,0.197396,0.197396
731,0.197396,0.197396
732,0.197396,0.197396
733,0.197396,0.197396
734,0.404892,0.404892
735,0.404892,0.404892
736,0.404892,0.404892
737,0.404892,0.404892
738,0.404892,0.404892
739,0.404892,0.404892
740,1.24905,1.24905
741,1.24905,1.24905
742,1.24905,1.24905
743,0.982794,0.982794
744,0.588003,0.588003
745,0.588003,0.588003
746,0.588003,0.588003
747,1.24905,1.24905
748,1.24905,1.24905
749,1.89255,1.89255
750,2.44685,2.44685
751,2.44685,2.44685
752,2.44685,2.44685
753,2.44685,2.44685
754,2.44685,2.44685
755,2.44685,2.44685
756,2.44685,2.44685
757,2.44685,2.44685
758,2.44685,2.44685
759,2.44685,2.44685
760,2.44685,2.44685
761,2.60117,2.60117
762,2.60117,2.60117
763,2.78282,2.78282
764,2.78282,2.78282
765,2.78282,2.78282
766,2.78282,2.78282
767,2.78282,2.78282
768,2.78282,2.78282
769,2.78282,2.78282
770,3.49036,-2.79282
771,3.49036,-2.79282
772,3.49036,-2.79282
773,3.49036,-2.79282
774,3.49036,-2.79282
775,3.49036,-2.79282
776,3.49036,-2.79282
777,3.49036,-2.79282
778,3.49036,-2.79282
779,3.49036,-2.79282
780,3.49036,-2.79282
781,3.70019,-2.58299
782,3.70019,-2.58299
783,3.70019,-2.58299
784,3.70019,-2.58299
785,3.70019,-2.58299
786,3.70019,-2.58299
787,3.70019,-2.58299
788,3.70019,-2.58299
789,3.70019,-2.58299
790,3.15826,-3.12493
791,3.15826,-3.12493
792,3.15826,-3.12493
793,3.15826,-3.12493
794,3.15826,-3.12493
795,3.15826,-3.12493
796,3.15826,-3.12493
797,3.15826,-3.12493
798,3.15826,-3.12493
799,3.15826,-3.12493
800,3.15826,-3.12493
801,3.15826,-3.12493
802,3.15826,-3.12493
803,3.15826,-3.12493
804,3.15826,-3.12493
805,3.15826,-3.12493
806,3.15826,-3.12493
807,3.15826,-3.12493
808,3.15826,-3.12493
809,3.15826,-3.12493
810,3.15826,-3.12493
811,3.15826,-3.12493
812,3.15826,-3.12493
813,3.15826,-3.12493
814,3.15826,-3.12493
815,3.15826,-3.12493
816,3.15826,-3.12493
817,3.15826,-3.12493
818,3.15826,-3.12493
819,3.15826,-3.12493
820,3.12493,3.12493
821,3.12493,3.12493
822,3.12493,3.12493
823,3.12493,3.12493
824,3.12493,3.12493
825,3.12493,3.12493
826,3.12493,3.12493
827,3.12493,3.12493
828,3.12493,3.12493
829,3.12493,3.12493
830,3.12493,3.12493
831,3.12493,3.12493
832,3.12493,3.12493
833,3.12493,3.12493
834,3.12493,3.12493
835,3.12493,3.12493
836,3.12493,3.12493
837,3.12493,3.12493
838,3.12493,3.12493
839,3.12493,3.12493
840,3.12493,3.12493
841,3.12493,3.12493
842,3.12493,3.12493
843,3.12493,3.12493
844,3.12493,3.12493
845,3.12493,3.12493
846,3.12493,3.12493
847,3.12493,3.12493
848,3.12493,3.12493
849,3.12493,3.12493
850,3.12493,3.12493
851,3.12493,3.12493
852,3.12493,3.12493
853,3.12493,3.12493
854,3.12493,3.12493
855,3.12493,3.12493
856,3.12493,3.12493
857,3.12493,3.12493
858,3.12493,3.12493
859,3.12493,3.12493
860,3.12493,3.12493
861,3.12493,3.12493
862,3.12493,3.12493
863,3.12493,3.12493
864,3.17283,-3.11035
865,3.17283,-3.11035
866,3.17283,-3.11035
867,3.17283,-3.11035
868,3.17283,-3.11035
869,3.17283,-3.11035
870,3.17283,-3.11035
871,3.17283,-3.11035
872,3.17283,-3.11035
873,3.17283,-3.11035
874,3.17283,-3.11035
875,3.17283,-3.11035
876,3.17283,-3.11035
877,3.17283,-3.11035
878,3.17283,-3.11035
879,3.17283,-3.11035
880,3.17283,-3.11035
881,3.17283,-3.11035
882,3.17283,-3.11035
883,3.17283,-3.11035
884,3.17283,-3.11035
885,3.17283,-3.11035
886,3.17283,-3.11035
887,3.17283,-3.11035
888,3.17283,-3.11035
889,3.17283,-3.11035
890,3.17283,-3.11035
891,3.17283,-3.11035
892,3.17283,-3.11035
893,3.17283,-3.11035
894,3.11035,3.11035
895,3.11035,3.11035
896,3.11035,3.11035
897,3.11035,3.11035
898,3.11035,3.11035
899,3.11035,3.11035
900,3.11035,3.11035
901,3.11035,3.11035
902,3.11035,3.11035
903,3.11035,3.11035
904,3.11035,3.11035
905,3.11035,3.11035
906,3.11035,3.11035
907,3.11035,3.11035
908,3.11035,3.11035
909,3.11035,3.11035
910,2.98894,2.98894
911,2.98894,2.98894
912,2.98894,2.98894
913,2.98894,2.98894
914,2.98894,2.98894
915,2.98894,2.98894
916,2.98894,2.98894
917,2.92292,2.92292
918,2.92292,2.92292
919,2.92292,2.92292
920,2.92292,2.92292
921,2.92292,2.92292
922,2.76109,2.76109
923,2.76109,2.76109
924,2.76109,2.76109
925,2.76109,2.76109
926,2.76109,2.76109
927,2.76109,2.76109
928,2.76109,2.76109
929,2.76109,2.76109
930,2.76109,2.76109
931,2.76109,2.76109
932,2.76109,2.76109
933,2.98894,2.98894
934,2.98894,2.98894
935,2.98894,2.98894
936,2.98894,2.98894
937,2.98894,2.98894
938,2.98894,2.98894
939,2.98894,2.98894
940,3.03672,3.03672
941,3.03672,3.03672
942,3.03672,3.03672
943,3.03672,3.03672
944,3.03672,3.03672
945,3.03672,3.03672
946,3.03672,3.03672
947,3.03672,3.03672
948,3.03672,3.03672
949,3.03672,3.03672
950,3.08609,3.08609
951,3.08609,3.08609
952,3.08609,3.08609
953,3.08609,3.08609
954,3.08609,3.08609
955,3.08609,3.08609
956,3.08609,3.08609
957,3.08609,3.08609
958,3.08609,3.08609
959,3.08609,3.08609
960,3.08609,3.08609
961,3.08609,3.08609
962,3.08609,3.08609
963,3.08609,3.08609
964,3.08609,3.08609
965,3.08609,3.08609
966,3.08609,3.08609
967,3.08609,3.08609
968,3.08609,3.08609
969,3.08609,3.08609
970,3.08609,3.08609
971,3.38657,-2.89661
972,3.38657,-2.89661
973,3.7296,-2.55359
974,3.7296,-2.55359
975,3.7296,-2.55359
976,3.31626,-2.96692
977,3.31626,-2.96692
978,3.31626,-2.96692
979,3.31626,-2.96692
980,3.31626,-2.96692
981,3.31626,-2.96692
982,3.31626,-2.96692
983,3.31626,-2.96692
984,3.31626,-2.96692
985,3.31626,-2.96692
986,3.31626,-2.96692
987,3.31626,-2.96692
988,3.31626,-2.96692
989,3.31626,-2.96692
990,3.31626,-2.96692
991,3.31626,-2.96692
992,3.31626,-2.96692
993,3.31626,-2.96692
994,3.31626,-2.96692
995,3.36026,-2.92292
996,3.36026,-2.92292
997,3.36026,-2.92292
998,3.36026,-2.92292
999,3.36026,-2.92292
1000,3.36026,-2.92292
1001,3.36026,-2.92292
1002,3.36026,-2.92292
1003,3.03094,3.03094
1004,3.03094,3.03094
1005,3.03094,3.03094
1006,3.03094,3.03094
1007,3.03094,3.03094
1008,3.03094,3.03094
1009,3.03094,3.03094
1010,3.25225,-3.03094
1011,3.25225,-3.03094
1012,3.25225,-3.03094
1013,3.25225,-3.03094
1014,3.86042,-2.42276
1015,3.86042,-2.42276
1016,3.86042,-2.42276
1017,3.86042,-2.42276
1018,3.86042,-2.42276
1019,3.86042,-2.42276
1020,3.86042,-2.42276
1021,3.86042,-2.42276
1022,3.86042,-2.42276
1023,3.86042,-2.42276
1024,3.86042,-2.42276
1025,3.86042,-2.42276
1026,3.86042,-2.42276
1027,3.26595,-3.01724
1028,3.26595,-3.01724
1029,3.26595,-3.01724
1030,3.26595,-3.01724
1031,3.02448,3.02448
1032,3.02448,3.02448
1033,3.02448,3.02448
1034,3.02448,3.02448
1035,3.02448,3.02448
1036,3.02448,3.02448
1037,3.02448,3.02448
1038,3.02448,3.02448
1039,3.02448,3.02448
1040,3.02448,3.02448
1041,3.02448,3.02448
1042,3.02448,3.02448
1043,3.02448,3.02448
1044,3.02448,3.02448
1045,3.09995,3.09995
1046,3.09995,3.09995
1047,3.09995,3.09995
1048,3.09995,3.09995
1049,3.09995,3.09995
1050,3.09995,3.09995
1051,3.09995,3.09995
1052,3.09995,3.09995
1053,3.09995,3.09995
1054,3.09995,3.09995
1055,3.09995,3.09995
1056,3.09995,3.09995
1057,3.09995,3.09995
1058,3.09995,3.09995
1059,3.09995,3.09995
1060,3.09995,3.09995
1061,3.09995,3.09995
1062,3.09995,3.09995
1063,3.09995,3.09995
1064,3.09995,3.09995
1065,3.09995,3.09995
1066,3.09995,3.09995
1067,3.09995,3.09995
1068,3.09995,3.09995
1069,3.09995,3.09995
1070,3.09995,3.09995
1071,3.92699,-2.35619
1072,3.92699,-2.35619
1073,2.97644,2.97644
1074,2.97644,2.97644
1075,2.97644,2.97644
1076,2.97644,2.97644
1077,3.28349,-2.9997
1078,3.28349,-2.9997
1079,3.28349,-2.9997
1080,3.28349,-2.9997
1081,3.28349,-2.9997
1082,3.28349,-2.9997
1083,3.28349,-2.9997
1084,3.28349,-2.9997
1085,2.9997,2.9997
1086,2.9997,2.9997
1087,2.9997,2.9997
1088,2.49809,2.49809
1089,2.49809,2.49809
1090,2.49809,2.49809
1091,2.49809,2.49809
1092,2.49809,2.49809
1093,2.9442,2.9442
1094,2.9442,2.9442
1095,2.9442,2.9442
1096,3.30674,-2.97644
1097,3.30674,-2.97644
1098,3.30674,-2.97644
1099,3.30674,-2.97644
1100,3.30674,-2.97644
1101,3.30674,-2.97644
1102,3.30674,-2.97644
1103,3.30674,-2.97644
1104,3.30674,-2.97644
1105,3.36026,-2.92292
1106,3.36026,-2.92292
1107,3.36026,-2.92292
1108,3.36026,-2.92292
1109,3.36026,-2.92292
1110,3.36026,-2.92292
1111,3.30674,-2.97644
1112,3.30674,-2.97644
1113,3.30674,-2.97644
1114,3.30674,-2.97644
1115,3.30674,-2.97644
1116,3.30674,-2.97644
1117,3.30674,-2.97644
1118,3.30674,-2.97644
1119,2.57486,2.57486
1120,2.57486,2.57486
1121,2.57486,2.57486
1122,2.57486,2.57486
1123,2.57486,2.57486
1124,2.57486,2.57486
1125,2.57486,2.57486
1126,2.57486,2.57486
1127,2.57486,2.57486
1128,2.57486,2.57486
1129,2.57486,2.57486
1130,2.57486,2.57486
1131,2.57486,2.57486
1132,2.57486,2.57486
1133,2.53087,2.53087
1134,2.53087,2.53087
1135,2.53087,2.53087
1136,2.53087,2.53087
1137,2.53087,2.53087
1138,2.44685,2.44685
1139,2.44685,2.44685
1140,2.44685,2.44685
1141,2.44685,2.44685
1142,2.44685,2.44685
1143,2.44685,2.44685
1144,2.44685,2.44685
1145,2.44685,2.44685
1146,2.44685,2.44685
1147,2.44685,2.44685
1148,2.44685,2.44685
1149,1.97569,1.97569
1150,1.97569,1.97569
1151,1.97569,1.97569
1152,1.97569,1.97569
1153,1.97569,1.97569
1154,1.97569,1.97569
1155,1.78947,1.78947
1156,1.78947,1.78947
1157,1.78947,1.78947
1158,1.78947,1.78947
1159,1.78947,1.78947
1160,1.78947,1.78947
1161,1.78947,1.78947
1162,1.78947,1.78947
1163,1.78947,1.78947
1164,1.78947,1.78947
1165,1.97569,1.97569
1166,1.97569,1.97569
1167,1.97569,1.97569
1168,2.08994,2.08994
1169,2.08994,2.08994
1170,2.08994,2.08994
1171,2.08994,2.08994
1172,2.08994,2.08994
1173,2.08994,2.08994
1174,1.89255,1.89255
1175,1.89255,1.89255
1176,1.89255,1.89255
1177,2.1588,2.1588
1178,2.1588,2.1588
1179,2.1588,2.1588
1180,1.96559,1.96559
1181,1.96559,1.96559
1182,1.96559,1.96559
1183,1.96559,1.96559
1184,1.96559,1.96559
1185,1.96559,1.96559
1186,1.96559,1.96559
1187,1.96559,1.96559
1188,1.96559,1.96559
1189,1.96559,1.96559
1190,1.98902,1.98902
1191,1.98902,1.98902
1192,1.98902,1.98902
1193,1.98902,1.98902
1194,1.98902,1.98902
1195,2.07789,2.07789
1196,2.07789,2.07789
1197,2.07789,2.07789
1198,2.07789,2.07789
1199,2.1294,2.1294
1200,2.1294,2.1294
1201,2.1294,2.1294
1202,2.19105,2.19105
1203,2.19105,2.19105
1204,2.25653,2.25653
1205,2.25653,2.25653
1206,2.25653,2.25653
1207,2.25653,2.25653
1208,2.25653,2.25653
1209,2.25653,2.25653
1210,2.25653,2.25653
1211,2.25653,2.25653
1212,2.25653,2.25653
1213,2.30861,2.30861
1214,2.30861,2.30861
1215,2.30861,2.30861
1216,2.30861,2.30861
1217,2.30861,2.30861
1218,2.30861,2.30861
1219,2.30861,2.30861
1220,2.30861,2.30861
1221,2.30861,2.30861
1222,2.30861,2.30861
1223,2.30861,2.30861
1224,2.30861,2.30861
1225,2.30861,2.30861
1226,2.30861,2.30861
1227,2.30861,2.30861
1228,2.30861,2.30861
1229,2.30861,2.30861
1230,2.30861,2.30861
1231,2.30861,2.30861
1232,2.11122,2.11122
1233,2.11122,2.11122
1234,1.92957,1.92957
1235,1.92957,1.92957
1236,1.92957,1.92957
1237,1.8491,1.8491
1238,1.8491,1.8491
1239,1.65394,1.65394
1240,1.65394,1.65394
1241,1.65394,1.65394
1242,1.65394,1.65394
1243,1.65394,1.65394
1244,1.65394,1.65394
1245,1.65394,1.65394
1246,1.65394,1.65394
1247,1.65394,1.65394
1248,1.65394,1.65394
1249,1.65394,1.65394
1250,1.65394,1.65394
1251,1.72345,1.72345
1252,1.72345,1.72345
1253,1.72345,1.72345
1254,1.72345,1.72345
1255,1.72345,1.72345
1256,1.72345,1.72345
1257,1.72345,1.72345
1258,1.78947,1.78947
1259,1.78947,1.78947
1260,1.78947,1.78947
1261,1.78947,1.78947
1262,1.78947,1.78947
1263,2.1588,2.1588
1264,2.55359,2.55359
1265,2.89661,2.89661
1266,2.89661,2.89661
1267,2.89661,2.89661
1268,2.89661,2.89661
1269,2.89661,2.89661
1270,2.89661,2.89661
1271,2.89661,2.89661
1272,3.46334,-2.81984
1273,3.7296,-2.55359
1274,4.2,-2.08319
1275,4.2,-2.08319
1276,4.2,-2.08319
1277,4.2,-2.08319
1278,4.2,-2.08319
1279,4.2,-2.08319
1280,4.2,-2.08319
1281,4.2,-2.08319
1282,4.2,-2.08319
1283,4.2,-2.08319
1284,4.2,-2.08319
1285,4.2,-2.08319
1286,4.21304,-2.07014
1287,4.21304,-2.07014
1288,4.21304,-2.07014
1289,4.21304,-2.07014
1290,4.21304,-2.07014
1291,4.21304,-2.07014
1292,4.21304,-2.07014
1293,4.21304,-2.07014
1294,4.21304,-2.07014
1295,4.21304,-2.07014
1296,4.21304,-2.07014
1297,4.21304,-2.07014
1298,4.21304,-2.07014
1299,4.21304,-2.07014
1300,4.21304,-2.07014
1301,4.21304,-2.07014
1302,4.21304,-2.07014
1303,4.21304,-2.07014
1304,4.21304,-2.07014
1305,4.21304,-2.07014
1306,4.3075,-1.97569
1307,4.3075,-1.97569
1308,4.3075,-1.97569
1309,4.44614,-1.83705
1310,4.44614,-1.83705
1311,4.44614,-1.83705
1312,4.44614,-1.83705
1313,4.44614,-1.83705
1314,4.44614,-1.83705
1315,4.44614,-1.83705
1316,4.44614,-1.83705
1317,4.44614,-1.83705
1318,4.42093,-1.86225
1319,4.42093,-1.86225
1320,4.42093,-1.86225
1321,4.42093,-1.86225
1322,4.36362,-1.91957
1323,4.36362,-1.91957
1324,4.36362,-1.91957
1325,4.36362,-1.91957
1326,4.28263,-2.00056
1327,4.28263,-2.00056
1328,4.28263,-2.00056
1329,4.28263,-2.00056
1330,4.28263,-2.00056
1331,4.28263,-2.00056
1332,4.28263,-2.00056
1333,4.28263,-2.00056
1334,4.28263,-2.00056
1335,4.28263,-2.00056
1336,4.28263,-2.00056
1337,4.28263,-2.00056
1338,4.28263,-2.00056
1339,4.28263,-2.00056
1340,4.28263,-2.00056
1341,4.28263,-2.00056
1342,4.28263,-2.00056
1343,4.28263,-2.00056
1344,4.28263,-2.00056
1345,4.28263,-2.00056
1346,4.28263,-2.00056
1347,4.28263,-2.00056
1348,4.28263,-2.00056
1349,4.28263,-2.00056
1350,4.28819,-1.99499
1351,4.28819,-1.99499
1352,4.28819,-1.99499
1353,4.28819,-1.99499
1354,4.28819,-1.99499
1355,4.28819,-1.99499
1356,4.28819,-1.99499
1357,4.28819,-1.99499
1358,4.28819,-1.99499
1359,4.28819,-1.99499
1360,4.28819,-1.99499
1361,4.28819,-1.99499
1362,4.28819,-1.99499
1363,4.28819,-1.99499
1364,4.28819,-1.99499
1365,4.28819,-1.99499
1366,4.28819,-1.99499
1367,4.28819,-1.99499
1368,4.28819,-1.99499
1369,4.28819,-1.99499
1370,4.28819,-1.99499
1371,4.36362,-1.91957
1372,4.36362,-1.91957
1373,4.36362,-1.91957
1374,4.36362,-1.91957
1375,4.42093,-1.86225
1376,4.42093,-1.86225
1377,4.42093,-1.86225
1378,4.42093,-1.86225
1379,4.42093,-1.86225
1380,4.42093,-1.86225
1381,4.42093,-1.86225
1382,4.42093,-1.86225
1383,4.42093,-1.86225
1384,4.42093,-1.86225
1385,4.35362,-1.92957
1386,4.35362,-1.92957
1387,4.3075,-1.97569
1388,4.3075,-1.97569
1389,4.3075,-1.97569
1390,4.21304,-2.07014
1391,4.21304,-2.07014
1392,4.21304,-2.07014
1393,4.21304,-2.07014
1394,4.21304,-2.07014
1395,4.21304,-2.07014
1396,4.21304,-2.07014
1397,4.21304,-2.07014
1398,4.21304,-2.07014
1399,4.21304,-2.07014
1400,4.21304,-2.07014
1401,4.21304,-2.07014
1402,4.28576,-1.99742
1403,4.28576,-1.99742
1404,4.28576,-1.99742
1405,4.28576,-1.99742
1406,4.28576,-1.99742
1407,4.28576,-1.99742
1408,4.29998,-1.98321
1409,4.29998,-1.98321
1410,4.29998,-1.98321
1411,4.29998,-1.98321
1412,4.29998,-1.98321
1413,4.29998,-1.98321
1414,4.29998,-1.98321
1415,4.29998,-1.98321
1416,4.29998,-1.98321
1417,4.29998,-1.98321
1418,4.35362,-1.92957
1419,4.35362,-1.92957
1420,4.35362,-1.92957
1421,4.35362,-1.92957
1422,4.35362,-1.92957
1423,4.35362,-1.92957
1424,4.35362,-1.92957
1425,4.27998,-2.0032
1426,4.27998,-2.0032
1427,4.27998,-2.0032
1428,4.27998,-2.0032
1429,4.27998,-2.0032
1430,4.27998,-2.0032
1431,4.27998,-2.0032
1432,4.27998,-2.0032
1433,4.27998,-2.0032
1434,4.27998,-2.0032
1435,4.27998,-2.0032
1436,4.27998,-2.0032
1437,4.27998,-2.0032
1438,4.27998,-2.0032
1439,4.27998,-2.0032
1440,4.27998,-2.0032
1441,4.46741,-1.81577
1442,4.46741,-1.81577
1443,4.46741,-1.81577
1444,4.46741,-1.81577
1445,4.29416,-1.98902
1446,4.29416,-1.98902
1447,4.29416,-1.98902
1448,4.29416,-1.98902
1449,4.29416,-1.98902
1450,4.29416,-1.98902
1451,4.29416,-1.98902
1452,4.29416,-1.98902
1453,4.29416,-1.98902
1454,4.29416,-1.98902
1455,4.35362,-1.92957
1456,4.35362,-1.92957
1457,4.35362,-1.92957
1458,4.35362,-1.92957
1459,4.35362,-1.92957
1460,4.35362,-1.92957
1461,4.35362,-1.92957
1462,4.3075,-1.97569
1463,4.3075,-1.97569
1464,4.3075,-1.97569
1465,4.3075,-1.97569
1466,4.3075,-1.97569
1467,4.3075,-1.97569
1468,4.3075,-1.97569
1469,4.35362,-1.92957
1470,4.35362,-1.92957
1471,4.44614,-1.83705
1472,4.44614,-1.83705
1473,4.44614,-1.83705
1474,4.44614,-1.83705
1475,4.44614,-1.83705
1476,4.49372,-1.78947
1477,4.49372,-1.78947
1478,4.54724,-1.73595
1479,4.54724,-1.73595
1480,4.54724,-1.73595
1481,4.54724,-1.73595
1482,4.54724,-1.73595
1483,4.54724,-1.73595
