#Grabcut execution time: 0s 342ms 342812us 
0.0000              80.5199             
1.0000              68.9714             
2.0000              65.9075             
3.0000              66.4825             
4.0000              66.7100             
5.0000              66.8314             
6.0000              66.7652             
7.0000              66.8294             
8.0000              66.7542             
9.0000              66.8295             
10.0000             66.7542             
11.0000             66.8295             
12.0000             66.7542             
13.0000             66.8295             
14.0000             66.7542             
15.0000             66.8295             
16.0000             66.7542             
17.0000             66.8295             
18.0000             66.7542             
19.0000             66.8295             
20.0000             66.7542             
21.0000             66.8295             
22.0000             66.7542             
23.0000             66.8295             
24.0000             66.7542             
25.0000             66.8295             
26.0000             66.7542             
27.0000             66.8295             
28.0000             66.7542             
29.0000             66.8295             
30.0000             66.7542             
31.0000             66.7542             
#Execution time: 42s 42337ms 42337297us 
