#Grabcut execution time: 0s 377ms 377985us 
0.0000              23.2369             
1.0000              2.0610              
2.0000              1.3778              
3.0000              1.1876              
4.0000              1.0621              
5.0000              0.9653              
6.0000              0.8797              
7.0000              0.8178              
8.0000              0.7621              
9.0000              0.7212              
10.0000             0.6767              
11.0000             0.6493              
12.0000             0.5911              
13.0000             0.5706              
14.0000             0.5623              
15.0000             0.5420              
16.0000             0.5336              
17.0000             0.5214              
18.0000             0.5166              
19.0000             0.5083              
20.0000             0.5021              
21.0000             0.5053              
22.0000             0.4784              
23.0000             0.4681              
24.0000             0.4619              
25.0000             0.4484              
26.0000             0.4434              
27.0000             0.4295              
28.0000             0.4143              
29.0000             0.3984              
30.0000             0.3913              
31.0000             0.3913              
#Execution time: 70s 70473ms 70473532us 
