#Grabcut execution time: 0s 336ms 336810us 
0.0000              205.8364            
1.0000              18.4349             
2.0000              13.6441             
3.0000              11.4012             
4.0000              10.6697             
5.0000              9.9541              
6.0000              9.4033              
7.0000              9.4329              
8.0000              9.4842              
9.0000              9.0661              
10.0000             9.0523              
11.0000             9.2260              
12.0000             9.0545              
13.0000             8.9881              
14.0000             8.7321              
15.0000             8.6912              
16.0000             8.7047              
17.0000             8.8323              
18.0000             8.6124              
19.0000             8.6487              
20.0000             8.7878              
21.0000             8.5555              
22.0000             8.5835              
23.0000             8.6067              
24.0000             8.6785              
25.0000             8.6372              
26.0000             8.5151              
27.0000             8.6119              
28.0000             8.5676              
29.0000             8.6575              
30.0000             8.4765              
31.0000             8.4765              
#Execution time: 33s 33803ms 33803372us 
