#Grabcut execution time: 0s 353ms 353748us 
0.0000              11.7802             
1.0000              11.8859             
2.0000              11.8531             
3.0000              11.8701             
4.0000              11.8827             
5.0000              11.8934             
6.0000              11.9065             
7.0000              11.9197             
8.0000              11.9171             
9.0000              11.9160             
10.0000             11.9159             
11.0000             11.9159             
12.0000             11.9159             
13.0000             11.9159             
14.0000             11.9159             
15.0000             11.9159             
16.0000             11.9159             
17.0000             11.9159             
18.0000             11.9159             
19.0000             11.9159             
20.0000             11.9159             
21.0000             11.9159             
22.0000             11.9159             
23.0000             11.9159             
24.0000             11.9159             
25.0000             11.9159             
26.0000             11.9159             
27.0000             11.9159             
28.0000             11.9159             
29.0000             11.9159             
30.0000             11.9159             
31.0000             11.9159             
#Execution time: 124s 124277ms 124277220us 
