n,tangent,t2
0,4.85429,-1.4289
1,4.85429,-1.4289
2,4.85429,-1.4289
3,4.85429,-1.4289
4,4.85429,-1.4289
5,4.85429,-1.4289
6,4.85429,-1.4289
7,4.85429,-1.4289
8,5.30039,-0.982794
9,5.30039,-0.982794
10,5.30039,-0.982794
11,4.80305,-1.48014
12,4.80305,-1.48014
13,4.80305,-1.48014
14,4.80305,-1.48014
15,4.80305,-1.48014
16,4.80305,-1.48014
17,4.80305,-1.48014
18,4.80305,-1.48014
19,4.80305,-1.48014
20,4.80305,-1.48014
21,4.80305,-1.48014
22,4.84494,-1.43824
23,4.84494,-1.43824
24,4.84494,-1.43824
25,4.84494,-1.43824
26,4.84494,-1.43824
27,4.84494,-1.43824
28,4.84494,-1.43824
29,4.84494,-1.43824
30,4.84494,-1.43824
31,4.84494,-1.43824
32,4.24874,-2.03444
33,4.24874,-2.03444
34,4.24874,-2.03444
35,4.95737,-1.32582
36,4.95737,-1.32582
37,4.95737,-1.32582
38,4.95737,-1.32582
39,4.95737,-1.32582
40,4.95737,-1.32582
41,4.95737,-1.32582
42,3.60524,-2.67795
43,3.60524,-2.67795
44,3.60524,-2.67795
45,5.69518,-0.588003
46,5.69518,-0.588003
47,5.69518,-0.588003
48,5.30039,-0.982794
49,5.30039,-0.982794
50,5.30039,-0.982794
51,5.30039,-0.982794
52,5.30039,-0.982794
53,5.30039,-0.982794
54,4.95737,-1.32582
55,4.95737,-1.32582
56,4.95737,-1.32582
57,4.95737,-1.32582
58,5.11728,-1.1659
59,5.11728,-1.1659
60,5.11728,-1.1659
61,5.23154,-1.05165
62,5.23154,-1.05165
63,5.23154,-1.05165
64,5.35589,-0.927295
65,5.35589,-0.927295
66,5.35589,-0.927295
67,5.35589,-0.927295
68,5.35589,-0.927295
69,5.25281,-1.03038
70,5.25281,-1.03038
71,5.0929,-1.19029
72,4.80305,-1.48014
73,4.80305,-1.48014
74,4.80305,-1.48014
75,4.80305,-1.48014
76,4.80305,-1.48014
77,4.80305,-1.48014
78,4.80305,-1.48014
79,4.80305,-1.48014
80,4.80305,-1.48014
81,4.80305,-1.48014
82,4.80305,-1.48014
83,5.25281,-1.03038
84,5.25281,-1.03038
85,5.25281,-1.03038
86,5.25281,-1.03038
87,5.25281,-1.03038
88,5.0929,-1.19029
89,5.0929,-1.19029
90,5.0929,-1.19029
91,5.0929,-1.19029
92,5.0929,-1.19029
93,5.0929,-1.19029
94,3.92699,-2.35619
95,3.92699,-2.35619
96,4.99069,-1.2925
97,4.99069,-1.2925
98,4.99069,-1.2925
99,4.99069,-1.2925
100,4.99069,-1.2925
101,4.99069,-1.2925
102,4.99069,-1.2925
103,5.07116,-1.21203
104,5.07116,-1.21203
105,5.07116,-1.21203
106,5.07116,-1.21203
107,5.07116,-1.21203
108,5.07116,-1.21203
109,4.95737,-1.32582
110,4.95737,-1.32582
111,4.95737,-1.32582
112,4.95737,-1.32582
113,4.95737,-1.32582
114,4.95737,-1.32582
115,4.24874,-2.03444
116,4.24874,-2.03444
117,4.95737,-1.32582
118,4.95737,-1.32582
119,4.95737,-1.32582
120,4.95737,-1.32582
121,4.95737,-1.32582
122,4.95737,-1.32582
123,4.95737,-1.32582
124,0.785398,0.785398
125,0.785398,0.785398
126,5.30039,-0.982794
127,5.30039,-0.982794
128,5.03414,-1.24905
129,5.03414,-1.24905
130,4.39064,-1.89255
131,4.39064,-1.89255
132,4.39064,-1.89255
133,5.25281,-1.03038
134,5.25281,-1.03038
135,5.25281,-1.03038
136,5.25281,-1.03038
137,5.25281,-1.03038
138,5.25281,-1.03038
139,5.25281,-1.03038
140,5.25281,-1.03038
141,5.35589,-0.927295
142,5.35589,-0.927295
143,5.63968,-0.643501
144,5.63968,-0.643501
145,6.03821,-0.244979
146,6.03821,-0.244979
147,0.244979,0.244979
148,0.244979,0.244979
149,0.674741,0.674741
150,0.674741,0.674741
151,0.674741,0.674741
152,0.674741,0.674741
153,0.674741,0.674741
154,0.674741,0.674741
155,0.674741,0.674741
156,0.54042,0.54042
157,0.54042,0.54042
158,0.54042,0.54042
159,0.54042,0.54042
160,5.81954,-0.463648
161,5.30039,-0.982794
162,5.30039,-0.982794
163,5.30039,-0.982794
164,5.74277,-0.54042
165,5.74277,-0.54042
166,5.74277,-0.54042
167,5.90268,-0.380506
168,6.08579,-0.197396
169,6.08579,-0.197396
170,6.08579,-0.197396
171,0.197396,0.197396
172,0.197396,0.197396
173,0.380506,0.380506
174,0.380506,0.380506
175,0.380506,0.380506
176,0.380506,0.380506
177,0.197396,0.197396
178,0.197396,0.197396
179,0.197396,0.197396
180,6.08579,-0.197396
181,6.08579,-0.197396
182,5.30039,-0.982794
183,5.30039,-0.982794
184,5.30039,-0.982794
185,5.69518,-0.588003
186,5.69518,-0.588003
187,0.463648,0.463648
188,1.10715,1.10715
189,1.10715,1.10715
190,0.463648,0.463648
191,5.96143,-0.321751
192,5.96143,-0.321751
193,5.96143,-0.321751
194,5.96143,-0.321751
195,5.96143,-0.321751
196,5.17604,-1.10715
197,5.17604,-1.10715
198,6.11804,-0.165149
199,6.11804,-0.165149
200,6.11804,-0.165149
201,6.11804,-0.165149
202,6.11804,-0.165149
203,6.11804,-0.165149
204,5.69518,-0.588003
205,5.69518,-0.588003
206,5.69518,-0.588003
207,5.96143,-0.321751
208,5.96143,-0.321751
209,5.96143,-0.321751
210,5.30039,-0.982794
211,5.30039,-0.982794
212,5.30039,-0.982794
213,5.30039,-0.982794
214,5.30039,-0.982794
215,0.380506,0.380506
216,0.380506,0.380506
217,0.380506,0.380506
218,0.380506,0.380506
219,0.380506,0.380506
220,0.380506,0.380506
221,0.54042,0.54042
222,0.54042,0.54042
223,0.982794,0.982794
224,0.982794,0.982794
225,0.982794,0.982794
226,0.674741,0.674741
227,0.674741,0.674741
228,0.674741,0.674741
229,0.674741,0.674741
230,0.674741,0.674741
231,0.674741,0.674741
232,0.674741,0.674741
233,0.674741,0.674741
234,0.674741,0.674741
235,0.674741,0.674741
236,5.17604,-1.10715
237,5.17604,-1.10715
238,6.11804,-0.165149
239,6.11804,-0.165149
240,6.11804,-0.165149
241,0.165149,0.165149
242,0.165149,0.165149
243,0.165149,0.165149
244,1.10715,1.10715
245,1.10715,1.10715
246,0.218669,0.218669
247,0.218669,0.218669
248,0.218669,0.218669
249,0.218669,0.218669
250,0.218669,0.218669
251,0.218669,0.218669
252,0.218669,0.218669
253,0.218669,0.218669
254,0.218669,0.218669
255,0.218669,0.218669
256,0.588003,0.588003
257,0.588003,0.588003
258,0.588003,0.588003
259,0.588003,0.588003
260,0.588003,0.588003
261,1.46014,1.46014
262,1.46014,1.46014
263,1.46014,1.46014
264,1.46014,1.46014
265,1.46014,1.46014
266,1.46014,1.46014
267,1.46014,1.46014
268,1.46014,1.46014
269,1.46014,1.46014
270,1.19029,1.19029
271,1.19029,1.19029
272,1.19029,1.19029
273,1.19029,1.19029
274,1.5153,1.5153
275,1.5153,1.5153
276,1.5153,1.5153
277,1.5153,1.5153
278,1.5153,1.5153
279,1.5153,1.5153
280,1.5153,1.5153
281,1.5153,1.5153
282,1.5153,1.5153
283,1.5153,1.5153
284,1.5153,1.5153
285,1.5153,1.5153
286,1.5153,1.5153
287,1.5153,1.5153
288,1.5153,1.5153
289,1.5153,1.5153
290,1.5153,1.5153
291,1.5153,1.5153
292,1.35213,1.35213
293,1.35213,1.35213
294,1.35213,1.35213
295,1.35213,1.35213
296,1.35213,1.35213
297,1.35213,1.35213
298,1.4289,1.4289
299,1.4289,1.4289
300,1.4289,1.4289
301,1.4289,1.4289
302,1.4289,1.4289
303,1.4289,1.4289
304,1.4289,1.4289
305,1.4289,1.4289
306,1.4289,1.4289
307,2.03444,2.03444
308,2.03444,2.03444
309,2.03444,2.03444
310,0.588003,0.588003
311,0.588003,0.588003
312,0.588003,0.588003
313,0.982794,0.982794
314,1.21203,1.21203
315,1.21203,1.21203
316,1.21203,1.21203
317,1.21203,1.21203
318,1.21203,1.21203
319,1.21203,1.21203
320,1.21203,1.21203
321,1.21203,1.21203
322,1.21203,1.21203
323,1.03038,1.03038
324,1.03038,1.03038
325,0.588003,0.588003
326,0.588003,0.588003
327,0.588003,0.588003
328,1.1659,1.1659
329,1.1659,1.1659
330,1.1659,1.1659
331,1.1659,1.1659
332,1.1659,1.1659
333,1.1659,1.1659
334,1.1659,1.1659
335,1.1659,1.1659
336,1.1659,1.1659
337,1.1659,1.1659
338,1.1659,1.1659
339,1.1659,1.1659
340,1.1659,1.1659
341,0.982794,0.982794
342,0.982794,0.982794
343,0.982794,0.982794
344,1.24905,1.24905
345,1.24905,1.24905
346,1.24905,1.24905
347,1.24905,1.24905
348,1.24905,1.24905
349,1.24905,1.24905
350,1.24905,1.24905
351,0.694738,0.694738
352,0.694738,0.694738
353,0.694738,0.694738
354,0.694738,0.694738
355,0.694738,0.694738
356,0.694738,0.694738
357,0.876058,0.876058
358,0.876058,0.876058
359,0.876058,0.876058
360,0.876058,0.876058
361,1.03038,1.03038
362,1.03038,1.03038
363,1.19029,1.19029
364,1.19029,1.19029
365,1.19029,1.19029
366,1.19029,1.19029
367,1.19029,1.19029
368,1.19029,1.19029
369,1.19029,1.19029
370,1.19029,1.19029
371,1.19029,1.19029
372,1.19029,1.19029
373,1.19029,1.19029
374,1.19029,1.19029
375,1.19029,1.19029
376,1.00748,1.00748
377,1.00748,1.00748
378,1.00748,1.00748
379,1.00748,1.00748
380,1.00748,1.00748
381,1.00748,1.00748
382,1.00748,1.00748
383,1.00748,1.00748
384,1.00748,1.00748
385,1.00748,1.00748
386,1.00748,1.00748
387,1.00748,1.00748
388,1.00748,1.00748
389,1.00748,1.00748
390,1.00748,1.00748
391,1.00748,1.00748
392,1.00748,1.00748
393,1.00748,1.00748
394,1.00748,1.00748
395,1.00748,1.00748
396,1.00748,1.00748
397,1.00748,1.00748
398,1.00748,1.00748
399,1.00748,1.00748
400,1.00748,1.00748
401,1.00748,1.00748
402,1.00748,1.00748
403,1.05165,1.05165
404,1.05165,1.05165
405,1.05165,1.05165
406,1.05165,1.05165
407,1.05165,1.05165
408,1.05165,1.05165
409,1.05165,1.05165
410,1.05165,1.05165
411,0.643501,0.643501
412,0.643501,0.643501
413,0.643501,0.643501
414,0.643501,0.643501
415,0.927295,0.927295
416,0.927295,0.927295
417,0.927295,0.927295
418,0.927295,0.927295
419,0.927295,0.927295
420,0.588003,0.588003
421,0.588003,0.588003
422,0.588003,0.588003
423,1.24905,1.24905
424,1.24905,1.24905
425,1.24905,1.24905
426,0.982794,0.982794
427,0.982794,0.982794
428,0.982794,0.982794
429,1.51204,1.51204
430,1.51204,1.51204
431,1.51204,1.51204
432,1.51204,1.51204
433,1.51204,1.51204
434,1.51204,1.51204
435,1.51204,1.51204
436,1.51204,1.51204
437,1.51204,1.51204
438,1.62955,1.62955
439,1.62955,1.62955
440,1.62955,1.62955
441,1.62955,1.62955
442,1.62955,1.62955
443,1.62955,1.62955
444,1.62955,1.62955
445,1.62955,1.62955
446,1.9513,1.9513
447,1.9513,1.9513
448,1.9513,1.9513
449,1.9513,1.9513
450,1.81577,1.81577
451,1.81577,1.81577
452,1.32582,1.32582
453,1.32582,1.32582
454,0.876058,0.876058
455,0.876058,0.876058
456,0.876058,0.876058
457,0.876058,0.876058
458,0.694738,0.694738
459,0.694738,0.694738
460,0.694738,0.694738
461,0.694738,0.694738
462,0.54042,0.54042
463,0.54042,0.54042
464,0.54042,0.54042
465,0.54042,0.54042
466,0.54042,0.54042
467,0.674741,0.674741
468,0.674741,0.674741
469,0.674741,0.674741
470,0.674741,0.674741
471,0.674741,0.674741
472,0.674741,0.674741
473,0.674741,0.674741
474,0.321751,0.321751
475,0.321751,0.321751
476,0.321751,0.321751
477,0.643501,0.643501
478,0.643501,0.643501
479,0.643501,0.643501
480,0.643501,0.643501
481,0.643501,0.643501
482,2.35619,2.35619
483,2.35619,2.35619
484,1.10715,1.10715
485,1.10715,1.10715
486,2.03444,2.03444
487,3.03094,3.03094
488,3.03094,3.03094
489,3.03094,3.03094
490,3.03094,3.03094
491,3.03094,3.03094
492,3.25225,-3.03094
493,3.25225,-3.03094
494,3.25225,-3.03094
495,3.25225,-3.03094
496,3.41989,-2.86329
497,3.41989,-2.86329
498,3.41989,-2.86329
499,3.41989,-2.86329
500,3.81633,-2.46685
501,3.81633,-2.46685
502,3.81633,-2.46685
503,3.81633,-2.46685
504,3.81633,-2.46685
505,3.81633,-2.46685
506,3.81633,-2.46685
507,3.38657,-2.89661
508,3.38657,-2.89661
509,2.89661,2.89661
510,2.89661,2.89661
511,2.76109,2.76109
512,2.76109,2.76109
513,2.60117,2.60117
514,2.60117,2.60117
515,2.60117,2.60117
516,2.60117,2.60117
517,2.60117,2.60117
518,3.92699,-2.35619
519,3.92699,-2.35619
520,2.9442,2.9442
521,2.9442,2.9442
522,2.9442,2.9442
523,2.9442,2.9442
524,2.9442,2.9442
525,2.9442,2.9442
526,2.55359,2.55359
527,2.55359,2.55359
528,2.55359,2.55359
529,2.81984,2.81984
530,2.81984,2.81984
531,3.33899,-2.9442
532,3.33899,-2.9442
533,3.33899,-2.9442
534,3.33899,-2.9442
535,3.33899,-2.9442
536,3.33899,-2.9442
537,3.33899,-2.9442
538,3.5221,-2.76109
539,3.5221,-2.76109
540,3.5221,-2.76109
541,3.5221,-2.76109
542,3.33899,-2.9442
543,3.33899,-2.9442
544,3.33899,-2.9442
545,3.33899,-2.9442
546,3.33899,-2.9442
547,3.33899,-2.9442
548,3.33899,-2.9442
549,2.55359,2.55359
550,2.55359,2.55359
551,2.55359,2.55359
552,2.55359,2.55359
553,2.55359,2.55359
554,2.55359,2.55359
555,2.55359,2.55359
556,4.39064,-1.89255
557,4.39064,-1.89255
558,4.39064,-1.89255
559,3.60524,-2.67795
560,3.60524,-2.67795
561,4.24874,-2.03444
562,4.24874,-2.03444
563,3.38657,-2.89661
564,3.38657,-2.89661
565,3.38657,-2.89661
566,3.38657,-2.89661
567,3.38657,-2.89661
568,5.69518,-0.588003
569,5.69518,-0.588003
570,5.69518,-0.588003
571,5.69518,-0.588003
572,5.17604,-1.10715
573,5.17604,-1.10715
574,5.81954,-0.463648
575,5.81954,-0.463648
576,5.0929,-1.19029
577,5.0929,-1.19029
578,5.0929,-1.19029
579,4.90978,-1.3734
580,4.90978,-1.3734
581,4.90978,-1.3734
582,4.51499,-1.76819
583,4.51499,-1.76819
584,3.38657,-2.89661
585,3.38657,-2.89661
586,3.38657,-2.89661
587,3.38657,-2.89661
588,3.76184,-2.52134
589,3.76184,-2.52134
590,3.76184,-2.52134
591,3.76184,-2.52134
592,3.76184,-2.52134
593,3.76184,-2.52134
594,3.76184,-2.52134
595,3.76184,-2.52134
596,3.76184,-2.52134
597,3.76184,-2.52134
598,3.41989,-2.86329
599,3.41989,-2.86329
600,3.41989,-2.86329
601,3.41989,-2.86329
602,3.20035,-3.08284
603,3.20035,-3.08284
604,3.20035,-3.08284
605,3.20035,-3.08284
606,3.20035,-3.08284
607,3.20035,-3.08284
608,3.20035,-3.08284
609,3.20035,-3.08284
610,3.20035,-3.08284
611,3.08284,3.08284
612,3.08284,3.08284
613,3.08284,3.08284
614,3.08284,3.08284
615,3.08284,3.08284
616,3.08284,3.08284
617,3.08284,3.08284
618,3.08284,3.08284
619,2.03444,2.03444
620,2.03444,2.03444
621,2.03444,2.03444
622,3.68201,-2.60117
623,3.68201,-2.60117
624,3.68201,-2.60117
625,3.68201,-2.60117
626,3.68201,-2.60117
627,3.68201,-2.60117
628,3.68201,-2.60117
629,2.97644,2.97644
630,2.97644,2.97644
631,2.97644,2.97644
632,2.97644,2.97644
633,2.97644,2.97644
634,2.97644,2.97644
635,2.97644,2.97644
636,2.97644,2.97644
637,2.76109,2.76109
638,2.76109,2.76109
639,2.76109,2.76109
640,1.89255,1.89255
641,1.89255,1.89255
642,1.89255,1.89255
643,1.89255,1.89255
644,3.30674,-2.97644
645,3.30674,-2.97644
646,3.30674,-2.97644
647,3.30674,-2.97644
648,2.97644,2.97644
649,2.97644,2.97644
650,2.97644,2.97644
651,2.11122,2.11122
652,2.11122,2.11122
653,2.11122,2.11122
654,2.11122,2.11122
655,2.11122,2.11122
656,2.2143,2.2143
657,2.2143,2.2143
658,2.49809,2.49809
659,2.49809,2.49809
660,2.81984,2.81984
661,2.81984,2.81984
662,3.46334,-2.81984
663,3.46334,-2.81984
664,3.46334,-2.81984
665,3.46334,-2.81984
666,3.46334,-2.81984
667,3.46334,-2.81984
668,3.46334,-2.81984
669,3.46334,-2.81984
670,3.46334,-2.81984
671,3.7296,-2.55359
672,3.7296,-2.55359
673,3.7296,-2.55359
674,3.38657,-2.89661
675,3.38657,-2.89661
676,2.89661,2.89661
677,2.89661,2.89661
678,2.89661,2.89661
679,2.89661,2.89661
680,2.89661,2.89661
681,2.89661,2.89661
682,2.89661,2.89661
683,2.89661,2.89661
684,2.89661,2.89661
685,3.7296,-2.55359
686,3.7296,-2.55359
687,3.7296,-2.55359
688,3.28349,-2.9997
689,3.28349,-2.9997
690,3.28349,-2.9997
691,3.28349,-2.9997
692,3.28349,-2.9997
693,3.28349,-2.9997
694,3.28349,-2.9997
695,3.41989,-2.86329
696,3.41989,-2.86329
697,3.50036,-2.78282
698,3.50036,-2.78282
699,3.50036,-2.78282
700,3.50036,-2.78282
701,3.50036,-2.78282
702,3.50036,-2.78282
703,3.33899,-2.9442
704,3.33899,-2.9442
705,3.33899,-2.9442
706,2.9442,2.9442
707,2.9442,2.9442
708,2.9442,2.9442
709,2.9442,2.9442
710,3.60524,-2.67795
711,4.12439,-2.1588
712,4.12439,-2.1588
713,4.12439,-2.1588
714,3.70019,-2.58299
715,3.70019,-2.58299
716,3.70019,-2.58299
717,3.70019,-2.58299
718,3.70019,-2.58299
719,3.70019,-2.58299
720,3.70019,-2.58299
721,3.70019,-2.58299
722,3.5221,-2.76109
723,3.5221,-2.76109
724,3.5221,-2.76109
725,3.5221,-2.76109
726,4.06889,-2.2143
727,4.06889,-2.2143
728,4.06889,-2.2143
729,4.06889,-2.2143
730,3.78509,-2.49809
731,3.78509,-2.49809
732,3.78509,-2.49809
733,2.67795,2.67795
734,2.67795,2.67795
735,2.67795,2.67795
736,4.46741,-1.81577
737,4.46741,-1.81577
738,4.46741,-1.81577
739,4.46741,-1.81577
740,4.33188,-1.9513
741,4.33188,-1.9513
742,4.14566,-2.13753
743,4.14566,-2.13753
744,4.14566,-2.13753
745,4.14566,-2.13753
746,4.14566,-2.13753
747,4.14566,-2.13753
748,4.10166,-2.18152
749,4.10166,-2.18152
750,4.10166,-2.18152
751,4.10166,-2.18152
752,4.10166,-2.18152
753,4.10166,-2.18152
754,4.10166,-2.18152
755,4.10166,-2.18152
756,4.10166,-2.18152
757,4.10166,-2.18152
758,4.3075,-1.97569
759,4.3075,-1.97569
760,4.3075,-1.97569
761,4.3075,-1.97569
762,4.3075,-1.97569
763,4.3075,-1.97569
764,4.3075,-1.97569
765,4.3075,-1.97569
766,4.3075,-1.97569
767,4.3075,-1.97569
768,4.3075,-1.97569
769,4.3075,-1.97569
770,4.3075,-1.97569
771,3.60524,-2.67795
772,3.60524,-2.67795
773,4.24874,-2.03444
774,5.03414,-1.24905
775,5.03414,-1.24905
776,5.03414,-1.24905
777,5.03414,-1.24905
778,4.39064,-1.89255
779,3.60524,-2.67795
780,3.60524,-2.67795
781,3.60524,-2.67795
