n,tangent,t2
0,5.38713,-0.896055
1,5.38713,-0.896055
2,5.38713,-0.896055
3,5.38713,-0.896055
4,5.38713,-0.896055
5,5.38713,-0.896055
6,5.38713,-0.896055
7,5.38713,-0.896055
8,5.38713,-0.896055
9,5.38713,-0.896055
10,5.38713,-0.896055
11,5.38713,-0.896055
12,0.785398,0.785398
13,0.785398,0.785398
14,5.49779,-0.785398
15,5.49779,-0.785398
16,1.10715,1.10715
17,2.2143,2.2143
18,2.2143,2.2143
19,2.2143,2.2143
20,2.2143,2.2143
21,2.2143,2.2143
22,2.2143,2.2143
23,1.81577,1.81577
24,1.81577,1.81577
25,1.32582,1.32582
26,1.32582,1.32582
27,1.32582,1.32582
28,5.49779,-0.785398
29,5.49779,-0.785398
30,5.49779,-0.785398
31,5.49779,-0.785398
32,5.49779,-0.785398
33,5.49779,-0.785398
34,1.10715,1.10715
35,1.10715,1.10715
36,1.10715,1.10715
37,1.10715,1.10715
38,1.10715,1.10715
39,1.10715,1.10715
40,5.81954,-0.463648
41,5.81954,-0.463648
42,0.588003,0.588003
43,0.588003,0.588003
44,0.982794,0.982794
45,0.982794,0.982794
46,0.982794,0.982794
47,0.982794,0.982794
48,5.49779,-0.785398
49,5.49779,-0.785398
50,0.876058,0.876058
51,0.876058,0.876058
52,0.876058,0.876058
53,0.876058,0.876058
54,0.876058,0.876058
55,0.876058,0.876058
56,0.876058,0.876058
57,0.876058,0.876058
58,1.24905,1.24905
59,1.24905,1.24905
60,1.24905,1.24905
61,0.463648,0.463648
62,0.463648,0.463648
63,0.463648,0.463648
64,0.463648,0.463648
65,0.463648,0.463648
66,1.24905,1.24905
67,1.24905,1.24905
68,1.24905,1.24905
69,0.982794,0.982794
70,0.588003,0.588003
71,0.321751,0.321751
72,0.321751,0.321751
73,0.321751,0.321751
74,1.24905,1.24905
75,1.24905,1.24905
76,1.24905,1.24905
77,0.165149,0.165149
78,0.165149,0.165149
79,0.165149,0.165149
80,0.165149,0.165149
81,0.165149,0.165149
82,0.165149,0.165149
83,0.165149,0.165149
84,0.165149,0.165149
85,6.03821,-0.244979
86,6.03821,-0.244979
87,6.03821,-0.244979
88,6.03821,-0.244979
89,0.244979,0.244979
90,0.244979,0.244979
91,0.588003,0.588003
92,0.588003,0.588003
93,0.588003,0.588003
94,0.588003,0.588003
95,5.60844,-0.674741
96,5.60844,-0.674741
97,5.60844,-0.674741
98,5.60844,-0.674741
99,5.60844,-0.674741
100,5.60844,-0.674741
101,5.38713,-0.896055
102,5.38713,-0.896055
103,5.38713,-0.896055
104,4.87754,-1.40565
105,4.87754,-1.40565
106,4.87754,-1.40565
107,4.87754,-1.40565
108,4.87754,-1.40565
109,4.87754,-1.40565
110,5.81954,-0.463648
111,5.81954,-0.463648
112,4.77114,-1.51204
113,4.77114,-1.51204
114,4.77114,-1.51204
115,4.77114,-1.51204
116,4.77114,-1.51204
117,4.77114,-1.51204
118,4.77114,-1.51204
119,4.77114,-1.51204
120,4.77114,-1.51204
121,4.77114,-1.51204
122,4.77114,-1.51204
123,4.77114,-1.51204
124,4.77114,-1.51204
125,4.77114,-1.51204
126,4.77114,-1.51204
127,4.77114,-1.51204
128,4.77114,-1.51204
129,5.30039,-0.982794
130,5.69518,-0.588003
131,6.03821,-0.244979
132,6.03821,-0.244979
133,6.03821,-0.244979
134,6.03821,-0.244979
135,6.03821,-0.244979
136,6.03821,-0.244979
137,6.03821,-0.244979
138,0.244979,0.244979
139,0.244979,0.244979
140,0.588003,0.588003
141,0.588003,0.588003
142,0.588003,0.588003
143,0.588003,0.588003
144,5.81954,-0.463648
145,5.25281,-1.03038
146,5.25281,-1.03038
147,5.25281,-1.03038
148,5.25281,-1.03038
149,5.25281,-1.03038
150,5.25281,-1.03038
151,5.25281,-1.03038
152,5.25281,-1.03038
153,5.25281,-1.03038
154,5.25281,-1.03038
155,5.25281,-1.03038
156,5.25281,-1.03038
157,4.24874,-2.03444
158,3.60524,-2.67795
159,3.60524,-2.67795
160,4.39064,-1.89255
161,4.39064,-1.89255
162,4.39064,-1.89255
163,4.12439,-2.1588
164,4.12439,-2.1588
165,4.12439,-2.1588
166,4.58803,-1.69515
167,4.58803,-1.69515
168,4.58803,-1.69515
169,4.58803,-1.69515
170,4.58803,-1.69515
171,4.58803,-1.69515
172,4.58803,-1.69515
173,4.58803,-1.69515
174,4.58803,-1.69515
175,4.58803,-1.69515
176,4.58803,-1.69515
177,4.87754,-1.40565
178,4.87754,-1.40565
179,4.87754,-1.40565
180,4.87754,-1.40565
181,4.87754,-1.40565
182,4.54724,-1.73595
183,4.54724,-1.73595
184,4.54724,-1.73595
185,4.54724,-1.73595
186,4.54724,-1.73595
187,4.95737,-1.32582
188,4.95737,-1.32582
189,4.95737,-1.32582
190,4.95737,-1.32582
191,4.95737,-1.32582
192,4.95737,-1.32582
193,5.30039,-0.982794
194,5.30039,-0.982794
195,5.30039,-0.982794
196,4.82305,-1.46014
197,4.82305,-1.46014
198,4.82305,-1.46014
199,4.82305,-1.46014
200,4.82305,-1.46014
201,4.60173,-1.68145
202,4.60173,-1.68145
203,4.60173,-1.68145
204,4.60173,-1.68145
205,4.06889,-2.2143
206,4.06889,-2.2143
207,4.06889,-2.2143
208,4.06889,-2.2143
209,4.06889,-2.2143
210,4.46741,-1.81577
211,4.46741,-1.81577
212,4.46741,-1.81577
213,4.46741,-1.81577
214,4.46741,-1.81577
215,4.46741,-1.81577
216,4.46741,-1.81577
217,4.46741,-1.81577
218,4.46741,-1.81577
219,3.38657,-2.89661
220,3.38657,-2.89661
221,3.38657,-2.89661
222,3.38657,-2.89661
223,4.24874,-2.03444
224,4.24874,-2.03444
225,3.60524,-2.67795
226,3.60524,-2.67795
227,4.46741,-1.81577
228,4.46741,-1.81577
229,4.95737,-1.32582
230,4.95737,-1.32582
231,5.0929,-1.19029
232,5.0929,-1.19029
233,5.25281,-1.03038
234,5.25281,-1.03038
235,5.25281,-1.03038
236,5.25281,-1.03038
237,5.03414,-1.24905
238,5.03414,-1.24905
239,5.03414,-1.24905
240,5.81954,-0.463648
241,5.81954,-0.463648
242,5.17604,-1.10715
243,5.17604,-1.10715
244,5.74277,-0.54042
245,5.74277,-0.54042
246,5.74277,-0.54042
247,5.74277,-0.54042
248,5.74277,-0.54042
249,5.74277,-0.54042
250,5.74277,-0.54042
251,5.90268,-0.380506
252,6.03821,-0.244979
253,6.03821,-0.244979
254,6.03821,-0.244979
255,6.03821,-0.244979
256,5.69518,-0.588003
257,5.30039,-0.982794
258,5.30039,-0.982794
259,4.24874,-2.03444
260,3.46334,-2.81984
261,3.46334,-2.81984
262,3.46334,-2.81984
263,3.46334,-2.81984
264,5.03414,-1.24905
265,5.03414,-1.24905
266,5.03414,-1.24905
267,4.33188,-1.9513
268,4.33188,-1.9513
269,4.33188,-1.9513
270,4.17197,-2.11122
271,4.17197,-2.11122
272,3.7296,-2.55359
273,3.33899,-2.9442
274,3.33899,-2.9442
275,3.33899,-2.9442
276,3.33899,-2.9442
277,3.33899,-2.9442
278,3.33899,-2.9442
279,5.81954,-0.463648
280,5.81954,-0.463648
281,5.81954,-0.463648
282,5.81954,-0.463648
283,5.81954,-0.463648
284,5.17604,-1.10715
285,4.12439,-2.1588
286,4.12439,-2.1588
287,4.12439,-2.1588
288,4.12439,-2.1588
289,4.39064,-1.89255
290,4.39064,-1.89255
291,4.39064,-1.89255
292,4.12439,-2.1588
293,4.12439,-2.1588
294,4.12439,-2.1588
295,4.12439,-2.1588
296,4.12439,-2.1588
297,3.60524,-2.67795
298,3.60524,-2.67795
299,3.60524,-2.67795
300,5.49779,-0.785398
301,5.49779,-0.785398
302,3.41989,-2.86329
303,3.41989,-2.86329
304,3.41989,-2.86329
305,3.41989,-2.86329
306,3.26595,-3.01724
307,3.26595,-3.01724
308,3.26595,-3.01724
309,3.26595,-3.01724
310,3.26595,-3.01724
311,3.26595,-3.01724
312,3.26595,-3.01724
313,3.26595,-3.01724
314,3.36026,-2.92292
315,3.36026,-2.92292
316,3.36026,-2.92292
317,3.36026,-2.92292
318,3.36026,-2.92292
319,4.24874,-2.03444
320,4.24874,-2.03444
321,4.24874,-2.03444
322,4.24874,-2.03444
323,5.69518,-0.588003
324,5.69518,-0.588003
325,5.69518,-0.588003
326,5.69518,-0.588003
327,5.69518,-0.588003
328,5.69518,-0.588003
329,5.69518,-0.588003
330,5.0929,-1.19029
331,5.0929,-1.19029
332,5.0929,-1.19029
333,4.90978,-1.3734
334,4.90978,-1.3734
335,4.90978,-1.3734
336,4.51499,-1.76819
337,4.51499,-1.76819
338,4.33188,-1.9513
339,4.33188,-1.9513
340,4.33188,-1.9513
341,3.68201,-2.60117
342,3.68201,-2.60117
343,3.68201,-2.60117
344,3.68201,-2.60117
345,3.68201,-2.60117
346,3.68201,-2.60117
347,4.12439,-2.1588
348,4.39064,-1.89255
349,4.39064,-1.89255
350,4.39064,-1.89255
351,3.38657,-2.89661
352,3.38657,-2.89661
353,3.38657,-2.89661
354,3.38657,-2.89661
355,3.7296,-2.55359
356,3.7296,-2.55359
357,3.7296,-2.55359
358,5.69518,-0.588003
359,5.69518,-0.588003
360,6.11804,-0.165149
361,6.11804,-0.165149
362,6.11804,-0.165149
363,6.11804,-0.165149
364,6.11804,-0.165149
365,6.11804,-0.165149
366,5.63968,-0.643501
367,5.63968,-0.643501
368,5.63968,-0.643501
369,5.63968,-0.643501
370,5.63968,-0.643501
371,6.19253,-0.0906599
372,6.19253,-0.0906599
373,6.19253,-0.0906599
374,6.19253,-0.0906599
375,6.19253,-0.0906599
376,6.19253,-0.0906599
377,6.19253,-0.0906599
378,6.19253,-0.0906599
379,6.19253,-0.0906599
380,6.19253,-0.0906599
381,6.19253,-0.0906599
382,5.60844,-0.674741
383,5.60844,-0.674741
384,5.60844,-0.674741
385,5.60844,-0.674741
386,5.60844,-0.674741
387,5.60844,-0.674741
388,5.60844,-0.674741
389,5.60844,-0.674741
390,0.463648,0.463648
391,0.463648,0.463648
392,0.463648,0.463648
393,5.81954,-0.463648
394,5.81954,-0.463648
395,0.463648,0.463648
396,0.463648,0.463648
397,2.55359,2.55359
398,2.55359,2.55359
399,2.81984,2.81984
400,2.81984,2.81984
401,2.81984,2.81984
402,2.03444,2.03444
403,1.10715,1.10715
404,0.463648,0.463648
405,6.03821,-0.244979
406,6.03821,-0.244979
407,6.03821,-0.244979
408,6.03821,-0.244979
409,6.03821,-0.244979
410,6.03821,-0.244979
411,5.17604,-1.10715
412,5.17604,-1.10715
413,5.17604,-1.10715
414,0.982794,0.982794
415,0.982794,0.982794
416,1.24905,1.24905
417,1.24905,1.24905
418,1.24905,1.24905
419,0.982794,0.982794
420,0.588003,0.588003
421,0.588003,0.588003
422,5.81954,-0.463648
423,5.81954,-0.463648
424,5.81954,-0.463648
425,1.24905,1.24905
426,1.24905,1.24905
427,1.89255,1.89255
428,2.67795,2.67795
429,2.67795,2.67795
430,1.89255,1.89255
431,1.89255,1.89255
432,1.19029,1.19029
433,1.19029,1.19029
434,1.19029,1.19029
435,1.03038,1.03038
436,0.927295,0.927295
437,0.927295,0.927295
438,0.927295,0.927295
439,0.927295,0.927295
440,0.927295,0.927295
441,1.24905,1.24905
442,1.24905,1.24905
443,1.24905,1.24905
444,0.982794,0.982794
445,0.982794,0.982794
446,0.982794,0.982794
447,1.32582,1.32582
448,1.32582,1.32582
449,1.81577,1.81577
450,1.81577,1.81577
451,1.81577,1.81577
452,1.81577,1.81577
453,0.785398,0.785398
454,0.785398,0.785398
455,2.35619,2.35619
456,2.35619,2.35619
457,2.35619,2.35619
458,2.35619,2.35619
459,0.588003,0.588003
460,0.588003,0.588003
461,0.588003,0.588003
462,0.896055,0.896055
463,0.896055,0.896055
464,0.896055,0.896055
465,0.896055,0.896055
466,0.896055,0.896055
467,0.896055,0.896055
468,0.896055,0.896055
469,0.896055,0.896055
470,0.896055,0.896055
471,0.896055,0.896055
472,1.24905,1.24905
473,1.24905,1.24905
474,1.89255,1.89255
475,1.89255,1.89255
476,1.89255,1.89255
477,0.785398,0.785398
478,0.785398,0.785398
479,2.9442,2.9442
480,2.9442,2.9442
481,2.9442,2.9442
482,2.9442,2.9442
483,2.9442,2.9442
484,2.9442,2.9442
485,0.982794,0.982794
486,0.982794,0.982794
487,0.982794,0.982794
488,1.24905,1.24905
489,1.24905,1.24905
490,1.24905,1.24905
491,0.982794,0.982794
492,0.982794,0.982794
493,0.982794,0.982794
494,6.03821,-0.244979
495,6.03821,-0.244979
496,6.03821,-0.244979
497,0.244979,0.244979
498,0.244979,0.244979
499,0.244979,0.244979
500,0.244979,0.244979
501,0.244979,0.244979
502,0.244979,0.244979
503,0.244979,0.244979
504,0.244979,0.244979
505,2.89661,2.89661
506,2.89661,2.89661
507,2.89661,2.89661
508,2.89661,2.89661
509,2.89661,2.89661
510,0.321751,0.321751
511,0.321751,0.321751
512,0.321751,0.321751
513,0.588003,0.588003
514,0.588003,0.588003
515,0.588003,0.588003
516,2.03444,2.03444
517,2.03444,2.03444
518,0.982794,0.982794
519,0.982794,0.982794
520,0.982794,0.982794
521,0.982794,0.982794
522,5.81954,-0.463648
523,5.81954,-0.463648
524,0.463648,0.463648
525,0.463648,0.463648
526,2.03444,2.03444
527,2.03444,2.03444
528,1.10715,1.10715
529,0.463648,0.463648
530,0.463648,0.463648
531,1.10715,1.10715
532,1.10715,1.10715
533,0.463648,0.463648
534,0.463648,0.463648
535,0.463648,0.463648
536,2.35619,2.35619
537,2.35619,2.35619
538,0.785398,0.785398
539,0.785398,0.785398
540,2.67795,2.67795
541,2.67795,2.67795
542,2.03444,2.03444
543,0.982794,0.982794
544,0.982794,0.982794
545,0.982794,0.982794
546,0.982794,0.982794
547,1.19029,1.19029
548,1.19029,1.19029
549,1.19029,1.19029
550,1.19029,1.19029
551,1.19029,1.19029
552,1.19029,1.19029
553,1.19029,1.19029
554,1.19029,1.19029
555,1.19029,1.19029
556,1.19029,1.19029
557,1.19029,1.19029
558,1.19029,1.19029
559,1.19029,1.19029
560,1.19029,1.19029
561,1.32582,1.32582
562,1.32582,1.32582
563,1.32582,1.32582
564,1.32582,1.32582
565,1.19029,1.19029
566,1.19029,1.19029
567,1.19029,1.19029
568,1.19029,1.19029
569,5.30039,-0.982794
570,5.30039,-0.982794
571,5.30039,-0.982794
572,5.30039,-0.982794
573,5.30039,-0.982794
574,5.03414,-1.24905
575,5.03414,-1.24905
576,5.03414,-1.24905
577,5.03414,-1.24905
578,5.03414,-1.24905
579,3.38657,-2.89661
580,3.38657,-2.89661
581,3.38657,-2.89661
582,3.38657,-2.89661
583,4.24874,-2.03444
584,5.17604,-1.10715
585,6.11804,-0.165149
586,6.11804,-0.165149
587,6.11804,-0.165149
588,6.11804,-0.165149
589,6.11804,-0.165149
590,6.11804,-0.165149
591,5.69518,-0.588003
592,5.30039,-0.982794
593,5.03414,-1.24905
594,5.03414,-1.24905
595,5.03414,-1.24905
596,6.03821,-0.244979
597,6.03821,-0.244979
598,6.03821,-0.244979
599,6.03821,-0.244979
600,5.17604,-1.10715
601,4.57049,-1.71269
602,4.57049,-1.71269
603,4.57049,-1.71269
604,4.57049,-1.71269
605,4.57049,-1.71269
606,4.57049,-1.71269
607,4.85429,-1.4289
608,4.85429,-1.4289
609,4.85429,-1.4289
610,6.08579,-0.197396
611,6.08579,-0.197396
612,6.08579,-0.197396
613,0.197396,0.197396
614,0.197396,0.197396
615,0.197396,0.197396
616,0.197396,0.197396
617,5.03414,-1.24905
618,5.03414,-1.24905
619,4.39064,-1.89255
620,3.5221,-2.76109
621,3.5221,-2.76109
622,3.5221,-2.76109
623,3.5221,-2.76109
624,3.5221,-2.76109
625,3.5221,-2.76109
626,3.5221,-2.76109
627,3.5221,-2.76109
628,2.67795,2.67795
629,2.67795,2.67795
630,2.67795,2.67795
631,3.7296,-2.55359
632,3.7296,-2.55359
633,4.12439,-2.1588
634,4.54724,-1.73595
635,4.54724,-1.73595
636,4.54724,-1.73595
637,4.54724,-1.73595
638,4.54724,-1.73595
639,4.54724,-1.73595
640,3.33899,-2.9442
641,3.33899,-2.9442
642,3.33899,-2.9442
643,3.33899,-2.9442
644,3.33899,-2.9442
645,3.33899,-2.9442
646,6.03821,-0.244979
647,6.03821,-0.244979
648,6.03821,-0.244979
649,6.03821,-0.244979
650,6.03821,-0.244979
651,3.46334,-2.81984
652,3.46334,-2.81984
653,3.46334,-2.81984
654,3.46334,-2.81984
655,6.20004,-0.0831412
656,6.20004,-0.0831412
657,6.20004,-0.0831412
658,6.20004,-0.0831412
659,6.20004,-0.0831412
660,6.20004,-0.0831412
661,0.0831412,0.0831412
662,0.0831412,0.0831412
663,0.0831412,0.0831412
664,0.0831412,0.0831412
665,0.0831412,0.0831412
666,0.0831412,0.0831412
667,0.0831412,0.0831412
668,2.35619,2.35619
669,2.35619,2.35619
670,0.463648,0.463648
671,5.81954,-0.463648
672,5.81954,-0.463648
673,5.81954,-0.463648
674,5.81954,-0.463648
675,5.81954,-0.463648
676,4.49372,-1.78947
677,4.49372,-1.78947
678,4.49372,-1.78947
679,4.49372,-1.78947
680,4.49372,-1.78947
681,4.49372,-1.78947
682,4.49372,-1.78947
683,4.49372,-1.78947
684,4.49372,-1.78947
685,4.49372,-1.78947
686,4.49372,-1.78947
687,4.49372,-1.78947
688,4.49372,-1.78947
689,4.49372,-1.78947
690,4.49372,-1.78947
691,4.49372,-1.78947
692,4.19324,-2.08994
693,4.19324,-2.08994
694,4.19324,-2.08994
695,4.19324,-2.08994
696,4.19324,-2.08994
697,4.19324,-2.08994
698,4.3075,-1.97569
699,4.3075,-1.97569
700,4.3075,-1.97569
701,4.35362,-1.92957
702,4.35362,-1.92957
703,4.43409,-1.8491
704,4.43409,-1.8491
705,4.43409,-1.8491
706,4.43409,-1.8491
707,4.43409,-1.8491
708,4.43409,-1.8491
709,4.3075,-1.97569
710,4.3075,-1.97569
711,4.3075,-1.97569
712,4.19324,-2.08994
713,4.19324,-2.08994
714,4.19324,-2.08994
715,4.06889,-2.2143
716,4.06889,-2.2143
717,3.78509,-2.49809
718,3.78509,-2.49809
719,3.46334,-2.81984
720,3.46334,-2.81984
721,3.46334,-2.81984
722,3.46334,-2.81984
723,5.69518,-0.588003
724,5.69518,-0.588003
725,6.00489,-0.2783
726,6.00489,-0.2783
727,6.00489,-0.2783
728,6.00489,-0.2783
729,6.08579,-0.197396
730,6.08579,-0.197396
731,6.08579,-0.197396
732,6.08579,-0.197396
733,6.08579,-0.197396
734,6.08579,-0.197396
735,6.08579,-0.197396
736,0.463648,0.463648
737,0.463648,0.463648
738,0.463648,0.463648
739,0.463648,0.463648
740,0.982794,0.982794
741,0.982794,0.982794
742,0.982794,0.982794
743,0.588003,0.588003
744,0.588003,0.588003
745,0.588003,0.588003
746,1.10715,1.10715
747,1.10715,1.10715
748,0.321751,0.321751
749,0.321751,0.321751
750,5.96143,-0.321751
751,5.63968,-0.643501
752,5.63968,-0.643501
753,5.35589,-0.927295
754,5.35589,-0.927295
755,4.85429,-1.4289
756,4.85429,-1.4289
757,4.85429,-1.4289
758,4.85429,-1.4289
759,4.57049,-1.71269
760,4.57049,-1.71269
761,4.57049,-1.71269
762,4.53254,-1.75065
763,4.53254,-1.75065
764,4.53254,-1.75065
765,4.53254,-1.75065
766,4.53254,-1.75065
767,4.53254,-1.75065
768,4.53254,-1.75065
769,4.53254,-1.75065
770,4.53254,-1.75065
771,4.53254,-1.75065
772,4.90978,-1.3734
773,4.90978,-1.3734
774,4.90978,-1.3734
775,1.27934,1.27934
776,1.27934,1.27934
777,1.27934,1.27934
778,1.27934,1.27934
779,1.27934,1.27934
780,1.27934,1.27934
781,1.27934,1.27934
782,1.27934,1.27934
783,1.27934,1.27934
784,1.27934,1.27934
785,1.27934,1.27934
786,1.27934,1.27934
787,1.22203,1.22203
788,1.22203,1.22203
789,1.22203,1.22203
790,1.22203,1.22203
791,1.1659,1.1659
792,1.1659,1.1659
793,1.1659,1.1659
794,1.05165,1.05165
795,1.05165,1.05165
796,1.05165,1.05165
797,0.876058,0.876058
798,0.876058,0.876058
799,0.876058,0.876058
800,0.876058,0.876058
801,0.876058,0.876058
802,0.876058,0.876058
803,0.876058,0.876058
804,0.876058,0.876058
805,0.876058,0.876058
806,1.24905,1.24905
807,1.24905,1.24905
808,1.24905,1.24905
809,0.588003,0.588003
810,0.588003,0.588003
811,0.588003,0.588003
812,0.588003,0.588003
813,0.588003,0.588003
814,0.588003,0.588003
815,0.588003,0.588003
816,0.588003,0.588003
817,2.89661,2.89661
818,2.89661,2.89661
819,2.89661,2.89661
820,2.89661,2.89661
821,2.49809,2.49809
822,2.49809,2.49809
823,2.2143,2.2143
824,2.2143,2.2143
825,2.2143,2.2143
826,0.982794,0.982794
827,0.982794,0.982794
828,0.982794,0.982794
829,0.982794,0.982794
830,5.49779,-0.785398
831,5.49779,-0.785398
832,0.54042,0.54042
833,0.54042,0.54042
834,0.54042,0.54042
835,0.54042,0.54042
836,0.54042,0.54042
837,0.54042,0.54042
838,0.674741,0.674741
839,0.674741,0.674741
840,0.674741,0.674741
841,0.674741,0.674741
842,0.674741,0.674741
843,0.674741,0.674741
844,0.674741,0.674741
845,2.67795,2.67795
846,2.67795,2.67795
847,1.89255,1.89255
848,1.89255,1.89255
849,1.89255,1.89255
850,2.81984,2.81984
851,2.81984,2.81984
852,2.81984,2.81984
853,2.49809,2.49809
854,2.49809,2.49809
855,2.2143,2.2143
856,2.2143,2.2143
857,2.2143,2.2143
858,2.2143,2.2143
859,2.2143,2.2143
860,2.2143,2.2143
861,1.10715,1.10715
862,1.10715,1.10715
863,1.10715,1.10715
864,1.10715,1.10715
865,1.10715,1.10715
866,2.35619,2.35619
867,2.35619,2.35619
868,2.35619,2.35619
869,2.35619,2.35619
870,1.10715,1.10715
871,1.10715,1.10715
872,2.03444,2.03444
873,2.03444,2.03444
874,3.46334,-2.81984
875,3.46334,-2.81984
876,3.46334,-2.81984
877,2.81984,2.81984
878,1.76819,1.76819
879,1.76819,1.76819
880,1.76819,1.76819
881,1.3734,1.3734
882,1.3734,1.3734
883,0.463648,0.463648
884,5.81954,-0.463648
885,5.81954,-0.463648
886,5.81954,-0.463648
887,0.321751,0.321751
888,0.321751,0.321751
889,0.321751,0.321751
890,0.321751,0.321751
891,0.321751,0.321751
892,2.2143,2.2143
893,2.2143,2.2143
894,2.2143,2.2143
895,2.2143,2.2143
896,2.2143,2.2143
897,2.2143,2.2143
898,1.10715,1.10715
899,1.10715,1.10715
900,1.10715,1.10715
901,2.35619,2.35619
902,2.35619,2.35619
903,0.463648,0.463648
904,0.463648,0.463648
905,0.927295,0.927295
906,0.927295,0.927295
907,0.927295,0.927295
908,0.927295,0.927295
909,0.927295,0.927295
910,0.927295,0.927295
911,0.927295,0.927295
912,0.927295,0.927295
913,2.03444,2.03444
914,2.03444,2.03444
915,2.03444,2.03444
916,0.54042,0.54042
917,0.54042,0.54042
918,0.54042,0.54042
919,0.54042,0.54042
920,0.54042,0.54042
921,0.674741,0.674741
922,0.674741,0.674741
923,0.674741,0.674741
924,0.674741,0.674741
925,0.674741,0.674741
926,0.674741,0.674741
927,0.674741,0.674741
928,0.674741,0.674741
929,0.674741,0.674741
930,0.674741,0.674741
931,0.674741,0.674741
932,0.674741,0.674741
933,0.896055,0.896055
934,0.896055,0.896055
935,0.896055,0.896055
936,0.896055,0.896055
937,0.896055,0.896055
938,0.896055,0.896055
939,0.588003,0.588003
940,0.588003,0.588003
941,0.588003,0.588003
942,1.19029,1.19029
943,1.19029,1.19029
944,1.19029,1.19029
945,1.35213,1.35213
946,1.35213,1.35213
947,1.35213,1.35213
948,1.35213,1.35213
949,1.35213,1.35213
950,1.51026,1.51026
951,1.51026,1.51026
952,1.51026,1.51026
953,1.51026,1.51026
954,1.51026,1.51026
955,1.51026,1.51026
956,1.51026,1.51026
957,1.51026,1.51026
958,1.51026,1.51026
959,1.51026,1.51026
960,1.51026,1.51026
961,1.51026,1.51026
962,1.51026,1.51026
963,1.51026,1.51026
964,1.51026,1.51026
965,1.51026,1.51026
966,1.51026,1.51026
967,1.5153,1.5153
968,1.5153,1.5153
969,1.5153,1.5153
970,1.5153,1.5153
971,1.5153,1.5153
972,1.5153,1.5153
973,1.5153,1.5153
974,1.5153,1.5153
975,1.5153,1.5153
976,1.5153,1.5153
977,1.5153,1.5153
978,1.5153,1.5153
979,1.5153,1.5153
980,1.5153,1.5153
981,1.5153,1.5153
982,1.5153,1.5153
983,1.5153,1.5153
984,1.5153,1.5153
985,1.35213,1.35213
986,1.35213,1.35213
987,1.35213,1.35213
988,1.35213,1.35213
989,1.35213,1.35213
990,1.35213,1.35213
991,5.69518,-0.588003
992,5.69518,-0.588003
993,5.69518,-0.588003
994,6.08579,-0.197396
995,6.08579,-0.197396
996,6.08579,-0.197396
997,0.197396,0.197396
998,0.197396,0.197396
999,1.44644,1.44644
1000,1.44644,1.44644
1001,1.44644,1.44644
1002,1.44644,1.44644
1003,1.64757,1.64757
1004,1.64757,1.64757
1005,1.64757,1.64757
1006,1.64757,1.64757
1007,1.64757,1.64757
1008,1.64757,1.64757
1009,1.64757,1.64757
1010,1.64757,1.64757
1011,1.64757,1.64757
1012,1.64757,1.64757
1013,1.64757,1.64757
1014,1.64757,1.64757
1015,1.64757,1.64757
1016,1.64757,1.64757
1017,1.64757,1.64757
1018,1.64757,1.64757
1019,1.64757,1.64757
1020,1.64757,1.64757
1021,1.7005,1.7005
1022,1.7005,1.7005
1023,1.7005,1.7005
1024,1.7005,1.7005
1025,1.7005,1.7005
1026,1.7005,1.7005
1027,1.7005,1.7005
1028,1.7005,1.7005
1029,1.7005,1.7005
1030,1.7005,1.7005
1031,1.7005,1.7005
1032,1.7005,1.7005
1033,1.7005,1.7005
1034,1.7005,1.7005
1035,1.7005,1.7005
1036,1.7005,1.7005
1037,1.7005,1.7005
1038,1.7005,1.7005
1039,1.7005,1.7005
1040,1.7005,1.7005
1041,1.7005,1.7005
1042,1.7005,1.7005
1043,1.7005,1.7005
1044,1.7005,1.7005
1045,1.7005,1.7005
1046,1.7005,1.7005
1047,1.75065,1.75065
1048,1.75065,1.75065
1049,1.75065,1.75065
1050,1.75065,1.75065
1051,1.75065,1.75065
1052,1.75065,1.75065
1053,1.96559,1.96559
1054,1.96559,1.96559
1055,1.96559,1.96559
1056,1.96559,1.96559
1057,1.96559,1.96559
1058,1.96559,1.96559
1059,1.96559,1.96559
1060,1.96559,1.96559
1061,1.96559,1.96559
1062,1.96559,1.96559
1063,2.08994,2.08994
1064,2.08994,2.08994
1065,2.08994,2.08994
1066,2.26553,2.26553
1067,2.26553,2.26553
1068,2.26553,2.26553
1069,2.26553,2.26553
1070,2.44685,2.44685
1071,2.44685,2.44685
1072,2.44685,2.44685
1073,2.44685,2.44685
1074,2.44685,2.44685
1075,2.44685,2.44685
1076,2.44685,2.44685
1077,2.44685,2.44685
1078,2.24554,2.24554
1079,2.24554,2.24554
1080,2.24554,2.24554
1081,2.24554,2.24554
1082,2.24554,2.24554
1083,2.24554,2.24554
1084,2.24554,2.24554
1085,2.48055,2.48055
1086,2.48055,2.48055
1087,2.48055,2.48055
1088,2.48055,2.48055
1089,2.48055,2.48055
1090,2.48055,2.48055
1091,2.48055,2.48055
1092,2.48055,2.48055
1093,2.48055,2.48055
1094,2.48055,2.48055
1095,2.60117,2.60117
1096,2.60117,2.60117
1097,2.78282,2.78282
1098,2.78282,2.78282
1099,2.78282,2.78282
1100,2.86329,2.86329
1101,2.86329,2.86329
1102,2.86329,2.86329
1103,2.86329,2.86329
1104,2.86329,2.86329
1105,2.86329,2.86329
1106,2.76109,2.76109
1107,2.76109,2.76109
1108,2.76109,2.76109
1109,2.76109,2.76109
1110,2.92292,2.92292
1111,2.92292,2.92292
1112,2.92292,2.92292
1113,2.92292,2.92292
1114,2.92292,2.92292
1115,3.03094,3.03094
1116,3.03094,3.03094
1117,3.03094,3.03094
1118,3.03094,3.03094
1119,3.03094,3.03094
1120,3.03094,3.03094
1121,3.03094,3.03094
1122,3.03094,3.03094
1123,3.03094,3.03094
1124,2.98894,2.98894
1125,2.98894,2.98894
1126,2.98894,2.98894
1127,2.98894,2.98894
1128,2.98894,2.98894
1129,2.98894,2.98894
1130,2.98894,2.98894
1131,2.55359,2.55359
1132,2.55359,2.55359
1133,2.55359,2.55359
1134,2.55359,2.55359
1135,3.92699,-2.35619
1136,3.92699,-2.35619
1137,2.35619,2.35619
1138,2.35619,2.35619
1139,3.92699,-2.35619
1140,3.92699,-2.35619
1141,2.35619,2.35619
1142,2.35619,2.35619
1143,3.46334,-2.81984
1144,3.46334,-2.81984
1145,3.46334,-2.81984
1146,3.46334,-2.81984
1147,3.7296,-2.55359
1148,3.7296,-2.55359
1149,3.7296,-2.55359
1150,3.41989,-2.86329
1151,3.41989,-2.86329
1152,3.41989,-2.86329
1153,3.41989,-2.86329
1154,3.30674,-2.97644
1155,3.30674,-2.97644
1156,3.30674,-2.97644
1157,2.97644,2.97644
1158,2.97644,2.97644
1159,2.97644,2.97644
1160,2.97644,2.97644
1161,2.97644,2.97644
1162,3.60524,-2.67795
1163,3.60524,-2.67795
1164,3.60524,-2.67795
1165,2.2143,2.2143
1166,2.2143,2.2143
1167,2.2143,2.2143
1168,2.2143,2.2143
1169,2.2143,2.2143
1170,2.2143,2.2143
1171,2.49809,2.49809
1172,2.49809,2.49809
1173,2.86329,2.86329
1174,2.86329,2.86329
1175,2.86329,2.86329
1176,2.86329,2.86329
1177,2.86329,2.86329
1178,2.86329,2.86329
1179,3.38657,-2.89661
1180,3.38657,-2.89661
1181,4.06889,-2.2143
1182,4.06889,-2.2143
1183,4.06889,-2.2143
1184,4.06889,-2.2143
1185,4.06889,-2.2143
1186,4.06889,-2.2143
1187,4.06889,-2.2143
1188,4.19324,-2.08994
1189,4.19324,-2.08994
1190,4.19324,-2.08994
1191,4.19324,-2.08994
1192,4.19324,-2.08994
1193,4.19324,-2.08994
1194,4.19324,-2.08994
1195,4.19324,-2.08994
1196,4.03765,-2.24554
1197,4.03765,-2.24554
1198,4.03765,-2.24554
1199,3.81633,-2.46685
1200,3.81633,-2.46685
1201,3.81633,-2.46685
1202,3.46334,-2.81984
1203,3.46334,-2.81984
1204,2.9997,2.9997
1205,2.9997,2.9997
1206,2.9997,2.9997
1207,2.9997,2.9997
1208,2.9997,2.9997
1209,2.9997,2.9997
1210,2.9997,2.9997
1211,2.9997,2.9997
1212,2.9997,2.9997
1213,2.86329,2.86329
1214,2.86329,2.86329
1215,2.86329,2.86329
1216,2.86329,2.86329
1217,2.86329,2.86329
1218,2.86329,2.86329
1219,3.30674,-2.97644
1220,3.30674,-2.97644
1221,3.30674,-2.97644
1222,3.30674,-2.97644
1223,3.30674,-2.97644
1224,3.30674,-2.97644
1225,3.30674,-2.97644
1226,3.30674,-2.97644
1227,3.30674,-2.97644
1228,3.30674,-2.97644
1229,2.67795,2.67795
1230,2.67795,2.67795
1231,2.67795,2.67795
1232,3.22473,-3.05845
1233,3.22473,-3.05845
1234,3.22473,-3.05845
1235,3.22473,-3.05845
1236,3.22473,-3.05845
1237,3.22473,-3.05845
1238,3.22473,-3.05845
1239,3.22473,-3.05845
1240,3.22473,-3.05845
1241,3.22473,-3.05845
1242,3.22473,-3.05845
1243,3.22473,-3.05845
1244,3.22473,-3.05845
1245,3.7296,-2.55359
1246,3.7296,-2.55359
1247,3.7296,-2.55359
1248,3.25225,-3.03094
1249,3.25225,-3.03094
1250,3.25225,-3.03094
1251,3.25225,-3.03094
1252,3.25225,-3.03094
1253,3.25225,-3.03094
1254,3.25225,-3.03094
1255,3.25225,-3.03094
1256,3.25225,-3.03094
1257,3.36026,-2.92292
1258,3.36026,-2.92292
1259,3.36026,-2.92292
1260,3.36026,-2.92292
1261,3.36026,-2.92292
1262,3.36026,-2.92292
1263,3.36026,-2.92292
1264,3.36026,-2.92292
1265,2.81984,2.81984
1266,2.49809,2.49809
1267,2.49809,2.49809
1268,2.49809,2.49809
1269,2.49809,2.49809
1270,2.49809,2.49809
1271,2.89661,2.89661
1272,2.89661,2.89661
1273,3.38657,-2.89661
1274,3.38657,-2.89661
1275,3.78509,-2.49809
1276,3.78509,-2.49809
1277,4.06889,-2.2143
1278,4.06889,-2.2143
1279,4.06889,-2.2143
1280,4.06889,-2.2143
1281,4.06889,-2.2143
1282,4.06889,-2.2143
1283,4.06889,-2.2143
1284,4.06889,-2.2143
1285,4.06889,-2.2143
1286,4.17197,-2.11122
1287,4.17197,-2.11122
1288,4.33188,-1.9513
1289,4.46741,-1.81577
1290,4.46741,-1.81577
1291,4.46741,-1.81577
1292,4.46741,-1.81577
1293,4.33188,-1.9513
1294,4.33188,-1.9513
1295,4.33188,-1.9513
1296,4.33188,-1.9513
1297,4.57984,-1.70335
1298,4.57984,-1.70335
1299,4.57984,-1.70335
1300,4.57984,-1.70335
1301,4.57984,-1.70335
1302,4.57984,-1.70335
1303,4.57984,-1.70335
1304,4.57984,-1.70335
1305,4.65363,-1.62955
1306,4.65363,-1.62955
1307,4.65363,-1.62955
1308,4.65363,-1.62955
1309,4.65363,-1.62955
1310,4.65363,-1.62955
1311,4.65363,-1.62955
1312,4.65363,-1.62955
1313,4.65363,-1.62955
1314,4.65363,-1.62955
1315,4.65363,-1.62955
1316,4.65363,-1.62955
1317,4.65363,-1.62955
1318,4.65363,-1.62955
1319,4.65363,-1.62955
1320,4.65363,-1.62955
1321,4.65363,-1.62955
1322,4.65363,-1.62955
1323,4.65363,-1.62955
1324,4.65363,-1.62955
1325,4.65363,-1.62955
1326,4.65363,-1.62955
1327,4.65363,-1.62955
1328,4.65363,-1.62955
1329,4.65363,-1.62955
1330,4.65363,-1.62955
1331,4.65363,-1.62955
1332,4.65363,-1.62955
1333,4.65363,-1.62955
1334,4.65363,-1.62955
1335,4.65363,-1.62955
1336,4.65363,-1.62955
1337,4.65363,-1.62955
