#Grabcut execution time: 0s 339ms 339140us 
0.0000              1030.6645           
1.0000              596.9996            
2.0000              579.8957            
3.0000              575.1978            
4.0000              568.3283            
5.0000              564.6407            
6.0000              565.2535            
7.0000              563.0714            
8.0000              563.0029            
9.0000              563.0210            
10.0000             562.7855            
11.0000             561.5229            
12.0000             561.4549            
13.0000             561.0405            
14.0000             561.1017            
15.0000             560.8494            
16.0000             560.8998            
17.0000             560.0326            
18.0000             559.8870            
19.0000             559.8901            
20.0000             560.2834            
21.0000             559.9523            
22.0000             560.8873            
23.0000             560.4198            
24.0000             559.8874            
25.0000             559.8664            
26.0000             559.6271            
27.0000             559.6817            
28.0000             559.3693            
29.0000             559.4791            
30.0000             559.5037            
31.0000             559.5037            
#Execution time: 11s 11856ms 11856408us 
