#Grabcut execution time: 0s 345ms 345045us 
0.0000              719.6173            
1.0000              555.7276            
2.0000              552.4253            
3.0000              548.6456            
4.0000              547.2712            
5.0000              546.2741            
6.0000              544.9360            
7.0000              546.1695            
8.0000              544.6138            
9.0000              547.4301            
10.0000             547.5243            
11.0000             546.3473            
12.0000             548.0706            
13.0000             549.5131            
14.0000             547.4790            
15.0000             550.0513            
16.0000             549.2110            
17.0000             547.7439            
18.0000             549.6159            
19.0000             549.8466            
20.0000             547.4871            
21.0000             548.7520            
22.0000             547.2091            
23.0000             546.5667            
24.0000             547.3498            
25.0000             546.2133            
26.0000             548.0142            
27.0000             548.2019            
28.0000             545.7996            
29.0000             545.9284            
30.0000             548.0291            
31.0000             548.0291            
#Execution time: 23s 23455ms 23455893us 
