n,tangent,t2
0,5.35589,-0.927295
1,5.35589,-0.927295
2,5.35589,-0.927295
3,5.35589,-0.927295
4,5.35589,-0.927295
5,5.35589,-0.927295
6,5.63968,-0.643501
7,5.63968,-0.643501
8,5.63968,-0.643501
9,5.63968,-0.643501
10,5.63968,-0.643501
11,5.63968,-0.643501
12,5.63968,-0.643501
13,3.38657,-2.89661
14,3.38657,-2.89661
15,3.38657,-2.89661
16,3.38657,-2.89661
17,4.24874,-2.03444
18,4.24874,-2.03444
19,4.24874,-2.03444
20,4.24874,-2.03444
21,5.30039,-0.982794
22,5.30039,-0.982794
23,5.30039,-0.982794
24,5.30039,-0.982794
25,5.30039,-0.982794
26,5.30039,-0.982794
27,5.69518,-0.588003
28,6.03821,-0.244979
29,6.03821,-0.244979
30,6.03821,-0.244979
31,6.03821,-0.244979
32,5.74277,-0.54042
33,5.74277,-0.54042
34,5.74277,-0.54042
35,5.74277,-0.54042
36,5.74277,-0.54042
37,5.90268,-0.380506
38,6.08579,-0.197396
39,6.08579,-0.197396
40,6.08579,-0.197396
41,6.08579,-0.197396
42,6.08579,-0.197396
43,6.08579,-0.197396
44,6.08579,-0.197396
45,0.244979,0.244979
46,0.244979,0.244979
47,0.244979,0.244979
48,0.244979,0.244979
49,6.03821,-0.244979
50,6.03821,-0.244979
51,5.69518,-0.588003
52,5.69518,-0.588003
53,5.69518,-0.588003
54,6.14129,-0.141897
55,6.14129,-0.141897
56,6.14129,-0.141897
57,6.14129,-0.141897
58,6.14129,-0.141897
59,6.14129,-0.141897
60,6.14129,-0.141897
61,6.06452,-0.218669
62,6.06452,-0.218669
63,6.06452,-0.218669
64,6.06452,-0.218669
65,6.06452,-0.218669
66,5.69518,-0.588003
67,5.40713,-0.876058
68,5.40713,-0.876058
69,5.40713,-0.876058
70,5.40713,-0.876058
71,5.40713,-0.876058
72,5.40713,-0.876058
73,5.40713,-0.876058
74,5.40713,-0.876058
75,5.40713,-0.876058
76,5.40713,-0.876058
77,5.40713,-0.876058
78,5.40713,-0.876058
79,5.40713,-0.876058
80,5.40713,-0.876058
81,5.40713,-0.876058
82,5.74277,-0.54042
83,5.74277,-0.54042
84,5.74277,-0.54042
85,5.90268,-0.380506
86,6.11804,-0.165149
87,6.11804,-0.165149
88,6.11804,-0.165149
89,6.11804,-0.165149
90,6.11804,-0.165149
91,6.11804,-0.165149
92,6.11804,-0.165149
93,6.11804,-0.165149
94,6.11804,-0.165149
95,6.11804,-0.165149
96,6.11804,-0.165149
97,6.11804,-0.165149
98,6.11804,-0.165149
99,6.11804,-0.165149
100,6.11804,-0.165149
101,0.0665682,0.0665682
102,0.0665682,0.0665682
103,0.0665682,0.0665682
104,0.0665682,0.0665682
105,0.0665682,0.0665682
106,0.0665682,0.0665682
107,0.0665682,0.0665682
108,0.0665682,0.0665682
109,0.0665682,0.0665682
110,0.0665682,0.0665682
111,6.21662,-0.0665682
112,6.21662,-0.0665682
113,6.21662,-0.0665682
114,6.21662,-0.0665682
115,6.21662,-0.0665682
116,6.21662,-0.0665682
117,6.21662,-0.0665682
118,6.10333,-0.179853
119,6.10333,-0.179853
120,6.10333,-0.179853
121,6.07209,-0.211093
122,6.07209,-0.211093
123,6.07209,-0.211093
124,6.07209,-0.211093
125,6.07209,-0.211093
126,6.07209,-0.211093
127,6.07209,-0.211093
128,6.07209,-0.211093
129,6.07209,-0.211093
130,6.15883,-0.124355
131,6.15883,-0.124355
132,6.15883,-0.124355
133,6.15883,-0.124355
134,6.15883,-0.124355
135,6.15883,-0.124355
136,6.15883,-0.124355
137,6.15883,-0.124355
138,6.06452,-0.218669
139,6.06452,-0.218669
140,6.06452,-0.218669
141,6.01693,-0.266252
142,6.01693,-0.266252
143,6.01693,-0.266252
144,6.01693,-0.266252
145,6.01693,-0.266252
146,6.01693,-0.266252
147,6.01693,-0.266252
148,6.11804,-0.165149
149,6.11804,-0.165149
150,6.11804,-0.165149
151,6.11804,-0.165149
152,6.11804,-0.165149
153,6.11804,-0.165149
154,5.63968,-0.643501
155,5.63968,-0.643501
156,5.63968,-0.643501
157,5.63968,-0.643501
158,5.63968,-0.643501
159,5.74277,-0.54042
160,5.74277,-0.54042
161,5.90268,-0.380506
162,6.09784,-0.185348
163,6.09784,-0.185348
164,6.09784,-0.185348
165,6.09784,-0.185348
166,6.09784,-0.185348
167,6.09784,-0.185348
168,6.09784,-0.185348
169,6.09784,-0.185348
170,6.09784,-0.185348
171,6.09784,-0.185348
172,6.09784,-0.185348
173,6.09784,-0.185348
174,6.14129,-0.141897
175,6.14129,-0.141897
176,6.14129,-0.141897
177,6.14129,-0.141897
178,0.141897,0.141897
179,0.141897,0.141897
180,0.141897,0.141897
181,1.10715,1.10715
182,1.10715,1.10715
183,0.0867383,0.0867383
184,0.0867383,0.0867383
185,0.0867383,0.0867383
186,0.0867383,0.0867383
187,0.0867383,0.0867383
188,0.0867383,0.0867383
189,0.0867383,0.0867383
190,0.0867383,0.0867383
191,0.0867383,0.0867383
192,0.0867383,0.0867383
193,0.0867383,0.0867383
194,0.0867383,0.0867383
195,0.0434509,0.0434509
196,0.0434509,0.0434509
197,0.0434509,0.0434509
198,0.0434509,0.0434509
199,0.0434509,0.0434509
200,0.0434509,0.0434509
201,0.0434509,0.0434509
202,0.0434509,0.0434509
203,0.0434509,0.0434509
204,0.0434509,0.0434509
205,0.0434509,0.0434509
206,0.0434509,0.0434509
207,0.0434509,0.0434509
208,0.0434509,0.0434509
209,0.0434509,0.0434509
210,0.0434509,0.0434509
211,0.0434509,0.0434509
212,0.0434509,0.0434509
213,0.0434509,0.0434509
214,0.0434509,0.0434509
215,0.0434509,0.0434509
216,0.0434509,0.0434509
217,0.0434509,0.0434509
218,0.0688565,0.0688565
219,0.0688565,0.0688565
220,0.0688565,0.0688565
221,0.0688565,0.0688565
222,0.0688565,0.0688565
223,0.0688565,0.0688565
224,0.0688565,0.0688565
225,0.0688565,0.0688565
226,0.0688565,0.0688565
227,0.0688565,0.0688565
228,0.0688565,0.0688565
229,0.0688565,0.0688565
230,0.0688565,0.0688565
231,0.0688565,0.0688565
232,0.0688565,0.0688565
233,0.104877,0.104877
234,0.104877,0.104877
235,0.104877,0.104877
236,0.104877,0.104877
237,0.104877,0.104877
238,0.104877,0.104877
239,0.104877,0.104877
240,0.104877,0.104877
241,0.104877,0.104877
242,0.104877,0.104877
243,0.104877,0.104877
244,0.104877,0.104877
245,0.104877,0.104877
246,0.104877,0.104877
247,0.104877,0.104877
248,0.104877,0.104877
249,0.104877,0.104877
250,0.104877,0.104877
251,0.104877,0.104877
252,0.104877,0.104877
253,0.104877,0.104877
254,0.132552,0.132552
255,0.132552,0.132552
256,0.132552,0.132552
257,0.132552,0.132552
258,0.132552,0.132552
259,0.132552,0.132552
260,0.132552,0.132552
261,0.132552,0.132552
262,0.132552,0.132552
263,0.110657,0.110657
264,0.110657,0.110657
265,0.110657,0.110657
266,0.110657,0.110657
267,0.110657,0.110657
268,0.110657,0.110657
269,0.110657,0.110657
270,0.110657,0.110657
271,0.110657,0.110657
272,0.156602,0.156602
273,0.156602,0.156602
274,0.156602,0.156602
275,0.156602,0.156602
276,0.156602,0.156602
277,0.156602,0.156602
278,0.156602,0.156602
279,0.172191,0.172191
280,0.172191,0.172191
281,0.172191,0.172191
282,0.172191,0.172191
283,0.172191,0.172191
284,0.172191,0.172191
285,0.172191,0.172191
286,0.172191,0.172191
287,0.172191,0.172191
288,0.172191,0.172191
289,0.172191,0.172191
290,0.172191,0.172191
291,0.172191,0.172191
292,0.172191,0.172191
293,0.172191,0.172191
294,0.172191,0.172191
295,0.172191,0.172191
296,0.172191,0.172191
297,0.172191,0.172191
298,0.172191,0.172191
299,0.218669,0.218669
300,0.218669,0.218669
301,0.218669,0.218669
302,0.270947,0.270947
303,0.270947,0.270947
304,0.270947,0.270947
305,0.270947,0.270947
306,0.270947,0.270947
307,0.270947,0.270947
308,0.270947,0.270947
309,0.270947,0.270947
310,0.270947,0.270947
311,0.270947,0.270947
312,0.270947,0.270947
313,0.270947,0.270947
314,0.270947,0.270947
315,0.358771,0.358771
316,0.358771,0.358771
317,0.358771,0.358771
318,0.358771,0.358771
319,0.358771,0.358771
320,0.358771,0.358771
321,0.358771,0.358771
322,0.358771,0.358771
323,0.358771,0.358771
324,0.588003,0.588003
325,0.588003,0.588003
326,0.588003,0.588003
327,0.321751,0.321751
328,0.321751,0.321751
329,0.321751,0.321751
330,0.620249,0.620249
331,0.620249,0.620249
332,0.620249,0.620249
333,0.620249,0.620249
334,0.620249,0.620249
335,0.71883,0.71883
336,0.71883,0.71883
337,0.71883,0.71883
338,0.71883,0.71883
339,0.71883,0.71883
340,0.71883,0.71883
341,0.851966,0.851966
342,0.851966,0.851966
343,0.851966,0.851966
344,0.851966,0.851966
345,0.851966,0.851966
346,0.851966,0.851966
347,1.03038,1.03038
348,1.03038,1.03038
349,1.19029,1.19029
350,1.40565,1.40565
351,1.40565,1.40565
352,1.40565,1.40565
353,1.73595,1.73595
354,1.73595,1.73595
355,1.73595,1.73595
356,1.9513,1.9513
357,1.9513,1.9513
358,2.11122,2.11122
359,2.27942,2.27942
360,2.27942,2.27942
361,2.27942,2.27942
362,2.27942,2.27942
363,2.27942,2.27942
364,2.43297,2.43297
365,2.43297,2.43297
366,2.43297,2.43297
367,2.43297,2.43297
368,2.43297,2.43297
369,2.62245,2.62245
370,2.62245,2.62245
371,2.62245,2.62245
372,2.7367,2.7367
373,2.7367,2.7367
374,2.7367,2.7367
375,2.78282,2.78282
376,2.78282,2.78282
377,2.86329,2.86329
378,2.86329,2.86329
379,2.96174,2.96174
380,2.96174,2.96174
381,2.96174,2.96174
382,2.96174,2.96174
383,2.96174,2.96174
384,2.96174,2.96174
385,3.02448,3.02448
386,3.02448,3.02448
387,3.02448,3.02448
388,3.02448,3.02448
389,3.02448,3.02448
390,3.02448,3.02448
391,3.02448,3.02448
392,3.02448,3.02448
393,3.02448,3.02448
394,3.10712,3.10712
395,3.10712,3.10712
396,3.10712,3.10712
397,3.10712,3.10712
398,3.10712,3.10712
399,3.10712,3.10712
400,3.10712,3.10712
401,3.10712,3.10712
402,3.10712,3.10712
403,3.10712,3.10712
404,3.10712,3.10712
405,3.10712,3.10712
406,3.10712,3.10712
407,3.10712,3.10712
408,3.10712,3.10712
409,3.10712,3.10712
410,3.10712,3.10712
411,3.10712,3.10712
412,3.10712,3.10712
413,3.10712,3.10712
414,3.10712,3.10712
415,3.10712,3.10712
416,3.10712,3.10712
417,3.10712,3.10712
418,3.10712,3.10712
419,3.10712,3.10712
420,3.10712,3.10712
421,3.10712,3.10712
422,3.10712,3.10712
423,2.55359,2.55359
424,2.55359,2.55359
425,2.55359,2.55359
426,2.9442,2.9442
427,2.9442,2.9442
428,2.9442,2.9442
429,3.30674,-2.97644
430,3.30674,-2.97644
431,3.30674,-2.97644
432,3.30674,-2.97644
433,3.30674,-2.97644
434,3.30674,-2.97644
435,2.97644,2.97644
436,2.97644,2.97644
437,2.97644,2.97644
438,2.97644,2.97644
439,2.97644,2.97644
440,3.18412,-3.09907
441,3.18412,-3.09907
442,3.18412,-3.09907
443,3.18412,-3.09907
444,3.18412,-3.09907
445,3.18412,-3.09907
446,3.18412,-3.09907
447,3.18412,-3.09907
448,3.18412,-3.09907
449,3.18412,-3.09907
450,3.18412,-3.09907
451,3.18412,-3.09907
452,3.18412,-3.09907
453,3.18412,-3.09907
454,3.18412,-3.09907
455,3.18412,-3.09907
456,3.18412,-3.09907
457,3.18412,-3.09907
458,3.18412,-3.09907
459,3.18412,-3.09907
460,3.18412,-3.09907
461,3.18412,-3.09907
462,3.18412,-3.09907
463,3.18412,-3.09907
464,3.18412,-3.09907
465,3.18412,-3.09907
466,3.16406,-3.11912
467,3.16406,-3.11912
468,3.16406,-3.11912
469,3.16406,-3.11912
470,3.16406,-3.11912
471,3.16406,-3.11912
472,3.16406,-3.11912
473,3.16406,-3.11912
474,3.16406,-3.11912
475,3.16406,-3.11912
476,3.16406,-3.11912
477,3.16406,-3.11912
478,3.16406,-3.11912
479,3.16406,-3.11912
480,3.16406,-3.11912
481,3.16406,-3.11912
482,3.16406,-3.11912
483,3.16406,-3.11912
484,3.16406,-3.11912
485,3.16406,-3.11912
486,3.16406,-3.11912
487,3.16406,-3.11912
488,3.16406,-3.11912
489,3.16406,-3.11912
490,3.16406,-3.11912
491,3.16406,-3.11912
492,3.16406,-3.11912
493,3.16406,-3.11912
494,3.16406,-3.11912
495,3.16406,-3.11912
496,3.16406,-3.11912
497,3.16406,-3.11912
498,3.16406,-3.11912
499,3.16406,-3.11912
500,3.16406,-3.11912
501,3.16406,-3.11912
502,3.16406,-3.11912
503,3.16406,-3.11912
504,3.16406,-3.11912
505,3.16406,-3.11912
506,3.16406,-3.11912
507,3.16406,-3.11912
508,3.16406,-3.11912
509,3.16406,-3.11912
510,3.16406,-3.11912
511,3.15772,-3.12547
512,3.15772,-3.12547
513,3.15772,-3.12547
514,3.15772,-3.12547
515,3.15772,-3.12547
516,3.15772,-3.12547
517,3.15772,-3.12547
518,3.15772,-3.12547
519,3.15772,-3.12547
520,3.15772,-3.12547
521,3.15772,-3.12547
522,3.15772,-3.12547
523,3.15772,-3.12547
524,3.15772,-3.12547
525,3.15772,-3.12547
526,3.15772,-3.12547
527,3.15772,-3.12547
528,3.15772,-3.12547
529,3.15772,-3.12547
530,3.15772,-3.12547
531,3.15772,-3.12547
532,3.15772,-3.12547
533,3.15772,-3.12547
534,3.15772,-3.12547
535,3.15772,-3.12547
536,3.15772,-3.12547
537,3.15772,-3.12547
538,3.15772,-3.12547
539,3.15772,-3.12547
540,3.15772,-3.12547
541,3.15772,-3.12547
542,3.12547,3.12547
543,3.12547,3.12547
544,3.12547,3.12547
545,3.12547,3.12547
546,3.12547,3.12547
547,3.12547,3.12547
548,3.12547,3.12547
549,3.12547,3.12547
550,3.12547,3.12547
551,3.12547,3.12547
552,3.12547,3.12547
553,3.12547,3.12547
554,3.12547,3.12547
555,3.12547,3.12547
556,3.12547,3.12547
557,3.12547,3.12547
558,3.12547,3.12547
559,3.12547,3.12547
560,3.12547,3.12547
561,3.12547,3.12547
562,3.12547,3.12547
563,3.12547,3.12547
564,3.12547,3.12547
565,3.12547,3.12547
566,3.12547,3.12547
567,3.12547,3.12547
568,3.12547,3.12547
569,3.12547,3.12547
570,3.12547,3.12547
571,3.12547,3.12547
572,3.12547,3.12547
573,2.49809,2.49809
574,2.49809,2.49809
575,2.49809,2.49809
576,2.49809,2.49809
577,2.49809,2.49809
578,2.49809,2.49809
579,3.60524,-2.67795
580,3.60524,-2.67795
581,5.17604,-1.10715
582,5.17604,-1.10715
583,4.24874,-2.03444
584,3.20816,-3.07502
585,3.20816,-3.07502
586,3.20816,-3.07502
587,3.20816,-3.07502
588,3.20816,-3.07502
589,3.20816,-3.07502
590,3.20816,-3.07502
591,3.20816,-3.07502
592,3.07502,3.07502
593,3.07502,3.07502
594,3.07502,3.07502
595,3.07502,3.07502
596,3.07502,3.07502
597,3.07502,3.07502
598,3.07502,3.07502
599,3.07502,3.07502
600,3.07502,3.07502
601,3.7296,-2.55359
602,3.7296,-2.55359
603,3.7296,-2.55359
604,3.16861,-3.11457
605,3.16861,-3.11457
606,3.16861,-3.11457
607,3.16861,-3.11457
608,3.16861,-3.11457
609,3.16861,-3.11457
610,3.16861,-3.11457
611,3.16861,-3.11457
612,3.16861,-3.11457
613,3.16861,-3.11457
614,3.16861,-3.11457
615,3.16861,-3.11457
616,3.16861,-3.11457
617,3.16861,-3.11457
618,3.16861,-3.11457
619,3.16861,-3.11457
620,3.16861,-3.11457
621,3.16861,-3.11457
622,3.16861,-3.11457
623,3.11457,3.11457
624,3.11457,3.11457
625,3.11457,3.11457
626,3.11457,3.11457
627,3.11457,3.11457
628,3.11457,3.11457
629,3.11457,3.11457
630,3.11457,3.11457
631,3.11457,3.11457
632,3.11457,3.11457
633,3.11457,3.11457
634,3.11457,3.11457
635,3.11457,3.11457
636,3.11457,3.11457
637,3.11457,3.11457
638,3.11457,3.11457
639,3.11457,3.11457
640,3.11457,3.11457
641,3.11457,3.11457
642,3.11457,3.11457
643,3.33899,-2.9442
644,3.33899,-2.9442
645,3.33899,-2.9442
646,3.33899,-2.9442
647,3.33899,-2.9442
648,3.33899,-2.9442
649,3.33899,-2.9442
650,3.7296,-2.55359
651,4.12439,-2.1588
652,4.12439,-2.1588
653,4.12439,-2.1588
