#Grabcut execution time: 0s 348ms 348114us 
0.0000              237.6167            
1.0000              187.0606            
2.0000              184.9983            
3.0000              183.1104            
4.0000              184.8490            
5.0000              185.7189            
6.0000              185.2602            
7.0000              185.1365            
8.0000              186.1339            
9.0000              184.0627            
10.0000             184.9469            
11.0000             183.6602            
12.0000             184.0896            
13.0000             184.6076            
14.0000             183.3617            
15.0000             184.2639            
16.0000             184.7393            
17.0000             184.3526            
18.0000             186.1603            
19.0000             183.9662            
20.0000             185.8973            
21.0000             185.6570            
22.0000             185.7293            
23.0000             186.3555            
24.0000             185.4084            
25.0000             185.3590            
26.0000             185.9820            
27.0000             185.2834            
28.0000             185.1991            
29.0000             185.2299            
30.0000             185.0717            
31.0000             185.0717            
#Execution time: 58s 58572ms 58572362us 
