#Grabcut execution time: 0s 337ms 337975us 
0.0000              237.6167            
1.0000              187.0606            
2.0000              184.9983            
3.0000              183.1104            
4.0000              185.6560            
5.0000              182.4941            
6.0000              184.1872            
7.0000              186.3654            
8.0000              185.1444            
9.0000              185.8087            
10.0000             185.8649            
11.0000             186.1884            
12.0000             186.5898            
13.0000             186.6225            
14.0000             185.9151            
15.0000             185.4617            
16.0000             185.4248            
17.0000             185.4798            
18.0000             186.0199            
19.0000             186.2616            
20.0000             185.7067            
21.0000             185.5475            
22.0000             185.9267            
23.0000             186.1839            
24.0000             186.4046            
25.0000             185.8701            
26.0000             185.6179            
27.0000             185.5689            
28.0000             185.1674            
29.0000             185.3449            
30.0000             185.3534            
31.0000             185.3534            
#Execution time: 33s 33784ms 33784420us 
