n,tangent,t2
0,5.35589,-0.927295
1,5.35589,-0.927295
2,5.35589,-0.927295
3,5.35589,-0.927295
4,5.35589,-0.927295
5,5.63968,-0.643501
6,5.63968,-0.643501
7,6.08579,-0.197396
8,6.08579,-0.197396
9,6.08579,-0.197396
10,0.197396,0.197396
11,0.197396,0.197396
12,0.380506,0.380506
13,0.380506,0.380506
14,0.54042,0.54042
15,0.54042,0.54042
16,0.54042,0.54042
17,0.54042,0.54042
18,0.244979,0.244979
19,0.244979,0.244979
20,0.244979,0.244979
21,0.244979,0.244979
22,0.588003,0.588003
23,0.588003,0.588003
24,0.588003,0.588003
25,0.244979,0.244979
26,0.244979,0.244979
27,6.03821,-0.244979
28,6.03821,-0.244979
29,5.17604,-1.10715
30,4.12439,-2.1588
31,4.12439,-2.1588
32,3.89252,-2.39066
33,3.89252,-2.39066
34,3.89252,-2.39066
35,3.89252,-2.39066
36,3.89252,-2.39066
37,3.89252,-2.39066
38,3.89252,-2.39066
39,3.89252,-2.39066
40,3.89252,-2.39066
41,3.89252,-2.39066
42,3.89252,-2.39066
43,3.89252,-2.39066
44,3.89252,-2.39066
45,3.89252,-2.39066
46,3.89252,-2.39066
47,3.89252,-2.39066
48,3.96146,-2.32173
49,3.96146,-2.32173
50,3.96146,-2.32173
51,3.96146,-2.32173
52,3.96146,-2.32173
53,3.96146,-2.32173
54,3.96146,-2.32173
55,3.96146,-2.32173
56,3.96146,-2.32173
57,3.96146,-2.32173
58,3.96146,-2.32173
59,3.96146,-2.32173
60,3.96146,-2.32173
61,4.54724,-1.73595
62,4.54724,-1.73595
63,4.54724,-1.73595
64,4.87754,-1.40565
65,4.87754,-1.40565
66,4.87754,-1.40565
67,5.30039,-0.982794
68,5.69518,-0.588003
69,5.69518,-0.588003
70,5.69518,-0.588003
71,4.95737,-1.32582
72,4.95737,-1.32582
73,4.46741,-1.81577
74,4.46741,-1.81577
75,4.33188,-1.9513
76,4.33188,-1.9513
77,4.17197,-2.11122
78,4.03765,-2.24554
79,4.03765,-2.24554
80,4.03765,-2.24554
81,4.03765,-2.24554
82,4.03765,-2.24554
83,4.03765,-2.24554
84,4.03765,-2.24554
85,4.17197,-2.11122
86,4.17197,-2.11122
87,4.33188,-1.9513
88,4.65363,-1.62955
89,4.65363,-1.62955
90,4.65363,-1.62955
91,4.65363,-1.62955
92,4.65363,-1.62955
93,4.65363,-1.62955
94,4.65363,-1.62955
95,4.65363,-1.62955
96,4.65363,-1.62955
97,4.77114,-1.51204
98,4.77114,-1.51204
99,4.77114,-1.51204
100,4.77114,-1.51204
101,4.77114,-1.51204
102,4.77114,-1.51204
103,4.77114,-1.51204
104,4.77114,-1.51204
105,5.63968,-0.643501
106,5.63968,-0.643501
107,5.63968,-0.643501
108,5.63968,-0.643501
109,5.63968,-0.643501
110,5.63968,-0.643501
111,5.63968,-0.643501
112,5.75511,-0.528074
113,5.75511,-0.528074
114,5.75511,-0.528074
115,5.75511,-0.528074
116,5.75511,-0.528074
117,5.75511,-0.528074
118,5.75511,-0.528074
119,5.75511,-0.528074
120,5.75511,-0.528074
121,5.75511,-0.528074
122,5.75511,-0.528074
123,5.87829,-0.404892
124,5.87829,-0.404892
125,5.87829,-0.404892
126,6.03821,-0.244979
127,6.03821,-0.244979
128,0.0713075,0.0713075
129,0.0713075,0.0713075
130,0.0713075,0.0713075
131,0.0713075,0.0713075
132,0.0713075,0.0713075
133,0.0713075,0.0713075
134,0.0713075,0.0713075
135,0.0713075,0.0713075
136,0.0713075,0.0713075
137,0.0713075,0.0713075
138,6.21188,-0.0713075
139,6.21188,-0.0713075
140,6.21188,-0.0713075
141,6.21188,-0.0713075
142,6.21188,-0.0713075
143,6.21188,-0.0713075
144,6.21188,-0.0713075
145,5.90268,-0.380506
146,5.90268,-0.380506
147,5.90268,-0.380506
148,5.90268,-0.380506
149,6.15883,-0.124355
150,6.15883,-0.124355
151,6.15883,-0.124355
152,6.15883,-0.124355
153,0.0713075,0.0713075
154,0.0713075,0.0713075
155,0.0713075,0.0713075
156,0.0713075,0.0713075
157,0.0713075,0.0713075
158,0.0713075,0.0713075
159,0.0713075,0.0713075
160,0.0713075,0.0713075
161,0.0713075,0.0713075
162,0.0713075,0.0713075
163,0.0713075,0.0713075
164,0.0713075,0.0713075
165,0.0713075,0.0713075
166,0.0713075,0.0713075
167,0.0713075,0.0713075
168,0.0713075,0.0713075
169,0.0713075,0.0713075
170,0.0713075,0.0713075
171,0.0713075,0.0713075
172,0.132552,0.132552
173,0.132552,0.132552
174,0.132552,0.132552
175,0.132552,0.132552
176,0.132552,0.132552
177,0.132552,0.132552
178,0.132552,0.132552
179,0.132552,0.132552
180,0.2783,0.2783
181,0.2783,0.2783
182,0.2783,0.2783
183,0.2783,0.2783
184,0.694738,0.694738
185,0.694738,0.694738
186,0.694738,0.694738
187,0.694738,0.694738
188,0.876058,0.876058
189,0.876058,0.876058
190,0.876058,0.876058
191,0.876058,0.876058
192,1.03038,1.03038
193,1.03038,1.03038
194,1.19029,1.19029
195,1.44644,1.44644
196,1.44644,1.44644
197,1.44644,1.44644
198,1.44644,1.44644
199,1.69515,1.69515
200,1.69515,1.69515
201,1.69515,1.69515
202,1.69515,1.69515
203,2.19105,2.19105
204,2.19105,2.19105
205,2.19105,2.19105
206,2.19105,2.19105
207,2.19105,2.19105
208,2.29744,2.29744
209,2.29744,2.29744
210,2.29744,2.29744
211,2.29744,2.29744
212,2.29744,2.29744
213,2.29744,2.29744
214,2.29744,2.29744
215,2.41495,2.41495
216,2.41495,2.41495
217,2.41495,2.41495
218,2.41495,2.41495
219,2.41495,2.41495
220,2.41495,2.41495
221,2.41495,2.41495
222,2.64225,2.64225
223,2.64225,2.64225
224,2.64225,2.64225
225,2.64225,2.64225
226,2.64225,2.64225
227,2.64225,2.64225
228,2.71497,2.71497
229,2.71497,2.71497
230,2.71497,2.71497
231,2.71497,2.71497
232,2.71497,2.71497
233,2.71497,2.71497
234,2.7468,2.7468
235,2.7468,2.7468
236,2.7468,2.7468
237,2.7468,2.7468
238,2.7468,2.7468
239,2.7468,2.7468
240,2.7468,2.7468
241,2.92292,2.92292
242,2.92292,2.92292
243,2.92292,2.92292
244,2.92292,2.92292
245,2.92292,2.92292
246,2.92292,2.92292
247,2.92292,2.92292
248,2.92292,2.92292
249,2.92292,2.92292
250,2.92292,2.92292
251,2.92292,2.92292
252,3.07029,3.07029
253,3.07029,3.07029
254,3.07029,3.07029
255,3.07029,3.07029
256,3.07029,3.07029
257,3.07029,3.07029
258,3.07029,3.07029
259,3.07029,3.07029
260,3.07029,3.07029
261,3.07029,3.07029
262,3.07029,3.07029
263,3.07029,3.07029
264,3.07029,3.07029
265,3.07029,3.07029
266,3.07029,3.07029
267,3.07029,3.07029
268,3.07029,3.07029
269,3.07029,3.07029
270,3.33899,-2.9442
271,3.33899,-2.9442
272,3.33899,-2.9442
273,3.33899,-2.9442
274,2.55359,2.55359
275,2.55359,2.55359
276,2.55359,2.55359
277,2.81984,2.81984
278,2.81984,2.81984
279,2.81984,2.81984
280,2.03444,2.03444
281,1.10715,1.10715
282,1.10715,1.10715
283,1.10715,1.10715
284,2.03444,2.03444
285,2.03444,2.03444
286,1.40565,1.40565
287,1.40565,1.40565
288,1.40565,1.40565
289,1.40565,1.40565
290,1.40565,1.40565
291,1.40565,1.40565
292,1.40565,1.40565
293,1.40565,1.40565
294,0.982794,0.982794
295,0.982794,0.982794
296,0.982794,0.982794
297,1.24905,1.24905
298,1.24905,1.24905
299,1.24905,1.24905
300,0.876058,0.876058
301,0.876058,0.876058
302,0.876058,0.876058
303,0.876058,0.876058
304,0.876058,0.876058
305,0.876058,0.876058
306,0.876058,0.876058
307,0.876058,0.876058
308,0.876058,0.876058
309,5.81954,-0.463648
310,5.81954,-0.463648
311,0.54042,0.54042
312,0.54042,0.54042
313,0.54042,0.54042
314,0.54042,0.54042
315,0.754158,0.754158
316,0.754158,0.754158
317,0.754158,0.754158
318,0.754158,0.754158
319,0.754158,0.754158
320,0.754158,0.754158
321,0.754158,0.754158
322,0.754158,0.754158
323,0.754158,0.754158
324,0.754158,0.754158
325,0.754158,0.754158
326,0.754158,0.754158
327,0.754158,0.754158
328,0.754158,0.754158
329,0.754158,0.754158
330,0.754158,0.754158
331,0.754158,0.754158
332,0.754158,0.754158
333,0.754158,0.754158
334,0.754158,0.754158
335,0.754158,0.754158
336,0.754158,0.754158
337,0.754158,0.754158
338,0.754158,0.754158
339,0.754158,0.754158
340,0.754158,0.754158
341,0.754158,0.754158
342,0.754158,0.754158
343,0.754158,0.754158
344,0.754158,0.754158
345,0.754158,0.754158
346,0.756835,0.756835
347,0.756835,0.756835
348,0.756835,0.756835
349,0.756835,0.756835
350,0.756835,0.756835
351,0.756835,0.756835
352,0.756835,0.756835
353,0.756835,0.756835
354,0.756835,0.756835
355,0.756835,0.756835
356,0.756835,0.756835
357,0.756835,0.756835
358,0.756835,0.756835
359,0.756835,0.756835
360,0.756835,0.756835
361,0.756835,0.756835
362,0.756835,0.756835
363,0.756835,0.756835
364,0.756835,0.756835
365,0.756835,0.756835
366,0.756835,0.756835
367,0.756835,0.756835
368,0.756835,0.756835
369,0.756835,0.756835
370,0.756835,0.756835
371,0.756835,0.756835
372,0.756835,0.756835
373,0.756835,0.756835
374,0.756835,0.756835
375,0.756835,0.756835
376,0.756835,0.756835
377,0.756835,0.756835
378,0.756835,0.756835
379,0.756835,0.756835
380,0.756835,0.756835
381,0.756835,0.756835
382,0.756835,0.756835
383,0.756835,0.756835
384,0.756835,0.756835
385,0.756835,0.756835
386,0.756835,0.756835
387,0.756835,0.756835
388,0.756835,0.756835
389,0.756835,0.756835
390,0.756835,0.756835
391,0.756835,0.756835
392,0.756835,0.756835
393,0.756835,0.756835
394,0.756835,0.756835
395,0.817645,0.817645
396,0.817645,0.817645
397,0.817645,0.817645
398,0.817645,0.817645
399,0.817645,0.817645
400,0.817645,0.817645
401,0.817645,0.817645
402,0.817645,0.817645
403,0.817645,0.817645
404,0.817645,0.817645
405,0.817645,0.817645
406,0.817645,0.817645
407,0.817645,0.817645
408,0.817645,0.817645
409,1.03038,1.03038
410,1.03038,1.03038
411,1.19029,1.19029
412,1.19029,1.19029
413,1.19029,1.19029
414,1.19029,1.19029
415,0.982794,0.982794
416,0.982794,0.982794
417,0.982794,0.982794
418,1.4289,1.4289
419,1.4289,1.4289
420,1.4289,1.4289
421,1.4289,1.4289
422,1.71269,1.71269
423,1.71269,1.71269
424,1.71269,1.71269
425,1.8491,1.8491
426,1.8491,1.8491
427,1.8491,1.8491
428,1.8491,1.8491
429,1.8491,1.8491
430,1.8491,1.8491
431,1.03038,1.03038
432,1.03038,1.03038
433,1.03038,1.03038
434,1.03038,1.03038
435,1.03038,1.03038
436,1.03038,1.03038
437,1.19029,1.19029
438,1.19029,1.19029
439,1.19029,1.19029
440,1.19029,1.19029
441,0.982794,0.982794
442,0.982794,0.982794
443,0.982794,0.982794
444,1.44644,1.44644
445,1.44644,1.44644
446,1.44644,1.44644
447,1.44644,1.44644
448,1.70335,1.70335
449,1.70335,1.70335
450,1.70335,1.70335
451,1.70335,1.70335
452,1.70335,1.70335
453,1.70335,1.70335
454,1.70335,1.70335
455,1.70335,1.70335
456,1.70335,1.70335
457,1.70335,1.70335
458,1.70335,1.70335
459,1.70335,1.70335
460,2.24554,2.24554
461,2.24554,2.24554
462,2.24554,2.24554
463,2.46685,2.46685
464,2.46685,2.46685
465,2.46685,2.46685
466,2.63449,2.63449
467,2.63449,2.63449
468,2.63449,2.63449
469,2.63449,2.63449
470,2.63449,2.63449
471,2.72337,2.72337
472,2.72337,2.72337
473,2.72337,2.72337
474,2.72337,2.72337
475,2.78282,2.78282
476,2.78282,2.78282
477,2.86329,2.86329
478,2.86329,2.86329
479,2.86329,2.86329
480,2.86329,2.86329
481,2.86329,2.86329
482,2.86329,2.86329
483,2.86329,2.86329
484,2.86329,2.86329
485,2.86329,2.86329
486,2.86329,2.86329
487,2.86329,2.86329
488,2.96174,2.96174
489,2.96174,2.96174
490,2.96174,2.96174
491,2.96174,2.96174
492,2.96174,2.96174
493,2.96174,2.96174
494,2.96174,2.96174
495,2.96174,2.96174
496,2.96174,2.96174
497,2.96174,2.96174
498,2.96174,2.96174
499,2.96174,2.96174
500,2.96174,2.96174
501,3.03672,3.03672
502,3.03672,3.03672
503,3.03672,3.03672
504,3.03672,3.03672
505,3.03672,3.03672
506,3.03672,3.03672
507,3.03672,3.03672
508,3.03672,3.03672
509,3.03672,3.03672
510,3.03672,3.03672
511,3.08284,3.08284
512,3.08284,3.08284
513,3.08284,3.08284
514,3.08284,3.08284
515,3.08284,3.08284
516,3.08284,3.08284
517,3.08284,3.08284
518,3.08284,3.08284
519,3.08284,3.08284
520,3.20035,-3.08284
521,3.20035,-3.08284
522,3.20035,-3.08284
523,3.20035,-3.08284
524,3.20035,-3.08284
525,3.20035,-3.08284
526,3.20035,-3.08284
527,3.20035,-3.08284
528,3.32145,-2.96174
529,3.32145,-2.96174
530,3.32145,-2.96174
531,3.35269,-2.9305
532,3.35269,-2.9305
533,3.35269,-2.9305
534,3.35269,-2.9305
535,3.35269,-2.9305
536,3.35269,-2.9305
537,3.35269,-2.9305
538,3.35269,-2.9305
539,3.54648,-2.7367
540,3.54648,-2.7367
541,3.54648,-2.7367
542,3.66074,-2.62245
543,3.66074,-2.62245
544,3.66074,-2.62245
545,3.66074,-2.62245
546,4.12439,-2.1588
547,4.43409,-1.8491
548,4.43409,-1.8491
549,4.43409,-1.8491
550,4.43409,-1.8491
551,4.62173,-1.66146
552,4.62173,-1.66146
553,4.62173,-1.66146
554,4.62173,-1.66146
555,4.62173,-1.66146
556,4.62173,-1.66146
557,4.62173,-1.66146
558,4.62173,-1.66146
559,4.62173,-1.66146
560,4.62173,-1.66146
561,4.62173,-1.66146
562,4.62173,-1.66146
563,4.62173,-1.66146
564,4.62173,-1.66146
565,4.95737,-1.32582
566,4.95737,-1.32582
567,5.0929,-1.19029
568,5.0929,-1.19029
569,5.25281,-1.03038
570,5.38713,-0.896055
571,5.38713,-0.896055
572,5.38713,-0.896055
573,5.60844,-0.674741
574,5.60844,-0.674741
575,5.60844,-0.674741
576,5.60844,-0.674741
577,5.60844,-0.674741
578,5.60844,-0.674741
579,5.60844,-0.674741
580,0.463648,0.463648
581,0.463648,0.463648
582,6.08579,-0.197396
583,6.08579,-0.197396
584,6.08579,-0.197396
585,6.08579,-0.197396
586,6.08579,-0.197396
587,0.197396,0.197396
588,0.197396,0.197396
589,0.197396,0.197396
590,0.197396,0.197396
591,5.90268,-0.380506
592,5.90268,-0.380506
593,5.90268,-0.380506
594,5.90268,-0.380506
595,5.90268,-0.380506
596,5.90268,-0.380506
597,5.90268,-0.380506
598,5.90268,-0.380506
599,3.7296,-2.55359
600,3.7296,-2.55359
601,3.46334,-2.81984
602,3.46334,-2.81984
603,3.46334,-2.81984
604,3.46334,-2.81984
605,5.87829,-0.404892
606,5.87829,-0.404892
607,5.87829,-0.404892
608,5.87829,-0.404892
609,5.87829,-0.404892
610,5.87829,-0.404892
611,6.10333,-0.179853
612,6.10333,-0.179853
613,6.10333,-0.179853
614,6.10333,-0.179853
615,6.10333,-0.179853
616,6.10333,-0.179853
617,6.10333,-0.179853
618,6.10333,-0.179853
619,6.10333,-0.179853
620,6.10333,-0.179853
621,6.10333,-0.179853
622,6.10333,-0.179853
623,6.10333,-0.179853
624,6.16608,-0.117109
625,6.16608,-0.117109
626,6.16608,-0.117109
627,6.16608,-0.117109
628,6.16608,-0.117109
629,6.16608,-0.117109
630,6.16608,-0.117109
631,6.16608,-0.117109
632,6.16608,-0.117109
633,6.20641,-0.0767719
634,6.20641,-0.0767719
635,6.20641,-0.0767719
636,6.20641,-0.0767719
637,6.20641,-0.0767719
638,6.20641,-0.0767719
639,6.20641,-0.0767719
640,6.20641,-0.0767719
641,6.20641,-0.0767719
642,6.20641,-0.0767719
643,6.20641,-0.0767719
644,6.20641,-0.0767719
645,6.20641,-0.0767719
646,5.0929,-1.19029
647,5.0929,-1.19029
648,5.0929,-1.19029
649,4.95737,-1.32582
650,4.95737,-1.32582
651,4.46741,-1.81577
652,4.46741,-1.81577
653,4.03765,-2.24554
654,4.03765,-2.24554
655,4.03765,-2.24554
656,4.03765,-2.24554
657,4.03765,-2.24554
658,4.03765,-2.24554
659,4.03765,-2.24554
660,4.62925,-1.65394
661,4.62925,-1.65394
662,4.62925,-1.65394
663,4.62925,-1.65394
664,4.62925,-1.65394
665,4.62925,-1.65394
666,4.62925,-1.65394
667,4.62925,-1.65394
668,4.62925,-1.65394
669,4.62925,-1.65394
670,4.62925,-1.65394
671,4.62925,-1.65394
672,4.00376,-2.27942
673,4.00376,-2.27942
674,4.00376,-2.27942
675,4.00376,-2.27942
676,4.00376,-2.27942
677,3.85022,-2.43297
678,3.85022,-2.43297
679,3.85022,-2.43297
680,3.85022,-2.43297
681,3.85022,-2.43297
682,3.85022,-2.43297
683,3.85022,-2.43297
684,3.97457,-2.30861
685,3.97457,-2.30861
686,3.97457,-2.30861
687,3.97457,-2.30861
688,3.97457,-2.30861
689,3.97457,-2.30861
690,3.97457,-2.30861
691,3.97457,-2.30861
692,3.97457,-2.30861
693,3.97457,-2.30861
694,3.97457,-2.30861
695,3.87941,-2.40378
696,3.87941,-2.40378
697,3.87941,-2.40378
698,3.87941,-2.40378
699,3.87941,-2.40378
700,3.87941,-2.40378
701,3.87941,-2.40378
702,3.87941,-2.40378
703,3.87941,-2.40378
704,3.76184,-2.52134
705,3.76184,-2.52134
706,3.76184,-2.52134
707,3.76184,-2.52134
708,3.76184,-2.52134
709,3.76184,-2.52134
710,2.55359,2.55359
711,2.55359,2.55359
712,2.55359,2.55359
713,2.55359,2.55359
714,2.55359,2.55359
715,3.78509,-2.49809
716,3.78509,-2.49809
717,3.78509,-2.49809
718,3.78509,-2.49809
719,3.78509,-2.49809
720,3.78509,-2.49809
721,3.20401,-3.07917
722,3.20401,-3.07917
723,3.20401,-3.07917
724,3.20401,-3.07917
725,3.20401,-3.07917
726,3.20401,-3.07917
727,3.20401,-3.07917
728,3.20401,-3.07917
729,3.20401,-3.07917
730,3.20401,-3.07917
731,3.20401,-3.07917
732,3.20401,-3.07917
733,3.20401,-3.07917
734,3.20401,-3.07917
735,3.20401,-3.07917
736,3.20401,-3.07917
737,3.32145,-2.96174
738,3.32145,-2.96174
739,3.32145,-2.96174
740,3.32145,-2.96174
741,3.32145,-2.96174
742,3.32145,-2.96174
743,3.5221,-2.76109
744,3.5221,-2.76109
745,3.5221,-2.76109
746,3.5221,-2.76109
747,3.5221,-2.76109
748,3.5221,-2.76109
749,3.5221,-2.76109
750,3.5221,-2.76109
751,3.5221,-2.76109
752,3.68201,-2.60117
753,3.81633,-2.46685
754,3.81633,-2.46685
755,3.81633,-2.46685
756,4.03765,-2.24554
757,4.03765,-2.24554
758,4.03765,-2.24554
759,4.17197,-2.11122
760,4.17197,-2.11122
761,4.33188,-1.9513
762,4.51499,-1.76819
763,4.51499,-1.76819
764,4.51499,-1.76819
765,4.90978,-1.3734
766,4.90978,-1.3734
767,4.90978,-1.3734
768,4.90978,-1.3734
769,4.24874,-2.03444
770,4.24874,-2.03444
771,4.24874,-2.03444
