#Grabcut execution time: 0s 341ms 341348us 
0.0000              22.9672             
1.0000              2.0174              
2.0000              1.3273              
3.0000              1.1419              
4.0000              1.0233              
5.0000              0.9085              
6.0000              0.8081              
7.0000              0.7240              
8.0000              0.6495              
9.0000              0.5987              
10.0000             0.5558              
11.0000             0.5200              
12.0000             0.5032              
13.0000             0.4743              
14.0000             0.4556              
15.0000             0.4453              
16.0000             0.4343              
17.0000             0.4227              
18.0000             0.4137              
19.0000             0.4084              
20.0000             0.4027              
21.0000             0.3931              
22.0000             0.3871              
23.0000             0.3791              
24.0000             0.3758              
25.0000             0.3750              
26.0000             0.3676              
27.0000             0.3610              
28.0000             0.3597              
29.0000             0.3596              
30.0000             0.3536              
31.0000             0.3536              
#Execution time: 26s 26591ms 26591151us 
