#Grabcut execution time: 0s 347ms 347043us 
0.0000              616.8340            
1.0000              546.6780            
2.0000              547.0587            
3.0000              549.0847            
4.0000              547.3370            
5.0000              548.5851            
6.0000              545.8938            
7.0000              547.4017            
8.0000              547.8039            
9.0000              548.9863            
10.0000             549.0560            
11.0000             549.8315            
12.0000             551.1628            
13.0000             549.0880            
14.0000             548.1554            
15.0000             547.7651            
16.0000             547.0924            
17.0000             547.5775            
18.0000             547.2055            
19.0000             546.8526            
20.0000             546.2555            
21.0000             547.4483            
22.0000             547.5636            
23.0000             548.1234            
24.0000             547.4354            
25.0000             548.4686            
26.0000             548.2631            
27.0000             547.9382            
28.0000             548.4050            
29.0000             547.8742            
30.0000             547.6268            
31.0000             547.6268            
#Execution time: 25s 25793ms 25793858us 
