#Grabcut execution time: 0s 370ms 370077us 
0.0000              616.7270            
1.0000              158.5662            
2.0000              142.2579            
3.0000              136.6818            
4.0000              134.4826            
5.0000              134.0248            
6.0000              133.1836            
7.0000              131.8257            
8.0000              131.8180            
9.0000              130.2897            
10.0000             130.0814            
11.0000             130.3128            
12.0000             130.4711            
13.0000             129.2637            
14.0000             129.0122            
15.0000             129.2971            
16.0000             129.1853            
17.0000             128.6734            
18.0000             128.4826            
19.0000             128.6349            
20.0000             128.6569            
21.0000             127.6412            
22.0000             128.2282            
23.0000             128.0439            
24.0000             127.7401            
25.0000             127.8368            
26.0000             127.7396            
27.0000             127.6728            
28.0000             127.8653            
29.0000             127.7908            
30.0000             127.7543            
31.0000             127.7543            
#Execution time: 22s 22088ms 22088093us 
