#Grabcut execution time: 0s 343ms 343481us 
0.0000              103.0798            
1.0000              103.2429            
2.0000              102.8889            
3.0000              102.8259            
4.0000              102.7707            
5.0000              102.7362            
6.0000              102.6826            
7.0000              102.6643            
8.0000              102.6626            
9.0000              102.6667            
10.0000             102.6664            
11.0000             102.6674            
12.0000             102.6730            
13.0000             102.6847            
14.0000             102.6861            
15.0000             102.6847            
16.0000             102.6874            
17.0000             102.6882            
18.0000             102.6878            
19.0000             102.6878            
20.0000             102.6878            
21.0000             102.6878            
22.0000             102.6878            
23.0000             102.6878            
24.0000             102.6878            
25.0000             102.6878            
26.0000             102.6878            
27.0000             102.6878            
28.0000             102.6878            
29.0000             102.6878            
30.0000             102.6878            
31.0000             102.6878            
#Execution time: 33s 33346ms 33346373us 
