#Grabcut execution time: 0s 338ms 338599us 
0.0000              102.8101            
1.0000              102.8101            
2.0000              102.3330            
3.0000              102.1880            
4.0000              102.0796            
5.0000              102.0020            
6.0000              101.9028            
7.0000              101.8316            
8.0000              101.7948            
9.0000              101.7691            
10.0000             101.7489            
11.0000             101.7340            
12.0000             101.7289            
13.0000             101.7247            
14.0000             101.7176            
15.0000             101.7112            
16.0000             101.7092            
17.0000             101.7083            
18.0000             101.7079            
19.0000             101.7079            
20.0000             101.7079            
21.0000             101.7079            
22.0000             101.7079            
23.0000             101.7079            
24.0000             101.7079            
25.0000             101.7079            
26.0000             101.7079            
27.0000             101.7079            
28.0000             101.7079            
29.0000             101.7079            
30.0000             101.7079            
31.0000             101.7079            
#Execution time: 33s 33321ms 33321964us 
