#Grabcut execution time: 0s 337ms 337049us 
0.0000              34.1572             
1.0000              2.0689              
2.0000              1.4942              
3.0000              1.2891              
4.0000              1.1446              
5.0000              1.0839              
6.0000              1.0753              
7.0000              1.0066              
8.0000              0.9964              
9.0000              0.9302              
10.0000             0.9278              
11.0000             0.9256              
12.0000             0.9010              
13.0000             0.8915              
14.0000             0.8671              
15.0000             0.8628              
16.0000             0.8441              
17.0000             0.8218              
18.0000             0.8358              
19.0000             0.8049              
20.0000             0.7977              
21.0000             0.7833              
22.0000             0.7816              
23.0000             0.7922              
24.0000             0.7810              
25.0000             0.7498              
26.0000             0.7456              
27.0000             0.7428              
28.0000             0.7577              
29.0000             0.7413              
30.0000             0.7411              
31.0000             0.7411              
#Execution time: 54s 54280ms 54280876us 
