#Grabcut execution time: 0s 348ms 348741us 
0.0000              308.3769            
1.0000              126.9519            
2.0000              121.5460            
3.0000              119.2567            
4.0000              117.0001            
5.0000              116.6851            
6.0000              116.6120            
7.0000              116.5147            
8.0000              116.1462            
9.0000              115.8920            
10.0000             115.6368            
11.0000             115.8012            
12.0000             116.2047            
13.0000             115.9185            
14.0000             115.7292            
15.0000             116.1449            
16.0000             116.1621            
17.0000             116.3246            
18.0000             116.2301            
19.0000             116.2504            
20.0000             115.9792            
21.0000             115.8770            
22.0000             115.8001            
23.0000             115.8497            
24.0000             115.7318            
25.0000             115.8070            
26.0000             115.5875            
27.0000             115.5773            
28.0000             115.6775            
29.0000             115.6470            
30.0000             115.6223            
31.0000             115.6223            
#Execution time: 38s 38531ms 38531665us 
