#Grabcut execution time: 0s 335ms 335459us 
0.0000              36.6114             
1.0000              37.3356             
2.0000              37.0341             
3.0000              37.2342             
4.0000              37.4954             
5.0000              37.6105             
6.0000              37.6981             
7.0000              37.9715             
8.0000              38.0624             
9.0000              38.0691             
10.0000             38.0640             
11.0000             38.0865             
12.0000             38.1183             
13.0000             38.1532             
14.0000             38.1344             
15.0000             38.1903             
16.0000             38.2317             
17.0000             38.2331             
18.0000             38.2954             
19.0000             38.3442             
20.0000             38.4272             
21.0000             38.5211             
22.0000             38.6159             
23.0000             38.6144             
24.0000             38.6887             
25.0000             38.7425             
26.0000             38.7770             
27.0000             38.8267             
28.0000             38.8754             
29.0000             38.9318             
30.0000             38.9959             
31.0000             38.9959             
#Execution time: 71s 71580ms 71580878us 
