n,tangent,t2
0,5.63968,-0.643501
1,5.63968,-0.643501
2,5.63968,-0.643501
3,5.63968,-0.643501
4,5.63968,-0.643501
5,5.63968,-0.643501
6,5.63968,-0.643501
7,0.463648,0.463648
8,0.463648,0.463648
9,0.463648,0.463648
10,5.60844,-0.674741
11,5.60844,-0.674741
12,5.60844,-0.674741
13,5.60844,-0.674741
14,5.60844,-0.674741
15,5.60844,-0.674741
16,5.60844,-0.674741
17,5.60844,-0.674741
18,6.03821,-0.244979
19,6.03821,-0.244979
20,6.03821,-0.244979
21,6.03821,-0.244979
22,4.7837,-1.49949
23,4.7837,-1.49949
24,4.7837,-1.49949
25,4.7837,-1.49949
26,4.7837,-1.49949
27,4.7837,-1.49949
28,4.7837,-1.49949
29,4.7837,-1.49949
30,4.7837,-1.49949
31,4.7837,-1.49949
32,4.7837,-1.49949
33,4.7837,-1.49949
34,4.7837,-1.49949
35,4.7837,-1.49949
36,5.81954,-0.463648
37,0.0322469,0.0322469
38,0.0322469,0.0322469
39,0.0322469,0.0322469
40,0.0322469,0.0322469
41,0.0322469,0.0322469
42,0.0322469,0.0322469
43,0.0322469,0.0322469
44,0.0322469,0.0322469
45,0.0322469,0.0322469
46,0.0322469,0.0322469
47,0.0322469,0.0322469
48,0.0322469,0.0322469
49,0.0322469,0.0322469
50,0.0322469,0.0322469
51,0.0322469,0.0322469
52,0.0322469,0.0322469
53,0.0322469,0.0322469
54,0.0322469,0.0322469
55,0.0322469,0.0322469
56,0.0322469,0.0322469
57,0.0322469,0.0322469
58,0.0322469,0.0322469
59,0.0322469,0.0322469
60,0.0322469,0.0322469
61,0.0322469,0.0322469
62,0.0322469,0.0322469
63,0.0322469,0.0322469
64,0.0322469,0.0322469
65,0.0322469,0.0322469
66,0.0322469,0.0322469
67,0.0322469,0.0322469
68,0.0322469,0.0322469
69,0.0322469,0.0322469
70,1.10715,1.10715
71,1.10715,1.10715
72,1.10715,1.10715
73,5.35589,-0.927295
74,5.35589,-0.927295
75,5.35589,-0.927295
76,5.35589,-0.927295
77,5.63968,-0.643501
78,5.63968,-0.643501
79,5.63968,-0.643501
80,5.63968,-0.643501
81,5.25281,-1.03038
82,5.25281,-1.03038
83,5.25281,-1.03038
84,5.25281,-1.03038
85,5.25281,-1.03038
86,5.25281,-1.03038
87,5.69518,-0.588003
88,5.96143,-0.321751
89,5.96143,-0.321751
90,0.321751,0.321751
91,0.588003,0.588003
92,0.588003,0.588003
93,0.588003,0.588003
94,0.321751,0.321751
95,0.321751,0.321751
96,5.96143,-0.321751
97,5.63968,-0.643501
98,5.63968,-0.643501
99,5.35589,-0.927295
100,5.35589,-0.927295
101,4.95737,-1.32582
102,4.95737,-1.32582
103,4.95737,-1.32582
104,4.95737,-1.32582
105,4.95737,-1.32582
106,4.95737,-1.32582
107,4.95737,-1.32582
108,4.95737,-1.32582
109,4.95737,-1.32582
110,5.30039,-0.982794
111,5.30039,-0.982794
112,5.30039,-0.982794
113,5.0929,-1.19029
114,5.0929,-1.19029
115,5.0929,-1.19029
116,5.0929,-1.19029
117,5.0929,-1.19029
118,5.0929,-1.19029
119,5.0929,-1.19029
120,5.0929,-1.19029
121,4.24874,-2.03444
122,4.24874,-2.03444
123,5.38713,-0.896055
124,5.38713,-0.896055
125,5.38713,-0.896055
126,5.38713,-0.896055
127,5.60844,-0.674741
128,5.60844,-0.674741
129,5.60844,-0.674741
130,6.03821,-0.244979
131,6.03821,-0.244979
132,0.244979,0.244979
133,0.244979,0.244979
134,0.54042,0.54042
135,0.54042,0.54042
136,0.54042,0.54042
137,0.54042,0.54042
138,0.54042,0.54042
139,0.54042,0.54042
140,0.54042,0.54042
141,5.55654,-0.726642
142,5.55654,-0.726642
143,5.55654,-0.726642
144,5.55654,-0.726642
145,5.55654,-0.726642
146,5.55654,-0.726642
147,5.55654,-0.726642
148,5.55654,-0.726642
149,5.43903,-0.844154
150,5.43903,-0.844154
151,5.43903,-0.844154
152,5.43903,-0.844154
153,5.43903,-0.844154
154,5.43903,-0.844154
155,5.43903,-0.844154
156,4.83674,-1.44644
157,4.83674,-1.44644
158,4.83674,-1.44644
159,4.83674,-1.44644
160,4.58803,-1.69515
161,4.58803,-1.69515
162,4.58803,-1.69515
163,4.58803,-1.69515
164,4.33188,-1.9513
165,4.33188,-1.9513
166,4.33188,-1.9513
167,4.33188,-1.9513
168,4.46741,-1.81577
169,4.46741,-1.81577
170,4.46741,-1.81577
171,4.46741,-1.81577
172,4.46741,-1.81577
173,4.46741,-1.81577
174,5.81954,-0.463648
175,5.81954,-0.463648
176,5.35589,-0.927295
177,5.35589,-0.927295
178,5.35589,-0.927295
179,5.35589,-0.927295
180,5.63968,-0.643501
181,5.63968,-0.643501
182,5.96143,-0.321751
183,5.96143,-0.321751
184,5.96143,-0.321751
185,5.63968,-0.643501
186,5.63968,-0.643501
187,5.43903,-0.844154
188,5.43903,-0.844154
189,5.43903,-0.844154
190,5.43903,-0.844154
191,5.43903,-0.844154
192,5.43903,-0.844154
193,5.43903,-0.844154
194,5.43903,-0.844154
195,5.43903,-0.844154
196,5.43903,-0.844154
197,5.43903,-0.844154
198,5.55654,-0.726642
199,5.55654,-0.726642
200,5.55654,-0.726642
201,5.55654,-0.726642
202,5.55654,-0.726642
203,5.55654,-0.726642
204,5.55654,-0.726642
205,5.55654,-0.726642
206,0.463648,0.463648
207,0.463648,0.463648
208,0.463648,0.463648
209,5.25281,-1.03038
210,5.25281,-1.03038
211,5.25281,-1.03038
212,5.25281,-1.03038
213,5.25281,-1.03038
214,5.25281,-1.03038
215,5.25281,-1.03038
216,5.25281,-1.03038
217,5.25281,-1.03038
218,5.25281,-1.03038
219,5.25281,-1.03038
220,5.25281,-1.03038
221,5.25281,-1.03038
222,5.35589,-0.927295
223,5.35589,-0.927295
224,5.35589,-0.927295
225,5.35589,-0.927295
226,5.35589,-0.927295
227,5.35589,-0.927295
228,5.35589,-0.927295
229,5.66294,-0.620249
230,5.66294,-0.620249
231,5.66294,-0.620249
232,5.66294,-0.620249
233,5.66294,-0.620249
234,5.66294,-0.620249
235,5.66294,-0.620249
236,5.60844,-0.674741
237,5.60844,-0.674741
238,5.60844,-0.674741
239,5.60844,-0.674741
240,5.60844,-0.674741
241,5.60844,-0.674741
242,5.60844,-0.674741
243,5.74277,-0.54042
244,5.74277,-0.54042
245,5.90268,-0.380506
246,6.11804,-0.165149
247,6.11804,-0.165149
248,6.11804,-0.165149
249,6.11804,-0.165149
250,6.11804,-0.165149
251,6.11804,-0.165149
252,4.87754,-1.40565
253,4.87754,-1.40565
254,4.87754,-1.40565
255,4.87754,-1.40565
256,4.87754,-1.40565
257,4.87754,-1.40565
258,5.35589,-0.927295
259,5.35589,-0.927295
260,5.63968,-0.643501
261,5.63968,-0.643501
262,5.63968,-0.643501
263,5.63968,-0.643501
264,5.63968,-0.643501
265,5.63968,-0.643501
266,5.63968,-0.643501
267,5.63968,-0.643501
268,5.63968,-0.643501
269,5.96143,-0.321751
270,5.96143,-0.321751
271,5.96143,-0.321751
272,5.69518,-0.588003
273,5.69518,-0.588003
274,5.69518,-0.588003
275,4.24874,-2.03444
276,4.24874,-2.03444
277,5.35589,-0.927295
278,5.35589,-0.927295
279,5.35589,-0.927295
280,5.63968,-0.643501
281,5.63968,-0.643501
282,5.74277,-0.54042
283,5.74277,-0.54042
284,5.74277,-0.54042
285,5.74277,-0.54042
286,0.463648,0.463648
287,1.10715,1.10715
288,1.10715,1.10715
289,1.10715,1.10715
290,5.30039,-0.982794
291,5.30039,-0.982794
292,5.30039,-0.982794
293,5.30039,-0.982794
294,5.30039,-0.982794
295,5.30039,-0.982794
296,5.30039,-0.982794
297,6.03821,-0.244979
298,6.03821,-0.244979
299,6.03821,-0.244979
300,6.03821,-0.244979
301,6.03821,-0.244979
302,6.03821,-0.244979
303,0.588003,0.588003
304,0.588003,0.588003
305,0.588003,0.588003
306,0.588003,0.588003
307,5.81954,-0.463648
308,4.86504,-1.41815
309,4.86504,-1.41815
310,4.86504,-1.41815
311,4.86504,-1.41815
312,4.86504,-1.41815
313,4.86504,-1.41815
314,4.86504,-1.41815
315,4.82305,-1.46014
316,4.82305,-1.46014
317,4.82305,-1.46014
318,4.82305,-1.46014
319,4.82305,-1.46014
320,4.82305,-1.46014
321,4.82305,-1.46014
322,4.82305,-1.46014
323,4.82305,-1.46014
324,4.82305,-1.46014
325,4.82305,-1.46014
326,4.82305,-1.46014
327,4.82305,-1.46014
328,4.51499,-1.76819
329,4.51499,-1.76819
330,4.51499,-1.76819
331,4.51499,-1.76819
332,4.51499,-1.76819
333,4.51499,-1.76819
334,4.51499,-1.76819
335,4.51499,-1.76819
336,4.12439,-2.1588
337,4.12439,-2.1588
338,4.12439,-2.1588
339,4.51499,-1.76819
340,4.51499,-1.76819
341,4.51499,-1.76819
342,4.90978,-1.3734
343,4.90978,-1.3734
344,4.90978,-1.3734
345,4.90978,-1.3734
346,4.12439,-2.1588
347,4.12439,-2.1588
348,4.12439,-2.1588
349,4.12439,-2.1588
350,4.64108,-1.6421
351,4.64108,-1.6421
352,4.64108,-1.6421
353,4.64108,-1.6421
354,4.64108,-1.6421
355,4.64108,-1.6421
356,4.64108,-1.6421
357,4.64108,-1.6421
358,4.64108,-1.6421
359,4.64108,-1.6421
360,4.64108,-1.6421
361,4.64108,-1.6421
362,4.64108,-1.6421
363,4.64108,-1.6421
364,3.96146,-2.32173
365,3.96146,-2.32173
366,3.96146,-2.32173
367,3.96146,-2.32173
368,3.96146,-2.32173
369,3.96146,-2.32173
370,3.96146,-2.32173
371,3.96146,-2.32173
372,3.96146,-2.32173
373,3.96146,-2.32173
374,3.96146,-2.32173
375,3.96146,-2.32173
376,3.96146,-2.32173
377,3.96146,-2.32173
378,3.96146,-2.32173
379,3.96146,-2.32173
380,3.96146,-2.32173
381,3.96146,-2.32173
382,3.96146,-2.32173
383,3.96146,-2.32173
384,3.96146,-2.32173
385,3.96146,-2.32173
386,3.96146,-2.32173
387,3.96146,-2.32173
388,3.96146,-2.32173
389,3.96146,-2.32173
390,3.96146,-2.32173
391,3.96146,-2.32173
392,5.49779,-0.785398
393,5.49779,-0.785398
394,3.92699,-2.35619
395,3.92699,-2.35619
396,3.92699,-2.35619
397,3.92699,-2.35619
398,6.08579,-0.197396
399,6.08579,-0.197396
400,6.08579,-0.197396
401,0.197396,0.197396
402,0.197396,0.197396
403,0.197396,0.197396
404,0.197396,0.197396
405,5.57456,-0.708626
406,5.57456,-0.708626
407,5.57456,-0.708626
408,5.57456,-0.708626
409,5.57456,-0.708626
410,5.57456,-0.708626
411,5.42102,-0.86217
412,5.42102,-0.86217
413,5.42102,-0.86217
414,5.42102,-0.86217
415,5.42102,-0.86217
416,5.33264,-0.950547
417,5.33264,-0.950547
418,5.33264,-0.950547
419,5.33264,-0.950547
420,5.33264,-0.950547
421,5.33264,-0.950547
422,5.33264,-0.950547
423,5.33264,-0.950547
424,5.69518,-0.588003
425,5.69518,-0.588003
426,0.463648,0.463648
427,0.463648,0.463648
428,0.463648,0.463648
429,5.60844,-0.674741
430,5.60844,-0.674741
431,5.60844,-0.674741
432,5.60844,-0.674741
433,5.38713,-0.896055
434,5.38713,-0.896055
435,5.38713,-0.896055
436,5.38713,-0.896055
437,5.38713,-0.896055
438,5.81954,-0.463648
439,5.81954,-0.463648
440,5.81954,-0.463648
441,5.81954,-0.463648
442,0.463648,0.463648
443,0.463648,0.463648
444,0.463648,0.463648
445,5.69518,-0.588003
446,5.69518,-0.588003
447,5.25281,-1.03038
448,5.25281,-1.03038
449,5.25281,-1.03038
450,5.0929,-1.19029
451,5.0929,-1.19029
452,5.0929,-1.19029
453,5.0929,-1.19029
454,5.81954,-0.463648
455,5.81954,-0.463648
456,4.90978,-1.3734
457,4.90978,-1.3734
458,4.90978,-1.3734
459,4.90978,-1.3734
460,4.90978,-1.3734
461,4.99069,-1.2925
462,4.99069,-1.2925
463,4.99069,-1.2925
464,4.99069,-1.2925
465,5.35589,-0.927295
466,5.35589,-0.927295
467,5.35589,-0.927295
468,5.35589,-0.927295
469,5.35589,-0.927295
470,5.35589,-0.927295
471,4.58803,-1.69515
472,4.58803,-1.69515
473,4.58803,-1.69515
474,4.58803,-1.69515
475,4.58803,-1.69515
476,4.83674,-1.44644
477,4.83674,-1.44644
478,4.83674,-1.44644
479,4.83674,-1.44644
480,5.30039,-0.982794
481,5.30039,-0.982794
482,5.30039,-0.982794
483,1.32582,1.32582
484,1.32582,1.32582
485,1.32582,1.32582
486,1.32582,1.32582
487,0.463648,0.463648
488,5.60844,-0.674741
489,5.60844,-0.674741
490,5.60844,-0.674741
491,5.60844,-0.674741
492,5.60844,-0.674741
493,5.60844,-0.674741
494,5.60844,-0.674741
495,5.60844,-0.674741
496,5.74277,-0.54042
497,5.74277,-0.54042
498,5.74277,-0.54042
499,5.74277,-0.54042
500,5.74277,-0.54042
501,5.74277,-0.54042
502,5.30039,-0.982794
503,5.30039,-0.982794
504,5.30039,-0.982794
505,6.03821,-0.244979
506,6.03821,-0.244979
507,6.03821,-0.244979
508,6.03821,-0.244979
509,5.63968,-0.643501
510,5.63968,-0.643501
511,5.63968,-0.643501
512,5.63968,-0.643501
513,5.63968,-0.643501
514,3.7296,-2.55359
515,3.7296,-2.55359
516,3.41989,-2.86329
517,3.41989,-2.86329
518,3.41989,-2.86329
519,3.41989,-2.86329
520,3.41989,-2.86329
521,3.41989,-2.86329
522,3.41989,-2.86329
523,3.41989,-2.86329
524,3.7296,-2.55359
525,3.7296,-2.55359
526,3.7296,-2.55359
527,5.30039,-0.982794
528,5.30039,-0.982794
529,5.30039,-0.982794
530,4.99069,-1.2925
531,4.99069,-1.2925
532,4.99069,-1.2925
533,4.99069,-1.2925
534,4.80305,-1.48014
535,4.80305,-1.48014
536,4.80305,-1.48014
537,4.80305,-1.48014
538,4.80305,-1.48014
539,4.80305,-1.48014
540,4.62173,-1.66146
541,4.62173,-1.66146
542,4.62173,-1.66146
543,4.62173,-1.66146
544,4.62173,-1.66146
545,4.12439,-2.1588
546,4.12439,-2.1588
547,4.12439,-2.1588
548,4.12439,-2.1588
549,5.81954,-0.463648
550,5.81954,-0.463648
551,5.81954,-0.463648
552,4.58803,-1.69515
553,4.58803,-1.69515
554,4.58803,-1.69515
555,4.58803,-1.69515
556,4.58803,-1.69515
557,4.83674,-1.44644
558,4.83674,-1.44644
559,4.83674,-1.44644
560,4.83674,-1.44644
561,5.30039,-0.982794
562,5.69518,-0.588003
563,6.11804,-0.165149
564,6.11804,-0.165149
565,6.11804,-0.165149
566,6.11804,-0.165149
567,6.11804,-0.165149
568,6.11804,-0.165149
569,5.03414,-1.24905
570,5.03414,-1.24905
571,4.39064,-1.89255
572,4.12439,-2.1588
573,3.7296,-2.55359
574,3.46334,-2.81984
575,3.46334,-2.81984
576,3.46334,-2.81984
577,3.46334,-2.81984
578,3.46334,-2.81984
579,3.46334,-2.81984
580,3.46334,-2.81984
581,4.58803,-1.69515
582,4.58803,-1.69515
583,4.58803,-1.69515
584,4.58803,-1.69515
585,4.79553,-1.48766
586,4.79553,-1.48766
587,4.79553,-1.48766
588,4.79553,-1.48766
589,4.79553,-1.48766
590,4.79553,-1.48766
591,4.79553,-1.48766
592,4.79553,-1.48766
593,4.79553,-1.48766
594,4.79553,-1.48766
595,4.79553,-1.48766
596,4.79553,-1.48766
597,4.79553,-1.48766
598,4.79553,-1.48766
599,4.79553,-1.48766
600,4.79553,-1.48766
601,4.79553,-1.48766
602,5.25281,-1.03038
603,5.25281,-1.03038
604,5.25281,-1.03038
605,5.25281,-1.03038
606,5.25281,-1.03038
607,5.0929,-1.19029
608,4.84494,-1.43824
609,4.84494,-1.43824
610,4.84494,-1.43824
611,4.84494,-1.43824
612,4.84494,-1.43824
613,4.84494,-1.43824
614,4.84494,-1.43824
615,4.84494,-1.43824
616,4.78633,-1.49686
617,4.78633,-1.49686
618,4.78633,-1.49686
619,4.78633,-1.49686
620,4.78633,-1.49686
621,4.78633,-1.49686
622,4.78633,-1.49686
623,4.78633,-1.49686
624,4.78633,-1.49686
625,4.78633,-1.49686
626,4.78633,-1.49686
627,4.78633,-1.49686
628,4.78633,-1.49686
629,4.78633,-1.49686
630,4.74464,-1.53855
631,4.74464,-1.53855
632,4.74464,-1.53855
633,4.74464,-1.53855
634,4.74464,-1.53855
635,4.74464,-1.53855
636,4.74464,-1.53855
637,4.74464,-1.53855
638,4.74464,-1.53855
639,4.74464,-1.53855
640,4.74464,-1.53855
641,4.74464,-1.53855
642,4.74464,-1.53855
643,4.74464,-1.53855
644,4.74464,-1.53855
645,4.74464,-1.53855
646,4.68014,-1.60304
647,4.68014,-1.60304
648,4.68014,-1.60304
649,4.68014,-1.60304
650,4.68014,-1.60304
651,4.68014,-1.60304
652,4.68014,-1.60304
653,4.68014,-1.60304
654,4.68014,-1.60304
655,4.68014,-1.60304
656,4.68014,-1.60304
657,4.68014,-1.60304
658,4.68014,-1.60304
659,4.68014,-1.60304
660,4.68014,-1.60304
661,4.68014,-1.60304
662,4.68014,-1.60304
663,4.68014,-1.60304
664,4.83674,-1.44644
665,4.83674,-1.44644
666,4.83674,-1.44644
667,4.83674,-1.44644
668,4.83674,-1.44644
669,4.83674,-1.44644
670,4.60173,-1.68145
671,4.60173,-1.68145
672,4.60173,-1.68145
673,4.60173,-1.68145
674,4.60173,-1.68145
675,4.60173,-1.68145
676,4.60173,-1.68145
677,4.60173,-1.68145
678,4.60173,-1.68145
679,4.60173,-1.68145
680,4.82305,-1.46014
681,4.82305,-1.46014
682,4.82305,-1.46014
683,4.82305,-1.46014
684,4.82305,-1.46014
685,4.82305,-1.46014
686,4.82305,-1.46014
687,4.82305,-1.46014
688,4.54724,-1.73595
689,4.54724,-1.73595
690,4.54724,-1.73595
691,4.43409,-1.8491
692,4.43409,-1.8491
693,4.43409,-1.8491
694,4.43409,-1.8491
695,4.12439,-2.1588
696,4.12439,-2.1588
697,4.12439,-2.1588
698,4.46741,-1.81577
699,4.46741,-1.81577
700,4.46741,-1.81577
701,4.46741,-1.81577
702,4.46741,-1.81577
703,4.46741,-1.81577
704,4.46741,-1.81577
705,4.95737,-1.32582
706,4.95737,-1.32582
707,6.00489,-0.2783
708,6.00489,-0.2783
709,6.00489,-0.2783
710,6.00489,-0.2783
711,6.11804,-0.165149
712,6.11804,-0.165149
713,6.11804,-0.165149
714,0.165149,0.165149
715,0.165149,0.165149
716,0.165149,0.165149
717,0.694738,0.694738
718,0.694738,0.694738
719,0.694738,0.694738
720,0.694738,0.694738
721,0.876058,0.876058
722,0.876058,0.876058
723,0.876058,0.876058
724,0.876058,0.876058
725,1.2925,1.2925
726,1.2925,1.2925
727,1.2925,1.2925
728,1.2925,1.2925
729,1.2925,1.2925
730,1.2925,1.2925
731,1.2925,1.2925
732,1.2925,1.2925
733,1.19029,1.19029
734,1.19029,1.19029
735,1.03038,1.03038
736,1.03038,1.03038
737,1.03038,1.03038
738,1.03038,1.03038
739,1.03038,1.03038
740,2.03444,2.03444
741,2.81984,2.81984
742,2.81984,2.81984
743,2.81984,2.81984
744,1.89255,1.89255
745,1.89255,1.89255
746,1.32582,1.32582
747,1.32582,1.32582
748,1.32582,1.32582
749,1.32582,1.32582
750,1.71269,1.71269
751,1.71269,1.71269
752,1.71269,1.71269
753,1.71269,1.71269
754,1.71269,1.71269
755,1.71269,1.71269
756,1.71269,1.71269
757,1.4289,1.4289
758,1.4289,1.4289
759,1.4289,1.4289
760,1.2925,1.2925
761,1.2925,1.2925
762,1.2925,1.2925
763,1.2925,1.2925
764,0.86217,0.86217
765,0.86217,0.86217
766,0.86217,0.86217
767,0.86217,0.86217
768,0.86217,0.86217
769,0.86217,0.86217
770,0.86217,0.86217
771,0.86217,0.86217
772,0.86217,0.86217
773,0.86217,0.86217
774,0.86217,0.86217
775,5.42102,-0.86217
776,5.42102,-0.86217
777,5.42102,-0.86217
778,5.42102,-0.86217
779,5.42102,-0.86217
780,5.42102,-0.86217
781,5.42102,-0.86217
782,5.42102,-0.86217
783,5.42102,-0.86217
784,5.42102,-0.86217
785,4.7837,-1.49949
786,4.7837,-1.49949
787,4.7837,-1.49949
788,4.7837,-1.49949
789,4.7837,-1.49949
790,4.7837,-1.49949
791,4.7837,-1.49949
792,4.7837,-1.49949
793,4.7837,-1.49949
794,4.7837,-1.49949
795,4.7837,-1.49949
796,4.7837,-1.49949
797,4.7837,-1.49949
798,4.7837,-1.49949
799,5.35589,-0.927295
800,5.35589,-0.927295
801,5.35589,-0.927295
802,5.35589,-0.927295
803,5.35589,-0.927295
804,4.81206,-1.47113
805,4.81206,-1.47113
806,4.81206,-1.47113
807,4.81206,-1.47113
808,4.81206,-1.47113
809,4.81206,-1.47113
810,4.81206,-1.47113
811,4.81206,-1.47113
812,4.81206,-1.47113
813,4.81206,-1.47113
814,5.35589,-0.927295
815,5.35589,-0.927295
816,5.35589,-0.927295
817,5.35589,-0.927295
818,5.35589,-0.927295
819,0.708626,0.708626
820,0.708626,0.708626
821,0.708626,0.708626
822,0.708626,0.708626
823,0.708626,0.708626
824,0.708626,0.708626
825,0.708626,0.708626
826,0.708626,0.708626
827,0.708626,0.708626
828,0.708626,0.708626
829,0.708626,0.708626
830,0.708626,0.708626
831,0.708626,0.708626
832,1.24905,1.24905
833,1.24905,1.24905
834,1.24905,1.24905
835,0.982794,0.982794
836,0.982794,0.982794
837,0.982794,0.982794
838,1.3734,1.3734
839,1.3734,1.3734
840,1.3734,1.3734
841,1.73595,1.73595
842,1.73595,1.73595
843,1.73595,1.73595
844,1.73595,1.73595
845,1.73595,1.73595
846,1.73595,1.73595
847,1.73595,1.73595
848,1.73595,1.73595
849,1.73595,1.73595
850,2.2143,2.2143
851,2.2143,2.2143
852,2.2143,2.2143
853,2.2143,2.2143
854,2.2143,2.2143
855,1.61838,1.61838
856,1.61838,1.61838
857,1.61838,1.61838
858,1.61838,1.61838
859,1.61838,1.61838
860,1.61838,1.61838
861,1.61838,1.61838
862,1.61838,1.61838
863,1.61838,1.61838
864,1.61838,1.61838
865,1.61838,1.61838
866,1.61838,1.61838
867,1.61838,1.61838
868,1.61838,1.61838
869,1.61838,1.61838
870,1.61838,1.61838
871,1.61838,1.61838
872,1.61838,1.61838
873,1.61838,1.61838
874,1.61838,1.61838
875,1.61838,1.61838
876,1.68791,1.68791
877,1.68791,1.68791
878,1.68791,1.68791
879,1.68791,1.68791
880,1.68791,1.68791
881,1.68791,1.68791
882,1.68791,1.68791
883,1.68791,1.68791
884,1.68791,1.68791
885,1.68791,1.68791
886,1.68791,1.68791
887,1.68791,1.68791
888,1.68791,1.68791
889,1.68791,1.68791
890,1.68791,1.68791
891,1.68791,1.68791
892,1.68791,1.68791
893,1.68791,1.68791
894,1.68791,1.68791
895,1.70335,1.70335
896,1.70335,1.70335
897,1.70335,1.70335
898,1.70335,1.70335
899,1.70335,1.70335
900,1.70335,1.70335
901,1.70335,1.70335
902,1.70335,1.70335
903,1.70335,1.70335
904,1.68145,1.68145
905,1.68145,1.68145
906,1.68145,1.68145
907,1.68145,1.68145
908,1.68145,1.68145
909,1.49949,1.49949
910,1.49949,1.49949
911,1.49949,1.49949
912,1.49949,1.49949
913,1.49949,1.49949
914,1.49949,1.49949
915,1.49949,1.49949
916,1.49949,1.49949
917,1.49949,1.49949
918,1.49949,1.49949
919,1.49949,1.49949
920,1.49949,1.49949
921,1.49949,1.49949
922,1.49949,1.49949
923,1.49949,1.49949
924,1.49949,1.49949
925,1.49949,1.49949
926,1.49949,1.49949
927,1.49949,1.49949
928,1.49949,1.49949
929,1.49949,1.49949
930,1.49949,1.49949
931,1.49949,1.49949
932,1.68791,1.68791
933,1.68791,1.68791
934,1.68791,1.68791
935,1.68791,1.68791
936,1.68791,1.68791
937,1.68791,1.68791
938,1.68791,1.68791
939,1.68791,1.68791
940,1.68791,1.68791
941,1.68791,1.68791
942,1.68791,1.68791
943,1.68791,1.68791
944,1.68791,1.68791
945,1.68791,1.68791
946,1.68791,1.68791
947,1.68791,1.68791
948,1.68791,1.68791
949,1.68791,1.68791
950,1.68791,1.68791
951,1.68791,1.68791
952,1.68791,1.68791
953,1.8491,1.8491
954,1.8491,1.8491
955,1.8491,1.8491
956,1.8491,1.8491
957,1.8491,1.8491
958,1.69515,1.69515
959,1.69515,1.69515
960,1.69515,1.69515
961,1.69515,1.69515
962,1.69515,1.69515
963,1.69515,1.69515
964,1.69515,1.69515
965,1.69515,1.69515
966,1.75065,1.75065
967,1.75065,1.75065
968,1.75065,1.75065
969,1.75065,1.75065
970,1.75065,1.75065
971,1.75065,1.75065
972,1.75065,1.75065
973,1.67046,1.67046
974,1.67046,1.67046
975,1.67046,1.67046
976,1.67046,1.67046
977,1.67046,1.67046
978,1.47113,1.47113
979,1.47113,1.47113
980,1.47113,1.47113
981,1.47113,1.47113
982,1.47113,1.47113
983,1.47113,1.47113
984,1.47113,1.47113
985,1.47113,1.47113
986,1.47113,1.47113
987,1.47113,1.47113
988,1.65394,1.65394
989,1.65394,1.65394
990,1.65394,1.65394
991,1.65394,1.65394
992,1.65394,1.65394
993,1.65394,1.65394
994,1.65394,1.65394
995,1.65394,1.65394
996,1.65394,1.65394
997,1.65394,1.65394
998,1.65394,1.65394
999,1.65394,1.65394
1000,1.65394,1.65394
1001,1.65394,1.65394
1002,1.65394,1.65394
1003,1.65394,1.65394
1004,1.65394,1.65394
1005,1.65394,1.65394
1006,1.65394,1.65394
1007,1.65394,1.65394
1008,1.65394,1.65394
1009,1.4289,1.4289
1010,1.4289,1.4289
1011,1.4289,1.4289
1012,0.643501,0.643501
1013,0.643501,0.643501
1014,0.643501,0.643501
1015,0.643501,0.643501
1016,0.927295,0.927295
1017,0.927295,0.927295
1018,1.48014,1.48014
1019,1.48014,1.48014
1020,1.48014,1.48014
1021,1.48014,1.48014
1022,1.48014,1.48014
1023,1.48014,1.48014
1024,1.48014,1.48014
1025,1.48014,1.48014
1026,1.48014,1.48014
1027,1.48014,1.48014
1028,1.48014,1.48014
1029,1.2925,1.2925
1030,1.2925,1.2925
1031,1.2925,1.2925
1032,1.2925,1.2925
1033,0.463648,0.463648
1034,5.74277,-0.54042
1035,5.74277,-0.54042
1036,5.74277,-0.54042
1037,5.74277,-0.54042
1038,5.63968,-0.643501
1039,5.63968,-0.643501
1040,5.35589,-0.927295
1041,5.35589,-0.927295
1042,4.95737,-1.32582
1043,4.95737,-1.32582
1044,4.95737,-1.32582
1045,4.95737,-1.32582
1046,5.81954,-0.463648
1047,0.463648,0.463648
1048,1.10715,1.10715
1049,1.10715,1.10715
1050,0.321751,0.321751
1051,0.321751,0.321751
1052,5.96143,-0.321751
1053,5.96143,-0.321751
1054,5.96143,-0.321751
1055,0.463648,0.463648
1056,0.463648,0.463648
1057,0.463648,0.463648
1058,5.81954,-0.463648
1059,5.81954,-0.463648
1060,5.81954,-0.463648
1061,5.30039,-0.982794
1062,5.30039,-0.982794
1063,5.30039,-0.982794
1064,5.69518,-0.588003
1065,6.03821,-0.244979
1066,6.03821,-0.244979
1067,0.244979,0.244979
1068,0.244979,0.244979
1069,1.24905,1.24905
1070,1.24905,1.24905
1071,1.24905,1.24905
1072,0.982794,0.982794
1073,0.588003,0.588003
1074,0.165149,0.165149
1075,0.165149,0.165149
1076,0.165149,0.165149
1077,0.165149,0.165149
1078,0.165149,0.165149
1079,0.165149,0.165149
1080,0.588003,0.588003
1081,0.588003,0.588003
1082,0.588003,0.588003
1083,0.197396,0.197396
1084,0.197396,0.197396
1085,0.197396,0.197396
1086,0.197396,0.197396
1087,0.197396,0.197396
1088,0.197396,0.197396
1089,0.197396,0.197396
1090,5.49779,-0.785398
1091,5.49779,-0.785398
1092,0.982794,0.982794
1093,0.982794,0.982794
1094,0.982794,0.982794
1095,0.982794,0.982794
1096,0.982794,0.982794
1097,0.588003,0.588003
1098,0.165149,0.165149
1099,0.165149,0.165149
1100,0.165149,0.165149
1101,6.11804,-0.165149
1102,6.11804,-0.165149
1103,6.11804,-0.165149
1104,4.95737,-1.32582
1105,4.95737,-1.32582
1106,4.95737,-1.32582
1107,4.95737,-1.32582
1108,5.81954,-0.463648
1109,0.463648,0.463648
1110,0.463648,0.463648
1111,0.463648,0.463648
1112,5.35589,-0.927295
1113,5.35589,-0.927295
1114,5.35589,-0.927295
1115,5.35589,-0.927295
1116,5.35589,-0.927295
1117,5.35589,-0.927295
1118,5.69518,-0.588003
1119,5.69518,-0.588003
1120,5.69518,-0.588003
1121,5.30039,-0.982794
1122,5.30039,-0.982794
1123,4.03765,-2.24554
1124,4.03765,-2.24554
1125,4.03765,-2.24554
1126,4.03765,-2.24554
1127,4.03765,-2.24554
1128,4.03765,-2.24554
1129,4.03765,-2.24554
1130,4.03765,-2.24554
1131,4.03765,-2.24554
1132,5.30039,-0.982794
1133,5.30039,-0.982794
1134,5.30039,-0.982794
1135,5.30039,-0.982794
1136,0.927295,0.927295
1137,0.927295,0.927295
1138,0.927295,0.927295
1139,0.927295,0.927295
1140,0.927295,0.927295
1141,0.927295,0.927295
1142,0.463648,0.463648
1143,5.69518,-0.588003
1144,5.69518,-0.588003
1145,5.69518,-0.588003
1146,5.69518,-0.588003
1147,5.69518,-0.588003
1148,5.69518,-0.588003
1149,5.69518,-0.588003
1150,5.30039,-0.982794
1151,4.90978,-1.3734
1152,4.90978,-1.3734
1153,4.90978,-1.3734
1154,4.51499,-1.76819
1155,4.51499,-1.76819
1156,4.33188,-1.9513
1157,4.33188,-1.9513
1158,4.33188,-1.9513
1159,4.33188,-1.9513
1160,4.58803,-1.69515
1161,4.58803,-1.69515
1162,4.58803,-1.69515
1163,4.58803,-1.69515
1164,4.83674,-1.44644
1165,4.83674,-1.44644
1166,4.83674,-1.44644
1167,4.83674,-1.44644
1168,4.99069,-1.2925
1169,4.99069,-1.2925
1170,4.99069,-1.2925
1171,4.99069,-1.2925
1172,4.99069,-1.2925
1173,4.99069,-1.2925
1174,4.99069,-1.2925
1175,4.99069,-1.2925
1176,4.99069,-1.2925
1177,6.03821,-0.244979
1178,6.03821,-0.244979
1179,6.03821,-0.244979
1180,6.03821,-0.244979
1181,5.69518,-0.588003
1182,5.30039,-0.982794
1183,4.87754,-1.40565
1184,4.87754,-1.40565
1185,4.87754,-1.40565
1186,4.87754,-1.40565
1187,4.87754,-1.40565
1188,4.87754,-1.40565
1189,4.87754,-1.40565
1190,4.87754,-1.40565
1191,4.87754,-1.40565
1192,4.39064,-1.89255
1193,3.60524,-2.67795
1194,3.60524,-2.67795
1195,3.60524,-2.67795
1196,3.60524,-2.67795
1197,3.60524,-2.67795
1198,4.46741,-1.81577
1199,4.46741,-1.81577
1200,4.75403,-1.52915
1201,4.75403,-1.52915
1202,4.75403,-1.52915
1203,4.75403,-1.52915
1204,4.75403,-1.52915
1205,4.75403,-1.52915
1206,4.75403,-1.52915
1207,4.75403,-1.52915
1208,4.75403,-1.52915
1209,4.75403,-1.52915
1210,4.75403,-1.52915
1211,4.75403,-1.52915
1212,4.75403,-1.52915
1213,4.75403,-1.52915
1214,4.75403,-1.52915
1215,4.75403,-1.52915
1216,4.75403,-1.52915
1217,4.75403,-1.52915
1218,4.75403,-1.52915
1219,4.75403,-1.52915
1220,4.75403,-1.52915
1221,4.75403,-1.52915
1222,4.75403,-1.52915
1223,4.75403,-1.52915
1224,4.75403,-1.52915
1225,4.75403,-1.52915
1226,4.75403,-1.52915
1227,5.30039,-0.982794
1228,5.30039,-0.982794
1229,5.30039,-0.982794
1230,4.89224,-1.39094
1231,4.89224,-1.39094
1232,4.89224,-1.39094
1233,4.89224,-1.39094
1234,4.89224,-1.39094
1235,4.89224,-1.39094
1236,4.76789,-1.5153
1237,4.76789,-1.5153
1238,4.76789,-1.5153
1239,4.76789,-1.5153
1240,4.76789,-1.5153
1241,4.76789,-1.5153
1242,4.76789,-1.5153
1243,4.76789,-1.5153
1244,4.76789,-1.5153
1245,4.76789,-1.5153
1246,4.76789,-1.5153
1247,4.76789,-1.5153
1248,4.76789,-1.5153
1249,4.76789,-1.5153
1250,4.76789,-1.5153
1251,4.76789,-1.5153
1252,4.76789,-1.5153
1253,4.76789,-1.5153
1254,4.76789,-1.5153
1255,4.76789,-1.5153
1256,4.76789,-1.5153
1257,4.76789,-1.5153
1258,4.76789,-1.5153
1259,4.76789,-1.5153
1260,4.76789,-1.5153
1261,4.62173,-1.66146
1262,4.62173,-1.66146
1263,4.62173,-1.66146
1264,4.62173,-1.66146
1265,4.62173,-1.66146
1266,4.59528,-1.68791
1267,4.59528,-1.68791
1268,4.59528,-1.68791
1269,4.59528,-1.68791
1270,4.59528,-1.68791
1271,4.59528,-1.68791
1272,4.59528,-1.68791
1273,4.59528,-1.68791
1274,4.59528,-1.68791
1275,4.33188,-1.9513
1276,4.33188,-1.9513
1277,4.33188,-1.9513
1278,4.33188,-1.9513
1279,4.57049,-1.71269
1280,4.57049,-1.71269
1281,4.57049,-1.71269
1282,4.57049,-1.71269
1283,4.57049,-1.71269
1284,4.57049,-1.71269
1285,4.57049,-1.71269
1286,4.43409,-1.8491
1287,4.43409,-1.8491
1288,4.43409,-1.8491
1289,4.43409,-1.8491
1290,4.06889,-2.2143
1291,4.06889,-2.2143
1292,4.06889,-2.2143
1293,4.06889,-2.2143
1294,4.06889,-2.2143
1295,4.44614,-1.83705
1296,4.44614,-1.83705
1297,4.44614,-1.83705
1298,4.44614,-1.83705
1299,4.44614,-1.83705
1300,4.44614,-1.83705
1301,4.44614,-1.83705
1302,4.49372,-1.78947
1303,4.49372,-1.78947
1304,4.62173,-1.66146
1305,4.62173,-1.66146
1306,4.62173,-1.66146
1307,4.62173,-1.66146
1308,4.62173,-1.66146
1309,4.62173,-1.66146
1310,4.62173,-1.66146
1311,4.62173,-1.66146
1312,4.62173,-1.66146
1313,4.62173,-1.66146
1314,4.62173,-1.66146
1315,4.55974,-1.72345
1316,4.55974,-1.72345
1317,4.55974,-1.72345
1318,4.55974,-1.72345
1319,4.55974,-1.72345
1320,4.55974,-1.72345
1321,4.55974,-1.72345
1322,4.55974,-1.72345
1323,4.58803,-1.69515
1324,4.58803,-1.69515
1325,4.58803,-1.69515
1326,4.58803,-1.69515
1327,4.58803,-1.69515
1328,4.58803,-1.69515
1329,4.58803,-1.69515
1330,4.58803,-1.69515
1331,4.33188,-1.9513
1332,4.33188,-1.9513
1333,4.33188,-1.9513
1334,4.33188,-1.9513
1335,4.33188,-1.9513
1336,4.33188,-1.9513
1337,4.33188,-1.9513
1338,4.12439,-2.1588
1339,4.12439,-2.1588
1340,4.12439,-2.1588
1341,4.53254,-1.75065
1342,4.53254,-1.75065
1343,4.53254,-1.75065
1344,4.53254,-1.75065
1345,4.53254,-1.75065
1346,4.53254,-1.75065
1347,4.53254,-1.75065
1348,4.53254,-1.75065
1349,4.53254,-1.75065
1350,4.87754,-1.40565
1351,4.87754,-1.40565
1352,4.87754,-1.40565
1353,5.40713,-0.876058
1354,5.40713,-0.876058
1355,5.40713,-0.876058
1356,5.40713,-0.876058
1357,5.58845,-0.694738
1358,5.58845,-0.694738
1359,5.58845,-0.694738
1360,5.58845,-0.694738
1361,5.96143,-0.321751
1362,5.96143,-0.321751
1363,0.321751,0.321751
1364,0.588003,0.588003
1365,0.86217,0.86217
1366,0.86217,0.86217
1367,0.86217,0.86217
1368,0.86217,0.86217
1369,0.86217,0.86217
1370,0.86217,0.86217
1371,0.86217,0.86217
1372,0.86217,0.86217
1373,0.86217,0.86217
1374,0.86217,0.86217
1375,0.86217,0.86217
1376,0.86217,0.86217
1377,0.86217,0.86217
1378,0.86217,0.86217
1379,1.03038,1.03038
1380,1.03038,1.03038
1381,1.19029,1.19029
1382,1.47113,1.47113
1383,1.47113,1.47113
1384,1.47113,1.47113
1385,1.47113,1.47113
1386,1.47113,1.47113
1387,1.47113,1.47113
1388,1.47113,1.47113
1389,1.47113,1.47113
1390,1.47113,1.47113
1391,1.47113,1.47113
1392,1.41815,1.41815
1393,1.41815,1.41815
1394,1.41815,1.41815
1395,1.41815,1.41815
1396,1.41815,1.41815
1397,1.41815,1.41815
1398,1.41815,1.41815
1399,1.41815,1.41815
1400,1.44644,1.44644
1401,1.44644,1.44644
1402,1.44644,1.44644
1403,1.44644,1.44644
1404,1.44644,1.44644
1405,1.44644,1.44644
1406,1.44644,1.44644
1407,1.44644,1.44644
1408,1.41419,1.41419
1409,1.41419,1.41419
1410,1.41419,1.41419
1411,1.41419,1.41419
1412,1.41419,1.41419
1413,1.41419,1.41419
1414,1.41419,1.41419
1415,1.41419,1.41419
1416,1.41419,1.41419
1417,1.41419,1.41419
1418,1.41419,1.41419
1419,1.41419,1.41419
1420,1.41419,1.41419
1421,1.41419,1.41419
1422,1.19029,1.19029
1423,1.19029,1.19029
1424,1.03038,1.03038
1425,1.03038,1.03038
1426,0.54042,0.54042
1427,0.54042,0.54042
1428,0.54042,0.54042
1429,0.380506,0.380506
1430,0.380506,0.380506
1431,0.380506,0.380506
1432,0.380506,0.380506
1433,0.643501,0.643501
1434,0.643501,0.643501
1435,0.643501,0.643501
1436,0.643501,0.643501
1437,0.643501,0.643501
1438,0.54042,0.54042
1439,0.54042,0.54042
1440,0.54042,0.54042
1441,0.54042,0.54042
1442,5.74277,-0.54042
1443,5.74277,-0.54042
1444,5.74277,-0.54042
1445,5.74277,-0.54042
1446,5.60844,-0.674741
1447,5.60844,-0.674741
1448,5.60844,-0.674741
1449,5.38713,-0.896055
1450,5.38713,-0.896055
1451,5.38713,-0.896055
1452,4.8295,-1.45369
1453,4.8295,-1.45369
1454,4.8295,-1.45369
1455,4.8295,-1.45369
1456,4.8295,-1.45369
1457,4.8295,-1.45369
1458,4.8295,-1.45369
1459,4.8295,-1.45369
1460,4.8295,-1.45369
1461,4.78916,-1.49402
1462,4.78916,-1.49402
1463,4.78916,-1.49402
1464,4.78916,-1.49402
1465,4.78916,-1.49402
1466,4.78916,-1.49402
1467,4.78916,-1.49402
1468,4.66894,-1.61425
1469,4.66894,-1.61425
1470,4.66894,-1.61425
1471,4.66894,-1.61425
1472,4.66894,-1.61425
1473,4.66894,-1.61425
1474,4.66894,-1.61425
1475,4.66894,-1.61425
1476,4.66894,-1.61425
1477,4.66894,-1.61425
1478,4.66894,-1.61425
1479,4.66894,-1.61425
1480,4.66894,-1.61425
1481,4.66894,-1.61425
1482,4.66894,-1.61425
1483,4.66894,-1.61425
1484,4.66894,-1.61425
1485,4.66894,-1.61425
1486,4.66894,-1.61425
1487,4.75584,-1.52735
1488,4.75584,-1.52735
1489,4.75584,-1.52735
1490,4.75584,-1.52735
1491,4.75584,-1.52735
1492,4.75584,-1.52735
1493,4.75584,-1.52735
1494,4.75584,-1.52735
1495,4.75584,-1.52735
1496,4.75584,-1.52735
1497,4.75584,-1.52735
1498,6.11804,-0.165149
1499,6.11804,-0.165149
1500,6.11804,-0.165149
1501,6.11804,-0.165149
1502,6.11804,-0.165149
1503,6.11804,-0.165149
1504,4.95737,-1.32582
1505,4.95737,-1.32582
1506,4.95737,-1.32582
1507,4.95737,-1.32582
1508,4.95737,-1.32582
1509,0.896055,0.896055
1510,0.896055,0.896055
1511,0.896055,0.896055
1512,0.896055,0.896055
1513,0.896055,0.896055
1514,0.896055,0.896055
1515,1.32582,1.32582
1516,1.32582,1.32582
1517,1.32582,1.32582
1518,1.32582,1.32582
1519,0.982794,0.982794
1520,0.982794,0.982794
1521,0.982794,0.982794
1522,1.32582,1.32582
1523,1.32582,1.32582
1524,1.76819,1.76819
1525,1.76819,1.76819
1526,1.76819,1.76819
1527,1.76819,1.76819
1528,1.76819,1.76819
1529,1.76819,1.76819
1530,1.54378,1.54378
1531,1.54378,1.54378
1532,1.54378,1.54378
1533,1.54378,1.54378
1534,1.54378,1.54378
1535,1.54378,1.54378
1536,1.54378,1.54378
1537,1.54378,1.54378
1538,1.54378,1.54378
1539,1.54378,1.54378
1540,1.54378,1.54378
1541,1.54378,1.54378
1542,1.54378,1.54378
1543,1.54378,1.54378
1544,1.54378,1.54378
1545,1.54378,1.54378
1546,1.54378,1.54378
1547,1.54378,1.54378
1548,1.54378,1.54378
1549,1.54378,1.54378
1550,1.54378,1.54378
1551,1.54378,1.54378
1552,1.54378,1.54378
1553,1.54378,1.54378
1554,1.54378,1.54378
1555,1.54378,1.54378
1556,1.54378,1.54378
1557,1.54378,1.54378
1558,1.54378,1.54378
1559,1.54378,1.54378
1560,1.54378,1.54378
1561,1.54378,1.54378
1562,1.54378,1.54378
1563,1.54378,1.54378
1564,1.54378,1.54378
1565,1.54378,1.54378
1566,1.54378,1.54378
1567,1.54378,1.54378
1568,1.54378,1.54378
1569,1.54378,1.54378
1570,1.51026,1.51026
1571,1.51026,1.51026
1572,1.51026,1.51026
1573,1.51026,1.51026
1574,1.51026,1.51026
1575,1.51026,1.51026
1576,1.51026,1.51026
1577,1.51026,1.51026
1578,1.51026,1.51026
1579,1.51026,1.51026
1580,1.51026,1.51026
1581,1.51026,1.51026
1582,1.51026,1.51026
1583,1.51026,1.51026
1584,1.51026,1.51026
1585,1.51026,1.51026
1586,1.51026,1.51026
1587,1.49686,1.49686
1588,1.49686,1.49686
1589,1.49686,1.49686
1590,1.49686,1.49686
1591,1.49686,1.49686
1592,1.49686,1.49686
1593,1.49686,1.49686
1594,1.49686,1.49686
1595,1.49686,1.49686
1596,1.49686,1.49686
1597,1.49686,1.49686
1598,1.49686,1.49686
1599,1.49686,1.49686
1600,1.49686,1.49686
1601,1.35213,1.35213
1602,1.35213,1.35213
1603,1.35213,1.35213
1604,1.35213,1.35213
1605,1.35213,1.35213
1606,1.35213,1.35213
1607,1.4289,1.4289
1608,1.4289,1.4289
1609,1.4289,1.4289
1610,1.4289,1.4289
1611,1.4289,1.4289
1612,1.4289,1.4289
1613,1.4289,1.4289
1614,1.2925,1.2925
1615,1.2925,1.2925
1616,1.2925,1.2925
1617,1.2925,1.2925
1618,1.2925,1.2925
1619,1.39094,1.39094
1620,1.39094,1.39094
1621,1.39094,1.39094
1622,1.39094,1.39094
1623,1.39094,1.39094
1624,1.39094,1.39094
1625,1.39094,1.39094
1626,1.39094,1.39094
1627,1.39094,1.39094
1628,1.73595,1.73595
1629,1.73595,1.73595
1630,1.73595,1.73595
1631,1.9513,1.9513
1632,1.9513,1.9513
1633,1.9513,1.9513
1634,1.9513,1.9513
1635,1.9513,1.9513
1636,1.9513,1.9513
1637,1.9513,1.9513
1638,2.08994,2.08994
1639,2.08994,2.08994
1640,2.08994,2.08994
1641,2.08994,2.08994
1642,2.08994,2.08994
1643,2.08994,2.08994
1644,1.97569,1.97569
1645,1.97569,1.97569
1646,1.97569,1.97569
1647,1.97569,1.97569
1648,1.97569,1.97569
1649,1.97569,1.97569
1650,2.1588,2.1588
1651,2.1588,2.1588
1652,2.1588,2.1588
1653,1.89255,1.89255
1654,1.89255,1.89255
1655,1.89255,1.89255
1656,2.67795,2.67795
1657,3.46334,-2.81984
1658,3.46334,-2.81984
1659,3.46334,-2.81984
1660,3.46334,-2.81984
1661,2.81984,2.81984
1662,2.55359,2.55359
1663,2.1588,2.1588
1664,1.81577,1.81577
1665,1.81577,1.81577
1666,1.32582,1.32582
1667,1.32582,1.32582
1668,1.03038,1.03038
1669,1.03038,1.03038
1670,1.03038,1.03038
1671,1.03038,1.03038
1672,1.03038,1.03038
1673,1.03038,1.03038
1674,1.03038,1.03038
1675,2.2143,2.2143
1676,2.2143,2.2143
1677,2.2143,2.2143
1678,2.2143,2.2143
1679,2.2143,2.2143
1680,2.2143,2.2143
1681,1.89255,1.89255
1682,1.89255,1.89255
1683,1.32582,1.32582
1684,1.32582,1.32582
1685,1.32582,1.32582
1686,1.32582,1.32582
1687,1.76819,1.76819
1688,1.76819,1.76819
1689,1.76819,1.76819
1690,1.76819,1.76819
1691,1.76819,1.76819
1692,1.76819,1.76819
1693,1.40565,1.40565
1694,1.40565,1.40565
1695,1.40565,1.40565
1696,1.40565,1.40565
1697,1.40565,1.40565
1698,1.40565,1.40565
1699,1.73595,1.73595
1700,1.73595,1.73595
1701,1.73595,1.73595
1702,2.67795,2.67795
1703,2.67795,2.67795
1704,1.76819,1.76819
1705,1.76819,1.76819
1706,1.76819,1.76819
1707,1.3734,1.3734
1708,1.3734,1.3734
1709,0.982794,0.982794
1710,0.588003,0.588003
1711,0.321751,0.321751
1712,0.321751,0.321751
1713,0.321751,0.321751
1714,0.588003,0.588003
1715,0.982794,0.982794
1716,1.24905,1.24905
1717,1.24905,1.24905
1718,1.24905,1.24905
1719,1.24905,1.24905
1720,1.24905,1.24905
1721,1.24905,1.24905
1722,1.24905,1.24905
1723,0.982794,0.982794
1724,0.982794,0.982794
1725,0.982794,0.982794
1726,1.35213,1.35213
1727,1.35213,1.35213
1728,1.35213,1.35213
1729,1.35213,1.35213
1730,1.35213,1.35213
1731,1.47113,1.47113
1732,1.47113,1.47113
1733,1.47113,1.47113
1734,1.47113,1.47113
1735,1.47113,1.47113
1736,1.47113,1.47113
1737,1.47113,1.47113
1738,1.47113,1.47113
1739,1.47113,1.47113
1740,1.47113,1.47113
1741,1.2925,1.2925
1742,1.2925,1.2925
1743,1.2925,1.2925
1744,1.2925,1.2925
1745,1.2925,1.2925
1746,1.2925,1.2925
1747,1.2925,1.2925
1748,1.81577,1.81577
1749,1.81577,1.81577
1750,1.97569,1.97569
1751,1.97569,1.97569
1752,1.97569,1.97569
1753,1.97569,1.97569
1754,1.97569,1.97569
1755,1.97569,1.97569
1756,1.97569,1.97569
1757,1.81577,1.81577
1758,1.81577,1.81577
1759,1.32582,1.32582
1760,1.32582,1.32582
1761,0.982794,0.982794
1762,0.588003,0.588003
1763,0.588003,0.588003
1764,5.81954,-0.463648
1765,5.03414,-1.24905
1766,5.03414,-1.24905
1767,5.03414,-1.24905
1768,5.03414,-1.24905
1769,1.05165,1.05165
1770,1.05165,1.05165
1771,1.05165,1.05165
1772,1.05165,1.05165
1773,1.05165,1.05165
1774,1.1659,1.1659
1775,1.1659,1.1659
1776,1.1659,1.1659
1777,1.32582,1.32582
1778,1.32582,1.32582
1779,1.32582,1.32582
1780,1.32582,1.32582
1781,1.32582,1.32582
1782,1.32582,1.32582
1783,1.32582,1.32582
1784,1.32582,1.32582
1785,1.32582,1.32582
1786,0.982794,0.982794
1787,0.982794,0.982794
1788,0.982794,0.982794
1789,1.44644,1.44644
1790,1.44644,1.44644
1791,1.44644,1.44644
1792,1.44644,1.44644
1793,1.44644,1.44644
1794,1.44644,1.44644
1795,1.44644,1.44644
1796,1.44644,1.44644
1797,1.44644,1.44644
1798,1.44644,1.44644
1799,2.03444,2.03444
1800,2.67795,2.67795
1801,2.67795,2.67795
1802,2.03444,2.03444
1803,0.982794,0.982794
1804,0.982794,0.982794
1805,0.588003,0.588003
1806,0.197396,0.197396
1807,0.197396,0.197396
1808,0.197396,0.197396
1809,6.08579,-0.197396
1810,6.08579,-0.197396
1811,5.63968,-0.643501
1812,5.63968,-0.643501
1813,5.35589,-0.927295
1814,5.35589,-0.927295
1815,5.03414,-1.24905
1816,5.03414,-1.24905
1817,5.03414,-1.24905
1818,5.81954,-0.463648
1819,0.588003,0.588003
1820,0.588003,0.588003
1821,0.588003,0.588003
1822,0.588003,0.588003
1823,0.321751,0.321751
1824,0.321751,0.321751
1825,5.96143,-0.321751
1826,5.69518,-0.588003
1827,5.25281,-1.03038
1828,5.25281,-1.03038
1829,5.25281,-1.03038
1830,5.0929,-1.19029
1831,4.93106,-1.35213
1832,4.93106,-1.35213
1833,4.93106,-1.35213
1834,4.93106,-1.35213
1835,4.93106,-1.35213
1836,4.93106,-1.35213
1837,4.93106,-1.35213
1838,4.93106,-1.35213
1839,4.93106,-1.35213
1840,4.93106,-1.35213
1841,5.81954,-0.463648
1842,0.463648,0.463648
1843,0.463648,0.463648
1844,0.463648,0.463648
1845,5.81954,-0.463648
1846,5.81954,-0.463648
1847,5.81954,-0.463648
1848,0.463648,0.463648
1849,1.10715,1.10715
1850,1.73595,1.73595
1851,1.73595,1.73595
1852,1.73595,1.73595
1853,1.73595,1.73595
1854,1.73595,1.73595
1855,1.73595,1.73595
1856,1.73595,1.73595
1857,1.73595,1.73595
1858,2.49809,2.49809
1859,2.49809,2.49809
1860,2.49809,2.49809
1861,2.49809,2.49809
1862,2.2143,2.2143
1863,2.2143,2.2143
1864,1.76819,1.76819
1865,1.76819,1.76819
1866,1.76819,1.76819
1867,1.76819,1.76819
1868,1.76819,1.76819
1869,3.01724,3.01724
1870,3.01724,3.01724
1871,3.01724,3.01724
1872,3.01724,3.01724
1873,3.01724,3.01724
1874,3.01724,3.01724
1875,3.01724,3.01724
1876,3.01724,3.01724
1877,1.89255,1.89255
1878,1.89255,1.89255
1879,1.24905,1.24905
1880,1.24905,1.24905
1881,1.24905,1.24905
1882,1.24905,1.24905
1883,1.89255,1.89255
1884,2.44685,2.44685
1885,2.44685,2.44685
1886,2.44685,2.44685
1887,2.44685,2.44685
1888,2.44685,2.44685
1889,2.44685,2.44685
1890,2.44685,2.44685
1891,2.44685,2.44685
1892,2.44685,2.44685
1893,2.44685,2.44685
1894,2.44685,2.44685
1895,2.44685,2.44685
1896,2.44685,2.44685
1897,2.44685,2.44685
1898,2.44685,2.44685
1899,2.44685,2.44685
1900,2.44685,2.44685
1901,2.44685,2.44685
1902,2.44685,2.44685
1903,2.44685,2.44685
1904,2.44685,2.44685
1905,2.44685,2.44685
1906,2.62245,2.62245
1907,2.62245,2.62245
1908,2.62245,2.62245
1909,2.62245,2.62245
1910,2.62245,2.62245
1911,2.62245,2.62245
1912,2.62245,2.62245
1913,2.62245,2.62245
1914,2.46685,2.46685
1915,2.46685,2.46685
1916,2.46685,2.46685
1917,2.24554,2.24554
1918,2.24554,2.24554
1919,2.24554,2.24554
1920,1.89255,1.89255
1921,1.89255,1.89255
1922,1.89255,1.89255
1923,2.89661,2.89661
1924,2.89661,2.89661
1925,3.38657,-2.89661
1926,3.38657,-2.89661
1927,3.38657,-2.89661
1928,3.38657,-2.89661
1929,3.38657,-2.89661
1930,2.81984,2.81984
1931,2.46685,2.46685
1932,2.46685,2.46685
1933,2.46685,2.46685
1934,2.24554,2.24554
1935,2.24554,2.24554
1936,2.24554,2.24554
1937,2.19105,2.19105
1938,2.19105,2.19105
1939,2.19105,2.19105
1940,2.19105,2.19105
1941,2.19105,2.19105
1942,2.19105,2.19105
1943,0.982794,0.982794
1944,0.982794,0.982794
1945,0.588003,0.588003
1946,0.588003,0.588003
1947,0.588003,0.588003
1948,1.10715,1.10715
1949,2.03444,2.03444
1950,2.89661,2.89661
1951,2.89661,2.89661
1952,2.89661,2.89661
1953,2.89661,2.89661
1954,2.78282,2.78282
1955,2.78282,2.78282
1956,2.78282,2.78282
1957,2.78282,2.78282
1958,2.78282,2.78282
1959,2.78282,2.78282
1960,2.86329,2.86329
1961,2.86329,2.86329
1962,2.86329,2.86329
1963,2.86329,2.86329
1964,3.38657,-2.89661
1965,3.38657,-2.89661
1966,3.38657,-2.89661
1967,3.38657,-2.89661
1968,1.89255,1.89255
1969,1.89255,1.89255
1970,1.89255,1.89255
1971,3.04192,3.04192
1972,3.04192,3.04192
1973,3.04192,3.04192
1974,3.04192,3.04192
1975,3.04192,3.04192
1976,3.04192,3.04192
1977,3.04192,3.04192
1978,3.04192,3.04192
1979,3.04192,3.04192
1980,3.04192,3.04192
1981,2.86329,2.86329
1982,2.86329,2.86329
1983,2.86329,2.86329
1984,2.86329,2.86329
1985,2.86329,2.86329
1986,1.10715,1.10715
1987,1.10715,1.10715
1988,2.03444,2.03444
1989,2.81984,2.81984
1990,2.81984,2.81984
1991,3.46334,-2.81984
1992,3.7296,-2.55359
1993,3.7296,-2.55359
1994,3.7296,-2.55359
1995,3.7296,-2.55359
1996,2.89661,2.89661
1997,2.89661,2.89661
1998,2.89661,2.89661
1999,2.89661,2.89661
2000,2.89661,2.89661
2001,2.89661,2.89661
2002,2.55359,2.55359
2003,2.1588,2.1588
2004,2.1588,2.1588
2005,2.1588,2.1588
2006,2.89661,2.89661
2007,2.89661,2.89661
2008,3.28349,-2.9997
2009,3.28349,-2.9997
2010,3.28349,-2.9997
2011,3.28349,-2.9997
2012,3.28349,-2.9997
2013,3.28349,-2.9997
2014,3.28349,-2.9997
2015,2.9997,2.9997
2016,2.9997,2.9997
2017,2.9997,2.9997
2018,2.55359,2.55359
2019,2.1588,2.1588
2020,2.1588,2.1588
2021,2.1588,2.1588
2022,2.89661,2.89661
2023,2.89661,2.89661
2024,2.89661,2.89661
2025,2.89661,2.89661
2026,2.03444,2.03444
2027,1.10715,1.10715
2028,1.10715,1.10715
2029,1.10715,1.10715
2030,2.89661,2.89661
2031,2.89661,2.89661
2032,3.38657,-2.89661
2033,3.38657,-2.89661
2034,3.38657,-2.89661
2035,3.38657,-2.89661
2036,2.76109,2.76109
2037,2.76109,2.76109
2038,2.76109,2.76109
2039,2.76109,2.76109
2040,2.89661,2.89661
2041,2.89661,2.89661
2042,2.89661,2.89661
2043,2.89661,2.89661
2044,2.89661,2.89661
2045,2.89661,2.89661
2046,2.89661,2.89661
2047,2.89661,2.89661
2048,2.89661,2.89661
2049,2.03444,2.03444
2050,0.982794,0.982794
2051,0.982794,0.982794
2052,0.982794,0.982794
2053,0.982794,0.982794
2054,0.982794,0.982794
2055,2.03444,2.03444
2056,2.81984,2.81984
2057,2.81984,2.81984
2058,3.30674,-2.97644
2059,3.30674,-2.97644
2060,3.30674,-2.97644
2061,3.30674,-2.97644
2062,3.30674,-2.97644
2063,2.97644,2.97644
2064,2.97644,2.97644
2065,2.97644,2.97644
2066,2.55359,2.55359
2067,2.1588,2.1588
2068,1.71269,1.71269
2069,1.71269,1.71269
2070,1.71269,1.71269
2071,1.71269,1.71269
2072,1.71269,1.71269
2073,1.71269,1.71269
2074,1.71269,1.71269
2075,2.81984,2.81984
2076,2.81984,2.81984
2077,3.46334,-2.81984
2078,4.12439,-2.1588
2079,4.12439,-2.1588
2080,4.12439,-2.1588
2081,3.7296,-2.55359
2082,3.33899,-2.9442
2083,3.33899,-2.9442
2084,3.33899,-2.9442
2085,2.9442,2.9442
2086,2.9442,2.9442
2087,2.76109,2.76109
2088,2.76109,2.76109
2089,2.60117,2.60117
2090,2.46685,2.46685
2091,2.46685,2.46685
2092,2.46685,2.46685
2093,2.46685,2.46685
2094,2.46685,2.46685
2095,2.46685,2.46685
2096,2.46685,2.46685
2097,2.81984,2.81984
2098,2.81984,2.81984
2099,2.81984,2.81984
2100,2.49809,2.49809
2101,2.49809,2.49809
2102,2.2143,2.2143
2103,2.2143,2.2143
2104,1.89255,1.89255
2105,1.89255,1.89255
2106,1.89255,1.89255
2107,2.2143,2.2143
2108,2.2143,2.2143
2109,2.49809,2.49809
2110,2.49809,2.49809
2111,2.60117,2.60117
2112,2.60117,2.60117
2113,2.60117,2.60117
2114,2.60117,2.60117
2115,2.60117,2.60117
2116,2.60117,2.60117
2117,2.1588,2.1588
2118,2.1588,2.1588
2119,1.10715,1.10715
2120,1.10715,1.10715
2121,1.10715,1.10715
2122,2.55359,2.55359
2123,2.55359,2.55359
2124,2.81984,2.81984
2125,2.81984,2.81984
2126,2.81984,2.81984
2127,2.55359,2.55359
2128,2.55359,2.55359
2129,2.55359,2.55359
2130,2.76109,2.76109
2131,2.76109,2.76109
2132,2.76109,2.76109
2133,2.76109,2.76109
2134,2.76109,2.76109
2135,2.76109,2.76109
2136,2.76109,2.76109
2137,3.03094,3.03094
2138,3.03094,3.03094
2139,3.03094,3.03094
2140,3.03094,3.03094
2141,3.03094,3.03094
2142,3.03094,3.03094
2143,3.03094,3.03094
2144,3.03094,3.03094
2145,3.03094,3.03094
2146,2.55359,2.55359
2147,2.55359,2.55359
2148,2.55359,2.55359
2149,3.03094,3.03094
2150,3.03094,3.03094
2151,3.03094,3.03094
2152,3.03094,3.03094
2153,3.03094,3.03094
2154,3.25225,-3.03094
2155,3.25225,-3.03094
2156,3.25225,-3.03094
2157,3.25225,-3.03094
2158,4.24874,-2.03444
2159,5.17604,-1.10715
2160,5.17604,-1.10715
2161,5.17604,-1.10715
2162,3.60524,-2.67795
2163,2.49809,2.49809
2164,2.49809,2.49809
2165,2.49809,2.49809
2166,2.2143,2.2143
2167,2.2143,2.2143
2168,2.2143,2.2143
2169,2.2143,2.2143
2170,2.9442,2.9442
2171,2.9442,2.9442
2172,2.9442,2.9442
2173,2.9442,2.9442
2174,2.9442,2.9442
2175,2.55359,2.55359
2176,2.55359,2.55359
2177,2.55359,2.55359
2178,3.04192,3.04192
2179,3.04192,3.04192
2180,3.04192,3.04192
2181,3.04192,3.04192
2182,3.04192,3.04192
2183,3.04192,3.04192
2184,3.04192,3.04192
2185,3.04192,3.04192
2186,3.04192,3.04192
2187,3.04192,3.04192
2188,2.03444,2.03444
2189,1.10715,1.10715
2190,1.10715,1.10715
2191,1.10715,1.10715
2192,2.03444,2.03444
2193,2.81984,2.81984
2194,2.81984,2.81984
2195,3.46334,-2.81984
2196,3.7296,-2.55359
2197,4.12439,-2.1588
2198,4.39064,-1.89255
2199,4.39064,-1.89255
2200,4.39064,-1.89255
2201,3.60524,-2.67795
2202,2.89661,2.89661
2203,2.89661,2.89661
2204,2.89661,2.89661
2205,2.89661,2.89661
2206,2.89661,2.89661
2207,2.89661,2.89661
2208,2.55359,2.55359
2209,2.55359,2.55359
2210,2.55359,2.55359
2211,2.81984,2.81984
2212,2.81984,2.81984
2213,2.81984,2.81984
2214,2.81984,2.81984
2215,2.81984,2.81984
2216,2.81984,2.81984
2217,2.81984,2.81984
2218,2.42276,2.42276
2219,2.42276,2.42276
2220,2.42276,2.42276
2221,2.42276,2.42276
2222,2.42276,2.42276
2223,2.42276,2.42276
2224,2.28963,2.28963
2225,2.28963,2.28963
2226,2.28963,2.28963
2227,2.28963,2.28963
2228,2.28963,2.28963
2229,2.28963,2.28963
2230,1.76819,1.76819
2231,1.76819,1.76819
2232,1.76819,1.76819
2233,1.76819,1.76819
2234,1.76819,1.76819
2235,2.67795,2.67795
2236,3.78509,-2.49809
2237,3.78509,-2.49809
2238,3.78509,-2.49809
2239,3.78509,-2.49809
2240,3.78509,-2.49809
2241,3.78509,-2.49809
2242,3.78509,-2.49809
2243,2.40878,2.40878
2244,2.40878,2.40878
2245,2.40878,2.40878
2246,2.40878,2.40878
2247,2.40878,2.40878
2248,2.40878,2.40878
2249,2.40878,2.40878
2250,2.40878,2.40878
2251,2.40878,2.40878
2252,2.30361,2.30361
2253,2.30361,2.30361
2254,2.30361,2.30361
2255,2.30361,2.30361
2256,2.30361,2.30361
2257,2.30361,2.30361
2258,2.30361,2.30361
2259,2.30361,2.30361
2260,2.30361,2.30361
2261,1.10715,1.10715
2262,1.10715,1.10715
2263,1.10715,1.10715
2264,2.03444,2.03444
2265,2.81984,2.81984
2266,2.81984,2.81984
2267,3.38657,-2.89661
2268,3.38657,-2.89661
2269,3.38657,-2.89661
2270,3.38657,-2.89661
2271,2.89661,2.89661
2272,2.89661,2.89661
2273,2.76109,2.76109
2274,2.76109,2.76109
2275,2.60117,2.60117
2276,2.49809,2.49809
2277,2.49809,2.49809
2278,2.2143,2.2143
2279,2.2143,2.2143
2280,1.73595,1.73595
2281,1.73595,1.73595
2282,1.73595,1.73595
2283,1.73595,1.73595
2284,1.73595,1.73595
2285,1.73595,1.73595
2286,1.73595,1.73595
2287,3.78509,-2.49809
2288,3.78509,-2.49809
2289,3.78509,-2.49809
2290,3.78509,-2.49809
2291,3.78509,-2.49809
2292,3.78509,-2.49809
2293,2.42276,2.42276
2294,2.42276,2.42276
2295,2.42276,2.42276
2296,2.42276,2.42276
2297,2.42276,2.42276
2298,2.42276,2.42276
2299,2.42276,2.42276
2300,2.28963,2.28963
2301,2.28963,2.28963
2302,2.28963,2.28963
2303,2.28963,2.28963
2304,2.28963,2.28963
2305,2.28963,2.28963
2306,1.89255,1.89255
2307,1.89255,1.89255
2308,1.89255,1.89255
2309,2.1588,2.1588
2310,2.1588,2.1588
2311,2.1588,2.1588
2312,1.9513,1.9513
2313,1.9513,1.9513
2314,1.9513,1.9513
2315,1.9513,1.9513
2316,1.9513,1.9513
2317,2.11122,2.11122
2318,2.24554,2.24554
2319,2.24554,2.24554
2320,2.24554,2.24554
2321,2.46685,2.46685
2322,2.46685,2.46685
2323,2.46685,2.46685
2324,2.89661,2.89661
2325,2.89661,2.89661
2326,2.89661,2.89661
2327,2.89661,2.89661
2328,2.41495,2.41495
2329,2.41495,2.41495
2330,2.41495,2.41495
2331,2.41495,2.41495
2332,2.41495,2.41495
2333,2.41495,2.41495
2334,2.41495,2.41495
2335,2.29744,2.29744
2336,2.29744,2.29744
2337,2.29744,2.29744
2338,2.29744,2.29744
2339,2.29744,2.29744
2340,2.29744,2.29744
2341,2.29744,2.29744
2342,1.89255,1.89255
2343,1.89255,1.89255
2344,1.89255,1.89255
2345,2.1588,2.1588
2346,2.55359,2.55359
2347,2.81984,2.81984
2348,2.81984,2.81984
2349,2.81984,2.81984
2350,2.44685,2.44685
2351,2.44685,2.44685
2352,2.44685,2.44685
2353,2.44685,2.44685
2354,2.44685,2.44685
2355,2.44685,2.44685
2356,2.44685,2.44685
2357,2.44685,2.44685
2358,2.44685,2.44685
2359,2.44685,2.44685
2360,3.92699,-2.35619
2361,3.92699,-2.35619
2362,2.35619,2.35619
2363,1.32582,1.32582
2364,1.32582,1.32582
2365,1.32582,1.32582
2366,1.81577,1.81577
2367,1.81577,1.81577
2368,2.2143,2.2143
2369,2.2143,2.2143
2370,2.49809,2.49809
2371,2.49809,2.49809
2372,2.49809,2.49809
2373,3.60524,-2.67795
2374,3.60524,-2.67795
2375,3.60524,-2.67795
2376,2.55359,2.55359
2377,2.55359,2.55359
2378,2.55359,2.55359
2379,2.55359,2.55359
2380,2.55359,2.55359
2381,2.03444,2.03444
2382,2.03444,2.03444
2383,2.03444,2.03444
2384,2.03444,2.03444
2385,1.10715,1.10715
2386,1.10715,1.10715
2387,2.1588,2.1588
2388,2.1588,2.1588
2389,2.55359,2.55359
2390,2.81984,2.81984
2391,2.81984,2.81984
2392,3.46334,-2.81984
2393,3.7296,-2.55359
2394,3.7296,-2.55359
2395,3.7296,-2.55359
2396,3.46334,-2.81984
2397,3.46334,-2.81984
2398,2.81984,2.81984
2399,2.49809,2.49809
2400,2.49809,2.49809
2401,2.2143,2.2143
2402,2.2143,2.2143
2403,1.68145,1.68145
2404,1.68145,1.68145
2405,1.68145,1.68145
2406,1.68145,1.68145
2407,1.68145,1.68145
2408,1.68145,1.68145
2409,1.68145,1.68145
2410,1.68145,1.68145
2411,1.68145,1.68145
2412,2.11122,2.11122
2413,2.11122,2.11122
2414,2.11122,2.11122
2415,2.11122,2.11122
2416,2.11122,2.11122
2417,1.9513,1.9513
2418,1.9513,1.9513
2419,1.9513,1.9513
2420,1.9513,1.9513
2421,2.1588,2.1588
2422,2.1588,2.1588
2423,2.1588,2.1588
2424,1.89255,1.89255
2425,1.89255,1.89255
2426,1.24905,1.24905
2427,0.982794,0.982794
2428,0.982794,0.982794
2429,0.982794,0.982794
2430,1.3734,1.3734
2431,1.3734,1.3734
2432,1.3734,1.3734
2433,1.76819,1.76819
2434,1.76819,1.76819
2435,2.9442,2.9442
2436,2.9442,2.9442
2437,2.9442,2.9442
2438,2.9442,2.9442
2439,2.9442,2.9442
2440,1.89255,1.89255
2441,1.89255,1.89255
2442,1.89255,1.89255
2443,2.26553,2.26553
2444,2.26553,2.26553
2445,2.26553,2.26553
2446,2.26553,2.26553
2447,2.44685,2.44685
2448,2.44685,2.44685
2449,2.44685,2.44685
2450,2.44685,2.44685
2451,2.44685,2.44685
2452,3.7296,-2.55359
2453,3.7296,-2.55359
2454,4.12439,-2.1588
2455,4.12439,-2.1588
2456,4.12439,-2.1588
2457,4.12439,-2.1588
2458,3.7296,-2.55359
2459,3.30674,-2.97644
2460,3.30674,-2.97644
2461,3.30674,-2.97644
2462,2.97644,2.97644
2463,2.97644,2.97644
2464,2.97644,2.97644
2465,1.89255,1.89255
2466,1.89255,1.89255
2467,1.89255,1.89255
2468,2.67795,2.67795
2469,3.7296,-2.55359
2470,3.7296,-2.55359
2471,3.7296,-2.55359
2472,3.7296,-2.55359
2473,3.46334,-2.81984
2474,3.46334,-2.81984
2475,3.46334,-2.81984
2476,3.83633,-2.44685
2477,3.83633,-2.44685
2478,3.83633,-2.44685
2479,3.83633,-2.44685
2480,4.01765,-2.26553
2481,4.01765,-2.26553
2482,4.01765,-2.26553
2483,4.01765,-2.26553
2484,4.01765,-2.26553
2485,4.01765,-2.26553
2486,4.01765,-2.26553
2487,3.7296,-2.55359
2488,3.33899,-2.9442
2489,3.33899,-2.9442
2490,3.33899,-2.9442
2491,3.33899,-2.9442
2492,3.33899,-2.9442
2493,4.39064,-1.89255
2494,4.39064,-1.89255
2495,4.39064,-1.89255
2496,4.12439,-2.1588
2497,4.12439,-2.1588
2498,4.12439,-2.1588
2499,4.46741,-1.81577
2500,4.46741,-1.81577
2501,4.46741,-1.81577
2502,4.46741,-1.81577
2503,4.06889,-2.2143
2504,4.06889,-2.2143
2505,4.06889,-2.2143
2506,4.06889,-2.2143
2507,4.06889,-2.2143
2508,4.39064,-1.89255
2509,4.39064,-1.89255
2510,4.39064,-1.89255
2511,4.00376,-2.27942
2512,4.00376,-2.27942
2513,4.00376,-2.27942
2514,4.00376,-2.27942
2515,4.00376,-2.27942
2516,4.00376,-2.27942
2517,4.00376,-2.27942
2518,4.00376,-2.27942
2519,4.00376,-2.27942
2520,4.00376,-2.27942
2521,4.00376,-2.27942
2522,4.09214,-2.19105
2523,4.09214,-2.19105
2524,4.09214,-2.19105
2525,4.09214,-2.19105
2526,4.09214,-2.19105
2527,4.54724,-1.73595
2528,4.54724,-1.73595
2529,4.54724,-1.73595
2530,4.54724,-1.73595
2531,4.54724,-1.73595
2532,4.54724,-1.73595
2533,3.7296,-2.55359
2534,3.7296,-2.55359
2535,3.7296,-2.55359
2536,4.12439,-2.1588
2537,4.39064,-1.89255
2538,4.39064,-1.89255
2539,4.39064,-1.89255
