n,tangent,t2
0,5.17604,-1.10715
1,5.17604,-1.10715
2,5.17604,-1.10715
3,6.08579,-0.197396
4,6.08579,-0.197396
5,6.08579,-0.197396
6,0.197396,0.197396
7,0.197396,0.197396
8,0.197396,0.197396
9,0.197396,0.197396
10,0.197396,0.197396
11,6.03821,-0.244979
12,6.03821,-0.244979
13,5.17604,-1.10715
14,4.17197,-2.11122
15,4.17197,-2.11122
16,4.17197,-2.11122
17,4.17197,-2.11122
18,4.17197,-2.11122
19,4.17197,-2.11122
20,4.33188,-1.9513
21,4.60173,-1.68145
22,4.60173,-1.68145
23,4.60173,-1.68145
24,4.60173,-1.68145
25,4.60173,-1.68145
26,4.60173,-1.68145
27,4.60173,-1.68145
28,4.60173,-1.68145
29,4.60173,-1.68145
30,4.43409,-1.8491
31,4.43409,-1.8491
32,4.43409,-1.8491
33,4.43409,-1.8491
34,4.43409,-1.8491
35,4.62925,-1.65394
36,4.62925,-1.65394
37,4.62925,-1.65394
38,4.62925,-1.65394
39,4.62925,-1.65394
40,4.62925,-1.65394
41,4.79553,-1.48766
42,4.79553,-1.48766
43,4.79553,-1.48766
44,4.79553,-1.48766
45,4.79553,-1.48766
46,4.79553,-1.48766
47,5.30039,-0.982794
48,5.69518,-0.588003
49,5.69518,-0.588003
50,5.69518,-0.588003
51,5.35589,-0.927295
52,5.35589,-0.927295
53,5.35589,-0.927295
54,5.35589,-0.927295
55,5.35589,-0.927295
56,5.35589,-0.927295
57,5.35589,-0.927295
58,5.03414,-1.24905
59,5.03414,-1.24905
60,4.39064,-1.89255
61,4.39064,-1.89255
62,4.39064,-1.89255
63,6.08579,-0.197396
64,6.08579,-0.197396
65,6.08579,-0.197396
66,0.141897,0.141897
67,0.141897,0.141897
68,0.141897,0.141897
69,0.141897,0.141897
70,0.141897,0.141897
71,0.141897,0.141897
72,0.141897,0.141897
73,6.14129,-0.141897
74,6.14129,-0.141897
75,6.14129,-0.141897
76,4.95737,-1.32582
77,4.95737,-1.32582
78,4.95737,-1.32582
79,4.95737,-1.32582
80,5.25281,-1.03038
81,5.25281,-1.03038
82,5.25281,-1.03038
83,5.25281,-1.03038
84,5.25281,-1.03038
85,5.0929,-1.19029
86,4.95737,-1.32582
87,4.95737,-1.32582
88,4.95737,-1.32582
89,4.95737,-1.32582
90,5.30039,-0.982794
91,5.69518,-0.588003
92,6.14129,-0.141897
93,6.14129,-0.141897
94,6.14129,-0.141897
95,6.14129,-0.141897
96,6.14129,-0.141897
97,6.14129,-0.141897
98,6.14129,-0.141897
99,6.14129,-0.141897
100,6.14129,-0.141897
101,6.14129,-0.141897
102,6.14129,-0.141897
103,0.197396,0.197396
104,0.197396,0.197396
105,0.674741,0.674741
106,0.674741,0.674741
107,0.674741,0.674741
108,0.674741,0.674741
109,0.674741,0.674741
110,0.674741,0.674741
111,0.674741,0.674741
112,0.321751,0.321751
113,0.321751,0.321751
114,0.321751,0.321751
115,1.32582,1.32582
116,1.32582,1.32582
117,1.32582,1.32582
118,1.32582,1.32582
119,0.463648,0.463648
120,0.463648,0.463648
121,1.24905,1.24905
122,1.24905,1.24905
123,1.24905,1.24905
124,0.982794,0.982794
125,0.588003,0.588003
126,0.588003,0.588003
127,0.588003,0.588003
128,1.19029,1.19029
129,1.19029,1.19029
130,1.19029,1.19029
131,1.32582,1.32582
132,1.32582,1.32582
133,1.32582,1.32582
134,1.32582,1.32582
135,0.244979,0.244979
136,0.244979,0.244979
137,0.244979,0.244979
138,0.244979,0.244979
139,0.643501,0.643501
140,0.643501,0.643501
141,0.927295,0.927295
142,0.927295,0.927295
143,1.24905,1.24905
144,1.24905,1.24905
145,1.24905,1.24905
146,0.463648,0.463648
147,0.463648,0.463648
148,0.463648,0.463648
149,0.463648,0.463648
150,0.463648,0.463648
151,1.41815,1.41815
152,1.41815,1.41815
153,1.41815,1.41815
154,1.41815,1.41815
155,1.41815,1.41815
156,1.41815,1.41815
157,1.41815,1.41815
158,1.41815,1.41815
159,1.41815,1.41815
160,1.41815,1.41815
161,1.41815,1.41815
162,1.41815,1.41815
163,1.41815,1.41815
164,1.41815,1.41815
165,1.35213,1.35213
166,1.35213,1.35213
167,1.35213,1.35213
168,1.35213,1.35213
169,1.35213,1.35213
170,0.927295,0.927295
171,0.927295,0.927295
172,0.643501,0.643501
173,0.643501,0.643501
174,0.321751,0.321751
175,0.321751,0.321751
176,5.96143,-0.321751
177,4.85429,-1.4289
178,4.85429,-1.4289
179,4.85429,-1.4289
180,4.85429,-1.4289
181,4.57049,-1.71269
182,4.57049,-1.71269
183,4.57049,-1.71269
184,4.57049,-1.71269
185,4.57049,-1.71269
186,4.57049,-1.71269
187,4.57049,-1.71269
188,4.90978,-1.3734
189,4.90978,-1.3734
190,5.30039,-0.982794
191,5.69518,-0.588003
192,5.69518,-0.588003
193,0.321751,0.321751
194,0.321751,0.321751
195,0.321751,0.321751
196,0.321751,0.321751
197,0.321751,0.321751
198,0.732815,0.732815
199,0.732815,0.732815
200,0.732815,0.732815
201,0.732815,0.732815
202,0.732815,0.732815
203,0.732815,0.732815
204,0.732815,0.732815
205,0.732815,0.732815
206,0.837981,0.837981
207,0.837981,0.837981
208,0.837981,0.837981
209,0.837981,0.837981
210,0.837981,0.837981
211,0.837981,0.837981
212,0.837981,0.837981
213,0.837981,0.837981
214,1.03038,1.03038
215,1.03038,1.03038
216,1.19029,1.19029
217,1.44644,1.44644
218,1.44644,1.44644
219,1.44644,1.44644
220,1.44644,1.44644
221,1.68145,1.68145
222,1.68145,1.68145
223,1.68145,1.68145
224,1.68145,1.68145
225,1.68145,1.68145
226,1.68145,1.68145
227,1.68145,1.68145
228,1.68145,1.68145
229,1.68145,1.68145
230,1.68145,1.68145
231,1.68145,1.68145
232,1.68145,1.68145
233,1.68145,1.68145
234,1.68145,1.68145
235,1.9513,1.9513
236,1.9513,1.9513
237,2.11122,2.11122
238,2.11122,2.11122
239,2.11122,2.11122
240,2.11122,2.11122
241,2.11122,2.11122
242,0.785398,0.785398
243,6.25094,-0.0322469
244,6.25094,-0.0322469
245,6.25094,-0.0322469
246,6.25094,-0.0322469
247,6.25094,-0.0322469
248,6.25094,-0.0322469
249,6.25094,-0.0322469
250,6.25094,-0.0322469
251,6.25094,-0.0322469
252,6.25094,-0.0322469
253,6.25094,-0.0322469
254,6.25094,-0.0322469
255,6.25094,-0.0322469
256,6.25094,-0.0322469
257,6.25094,-0.0322469
258,6.25094,-0.0322469
259,6.25094,-0.0322469
260,0.0322469,0.0322469
261,0.0322469,0.0322469
262,0.0322469,0.0322469
263,0.0322469,0.0322469
264,0.0322469,0.0322469
265,0.0322469,0.0322469
266,0.0322469,0.0322469
267,0.0322469,0.0322469
268,0.0322469,0.0322469
269,0.0322469,0.0322469
270,0.0322469,0.0322469
271,0.0322469,0.0322469
272,0.0322469,0.0322469
273,0.0322469,0.0322469
274,0.0322469,0.0322469
275,0.588003,0.588003
276,0.588003,0.588003
277,0.588003,0.588003
278,0.588003,0.588003
279,6.15063,-0.132552
280,6.15063,-0.132552
281,6.15063,-0.132552
282,6.15063,-0.132552
283,6.15063,-0.132552
284,6.15063,-0.132552
285,6.15063,-0.132552
286,6.15063,-0.132552
287,6.15063,-0.132552
288,6.15063,-0.132552
289,6.15063,-0.132552
290,6.15063,-0.132552
291,6.15063,-0.132552
292,6.15063,-0.132552
293,6.15063,-0.132552
294,6.15063,-0.132552
295,6.15063,-0.132552
296,6.15063,-0.132552
297,6.13054,-0.152649
298,6.13054,-0.152649
299,6.13054,-0.152649
300,6.13054,-0.152649
301,6.10851,-0.174672
302,6.10851,-0.174672
303,6.10851,-0.174672
304,6.09784,-0.185348
305,6.09784,-0.185348
306,6.09784,-0.185348
307,6.09784,-0.185348
308,6.09784,-0.185348
309,6.09784,-0.185348
310,6.07569,-0.207496
311,6.07569,-0.207496
312,6.07569,-0.207496
313,6.07569,-0.207496
314,6.07569,-0.207496
315,6.07569,-0.207496
316,6.07569,-0.207496
317,6.07569,-0.207496
318,6.07569,-0.207496
319,6.07569,-0.207496
320,6.07569,-0.207496
321,4.90978,-1.3734
322,4.90978,-1.3734
323,4.90978,-1.3734
324,4.90978,-1.3734
325,4.90978,-1.3734
326,5.90268,-0.380506
327,5.90268,-0.380506
328,5.90268,-0.380506
329,6.11804,-0.165149
330,6.11804,-0.165149
331,6.11804,-0.165149
332,6.11804,-0.165149
333,6.11804,-0.165149
334,6.11804,-0.165149
335,5.69518,-0.588003
336,5.30039,-0.982794
337,4.99069,-1.2925
338,4.99069,-1.2925
339,4.99069,-1.2925
340,4.99069,-1.2925
341,4.99069,-1.2925
342,4.99069,-1.2925
343,4.99069,-1.2925
344,4.99069,-1.2925
345,6.13054,-0.152649
346,6.13054,-0.152649
347,6.13054,-0.152649
348,6.13054,-0.152649
349,6.13054,-0.152649
350,6.13054,-0.152649
351,6.13054,-0.152649
352,6.15883,-0.124355
353,6.15883,-0.124355
354,6.15883,-0.124355
355,6.15883,-0.124355
356,0.124355,0.124355
357,0.124355,0.124355
358,0.124355,0.124355
359,0.124355,0.124355
360,0.643501,0.643501
361,0.643501,0.643501
362,0.927295,0.927295
363,0.927295,0.927295
364,1.3734,1.3734
365,1.3734,1.3734
366,1.3734,1.3734
367,1.3734,1.3734
368,1.3734,1.3734
369,0.54042,0.54042
370,0.54042,0.54042
371,0.54042,0.54042
372,0.54042,0.54042
373,0.54042,0.54042
374,0.54042,0.54042
375,0.982794,0.982794
376,1.52735,1.52735
377,1.52735,1.52735
378,1.52735,1.52735
379,1.52735,1.52735
380,1.52735,1.52735
381,1.52735,1.52735
382,1.52735,1.52735
383,1.52735,1.52735
384,1.52735,1.52735
385,1.52735,1.52735
386,1.52735,1.52735
387,1.52735,1.52735
388,1.52735,1.52735
389,1.52735,1.52735
390,1.52735,1.52735
391,1.52735,1.52735
392,1.52735,1.52735
393,1.52735,1.52735
394,1.52735,1.52735
395,1.52735,1.52735
396,1.52735,1.52735
397,1.52735,1.52735
398,1.52735,1.52735
399,1.43824,1.43824
400,1.43824,1.43824
401,1.43824,1.43824
402,1.43824,1.43824
403,1.43824,1.43824
404,1.43824,1.43824
405,1.43824,1.43824
406,1.43824,1.43824
407,1.35213,1.35213
408,1.35213,1.35213
409,1.35213,1.35213
410,1.35213,1.35213
411,1.35213,1.35213
412,1.19029,1.19029
413,1.19029,1.19029
414,1.19029,1.19029
415,1.19029,1.19029
416,1.19029,1.19029
417,2.03444,2.03444
418,2.03444,2.03444
419,2.03444,2.03444
420,0.927295,0.927295
421,0.927295,0.927295
422,0.927295,0.927295
423,0.643501,0.643501
424,0.643501,0.643501
425,0.643501,0.643501
426,0.643501,0.643501
427,0.643501,0.643501
428,0.643501,0.643501
429,0.643501,0.643501
430,0.643501,0.643501
431,5.69518,-0.588003
432,5.69518,-0.588003
433,5.69518,-0.588003
434,5.69518,-0.588003
435,5.69518,-0.588003
436,5.69518,-0.588003
437,5.69518,-0.588003
438,5.69518,-0.588003
439,5.69518,-0.588003
440,1.3734,1.3734
441,1.3734,1.3734
442,1.3734,1.3734
443,1.3734,1.3734
444,1.3734,1.3734
445,0.982794,0.982794
446,0.588003,0.588003
447,0.124355,0.124355
448,0.124355,0.124355
449,0.124355,0.124355
450,0.124355,0.124355
451,6.15883,-0.124355
452,6.15883,-0.124355
453,6.15883,-0.124355
454,6.15883,-0.124355
455,5.69518,-0.588003
456,5.69518,-0.588003
457,5.69518,-0.588003
458,5.69518,-0.588003
459,5.69518,-0.588003
460,5.69518,-0.588003
461,5.30039,-0.982794
462,5.03414,-1.24905
463,5.03414,-1.24905
464,5.03414,-1.24905
465,5.30039,-0.982794
466,5.30039,-0.982794
467,5.30039,-0.982794
468,0.588003,0.588003
469,0.588003,0.588003
470,0.588003,0.588003
471,0.321751,0.321751
472,0.321751,0.321751
473,6.08579,-0.197396
474,6.08579,-0.197396
475,6.08579,-0.197396
476,6.08579,-0.197396
477,6.08579,-0.197396
478,6.08579,-0.197396
479,6.08579,-0.197396
480,5.69518,-0.588003
481,5.30039,-0.982794
482,4.82305,-1.46014
483,4.82305,-1.46014
484,4.82305,-1.46014
485,4.82305,-1.46014
486,4.82305,-1.46014
487,4.82305,-1.46014
488,4.82305,-1.46014
489,4.82305,-1.46014
490,4.82305,-1.46014
491,5.0929,-1.19029
492,5.0929,-1.19029
493,5.0929,-1.19029
494,5.0929,-1.19029
495,4.83674,-1.44644
496,4.83674,-1.44644
497,4.83674,-1.44644
498,4.83674,-1.44644
499,4.58803,-1.69515
500,4.58803,-1.69515
501,4.58803,-1.69515
502,4.58803,-1.69515
503,4.5013,-1.78189
504,4.5013,-1.78189
505,4.5013,-1.78189
506,4.5013,-1.78189
507,4.5013,-1.78189
508,4.5013,-1.78189
509,4.5013,-1.78189
510,4.5013,-1.78189
511,4.5013,-1.78189
512,4.53254,-1.75065
513,4.53254,-1.75065
514,4.53254,-1.75065
515,4.57049,-1.71269
516,4.57049,-1.71269
517,4.57049,-1.71269
518,4.57049,-1.71269
519,4.85429,-1.4289
520,4.85429,-1.4289
521,4.85429,-1.4289
522,5.30039,-0.982794
523,5.30039,-0.982794
524,5.30039,-0.982794
525,4.83674,-1.44644
526,4.83674,-1.44644
527,4.83674,-1.44644
528,4.83674,-1.44644
529,4.83674,-1.44644
530,4.83674,-1.44644
531,4.83674,-1.44644
532,4.83674,-1.44644
533,5.30039,-0.982794
534,5.74277,-0.54042
535,5.74277,-0.54042
536,5.74277,-0.54042
537,5.74277,-0.54042
538,5.74277,-0.54042
539,5.74277,-0.54042
540,5.74277,-0.54042
541,5.30039,-0.982794
542,5.30039,-0.982794
543,4.09214,-2.19105
544,4.09214,-2.19105
545,4.09214,-2.19105
546,4.09214,-2.19105
547,4.09214,-2.19105
548,4.09214,-2.19105
549,4.09214,-2.19105
550,4.09214,-2.19105
551,4.09214,-2.19105
552,4.09214,-2.19105
553,4.09214,-2.19105
554,4.17197,-2.11122
555,4.17197,-2.11122
556,4.33188,-1.9513
557,4.33188,-1.9513
558,4.33188,-1.9513
559,4.33188,-1.9513
560,4.17197,-2.11122
561,4.17197,-2.11122
562,4.17197,-2.11122
563,4.17197,-2.11122
564,4.17197,-2.11122
565,4.17197,-2.11122
566,4.17197,-2.11122
567,5.17604,-1.10715
568,5.17604,-1.10715
569,5.17604,-1.10715
570,3.46334,-2.81984
571,3.46334,-2.81984
572,3.46334,-2.81984
573,3.81633,-2.46685
574,3.81633,-2.46685
575,3.81633,-2.46685
576,4.03765,-2.24554
577,4.03765,-2.24554
578,4.03765,-2.24554
579,4.39064,-1.89255
580,4.39064,-1.89255
581,4.39064,-1.89255
582,4.12439,-2.1588
583,4.12439,-2.1588
584,4.12439,-2.1588
585,4.43409,-1.8491
586,4.43409,-1.8491
587,4.43409,-1.8491
588,4.43409,-1.8491
589,4.58803,-1.69515
590,4.58803,-1.69515
591,4.58803,-1.69515
592,4.58803,-1.69515
593,4.83674,-1.44644
594,4.83674,-1.44644
595,4.83674,-1.44644
596,4.83674,-1.44644
597,5.43122,-0.851966
598,5.43122,-0.851966
599,5.43122,-0.851966
600,5.43122,-0.851966
601,5.43122,-0.851966
602,5.43122,-0.851966
603,5.56436,-0.71883
604,5.56436,-0.71883
605,5.56436,-0.71883
606,5.56436,-0.71883
607,5.56436,-0.71883
608,5.56436,-0.71883
609,6.11804,-0.165149
610,6.11804,-0.165149
611,6.11804,-0.165149
612,6.11804,-0.165149
613,6.11804,-0.165149
614,6.11804,-0.165149
615,5.63968,-0.643501
616,5.63968,-0.643501
617,5.63968,-0.643501
618,5.63968,-0.643501
619,5.63968,-0.643501
620,6.06452,-0.218669
621,6.06452,-0.218669
622,6.06452,-0.218669
623,6.06452,-0.218669
624,6.06452,-0.218669
625,6.14766,-0.135528
626,6.14766,-0.135528
627,6.14766,-0.135528
628,6.14766,-0.135528
629,6.14766,-0.135528
630,6.14766,-0.135528
631,6.14766,-0.135528
632,6.14766,-0.135528
633,6.14766,-0.135528
634,6.14766,-0.135528
635,6.14766,-0.135528
636,6.14766,-0.135528
637,6.14766,-0.135528
638,6.14766,-0.135528
639,6.14766,-0.135528
640,6.14766,-0.135528
641,6.17253,-0.110657
642,6.17253,-0.110657
643,6.17253,-0.110657
644,6.17253,-0.110657
645,6.17253,-0.110657
646,0.110657,0.110657
647,0.110657,0.110657
648,0.110657,0.110657
649,0.110657,0.110657
650,0.132552,0.132552
651,0.132552,0.132552
652,0.132552,0.132552
653,0.132552,0.132552
654,0.132552,0.132552
655,0.132552,0.132552
656,0.132552,0.132552
657,0.132552,0.132552
658,0.68573,0.68573
659,0.68573,0.68573
660,0.68573,0.68573
661,0.68573,0.68573
662,0.68573,0.68573
663,0.68573,0.68573
664,0.68573,0.68573
665,0.68573,0.68573
666,0.68573,0.68573
667,0.68573,0.68573
668,0.68573,0.68573
669,0.68573,0.68573
670,0.68573,0.68573
671,0.876058,0.876058
672,0.876058,0.876058
673,0.876058,0.876058
674,0.876058,0.876058
675,1.24905,1.24905
676,1.24905,1.24905
677,1.24905,1.24905
678,0.851966,0.851966
679,0.851966,0.851966
680,0.851966,0.851966
681,0.851966,0.851966
682,0.851966,0.851966
683,0.851966,0.851966
684,0.851966,0.851966
685,0.851966,0.851966
686,0.851966,0.851966
687,0.851966,0.851966
688,0.851966,0.851966
689,0.851966,0.851966
690,0.851966,0.851966
691,1.43824,1.43824
692,1.43824,1.43824
693,1.43824,1.43824
694,1.43824,1.43824
695,1.43824,1.43824
696,1.43824,1.43824
697,1.43824,1.43824
698,1.43824,1.43824
699,1.43824,1.43824
700,1.43824,1.43824
701,1.43824,1.43824
702,1.43824,1.43824
703,1.43824,1.43824
704,1.43824,1.43824
705,1.43824,1.43824
706,1.43824,1.43824
707,0.968509,0.968509
708,0.968509,0.968509
709,0.968509,0.968509
710,0.968509,0.968509
711,0.968509,0.968509
712,0.968509,0.968509
713,0.968509,0.968509
714,0.968509,0.968509
715,0.968509,0.968509
716,0.968509,0.968509
717,0.968509,0.968509
718,0.968509,0.968509
719,0.968509,0.968509
720,0.968509,0.968509
721,0.968509,0.968509
722,0.996491,0.996491
723,0.996491,0.996491
724,0.996491,0.996491
725,0.996491,0.996491
726,0.996491,0.996491
727,0.996491,0.996491
728,0.996491,0.996491
729,0.996491,0.996491
730,0.996491,0.996491
731,0.996491,0.996491
732,1.05165,1.05165
733,1.05165,1.05165
734,1.05165,1.05165
735,1.1659,1.1659
736,1.1659,1.1659
737,1.1659,1.1659
738,1.46014,1.46014
739,1.46014,1.46014
740,1.46014,1.46014
741,1.46014,1.46014
742,1.46014,1.46014
743,1.68145,1.68145
744,1.68145,1.68145
745,1.68145,1.68145
746,1.68145,1.68145
747,2.1588,2.1588
748,2.1588,2.1588
749,2.1588,2.1588
750,1.81577,1.81577
751,1.81577,1.81577
752,1.46592,1.46592
753,1.46592,1.46592
754,1.46592,1.46592
755,1.46592,1.46592
756,1.46592,1.46592
757,1.46592,1.46592
758,1.46592,1.46592
759,1.46592,1.46592
760,1.46592,1.46592
761,1.46592,1.46592
762,1.46592,1.46592
763,1.46592,1.46592
764,1.46592,1.46592
765,1.49402,1.49402
766,1.49402,1.49402
767,1.49402,1.49402
768,1.49402,1.49402
769,1.49402,1.49402
770,1.49402,1.49402
771,1.49402,1.49402
772,1.49402,1.49402
773,1.49402,1.49402
774,1.49402,1.49402
775,1.49402,1.49402
776,1.49402,1.49402
777,1.49402,1.49402
778,1.19029,1.19029
779,1.19029,1.19029
780,1.03038,1.03038
781,1.03038,1.03038
782,1.03038,1.03038
783,1.03038,1.03038
784,1.3734,1.3734
785,1.3734,1.3734
786,1.3734,1.3734
787,1.76819,1.76819
788,1.76819,1.76819
789,2.24554,2.24554
790,2.24554,2.24554
791,2.24554,2.24554
792,2.24554,2.24554
793,2.24554,2.24554
794,2.24554,2.24554
795,2.24554,2.24554
796,2.24554,2.24554
797,1.10715,1.10715
798,0.165149,0.165149
799,0.165149,0.165149
800,0.165149,0.165149
801,0.165149,0.165149
802,0.165149,0.165149
803,0.165149,0.165149
804,1.3734,1.3734
805,1.3734,1.3734
806,1.3734,1.3734
807,1.76819,1.76819
808,1.76819,1.76819
809,1.9513,1.9513
810,1.9513,1.9513
811,1.9513,1.9513
812,1.9513,1.9513
813,1.9513,1.9513
814,1.24905,1.24905
815,1.24905,1.24905
816,1.24905,1.24905
817,1.24905,1.24905
818,1.24905,1.24905
819,1.24905,1.24905
820,1.24905,1.24905
821,1.81577,1.81577
822,1.81577,1.81577
823,1.81577,1.81577
824,1.81577,1.81577
825,1.32582,1.32582
826,1.32582,1.32582
827,0.927295,0.927295
828,0.927295,0.927295
829,0.643501,0.643501
830,0.643501,0.643501
831,0.643501,0.643501
832,0.643501,0.643501
833,0.643501,0.643501
834,2.67795,2.67795
835,2.67795,2.67795
836,2.03444,2.03444
837,2.03444,2.03444
838,2.03444,2.03444
839,2.03444,2.03444
840,0.463648,0.463648
841,0.463648,0.463648
842,1.32582,1.32582
843,1.32582,1.32582
844,1.32582,1.32582
845,1.32582,1.32582
846,0.927295,0.927295
847,0.927295,0.927295
848,0.643501,0.643501
849,0.643501,0.643501
850,0.321751,0.321751
851,0.321751,0.321751
852,0.321751,0.321751
853,1.32582,1.32582
854,1.32582,1.32582
855,1.81577,1.81577
856,1.81577,1.81577
857,2.1588,2.1588
858,2.1588,2.1588
859,2.1588,2.1588
860,1.76819,1.76819
861,1.76819,1.76819
862,1.76819,1.76819
863,1.4289,1.4289
864,1.4289,1.4289
865,1.4289,1.4289
866,1.4289,1.4289
867,1.4289,1.4289
868,1.4289,1.4289
869,1.4289,1.4289
870,1.71269,1.71269
871,1.71269,1.71269
872,1.71269,1.71269
873,1.75065,1.75065
874,1.75065,1.75065
875,1.75065,1.75065
876,1.75065,1.75065
877,1.75065,1.75065
878,1.75065,1.75065
879,1.75065,1.75065
880,1.75065,1.75065
881,1.46014,1.46014
882,1.46014,1.46014
883,1.46014,1.46014
884,1.46014,1.46014
885,1.46014,1.46014
886,1.46014,1.46014
887,1.68145,1.68145
888,1.68145,1.68145
889,1.68145,1.68145
890,1.68145,1.68145
891,1.78947,1.78947
892,1.78947,1.78947
893,1.78947,1.78947
894,1.78947,1.78947
895,1.78947,1.78947
896,2.1588,2.1588
897,2.1588,2.1588
898,2.1588,2.1588
899,1.81577,1.81577
900,1.81577,1.81577
901,1.32582,1.32582
902,1.32582,1.32582
903,0.588003,0.588003
904,0.588003,0.588003
905,0.588003,0.588003
906,0.982794,0.982794
907,1.32582,1.32582
908,1.32582,1.32582
909,1.73595,1.73595
910,1.73595,1.73595
911,1.73595,1.73595
912,1.73595,1.73595
913,1.73595,1.73595
914,1.73595,1.73595
915,1.40565,1.40565
916,1.40565,1.40565
917,1.40565,1.40565
918,0.218669,0.218669
919,0.218669,0.218669
920,0.218669,0.218669
921,0.218669,0.218669
922,0.218669,0.218669
923,0.165149,0.165149
924,0.165149,0.165149
925,0.165149,0.165149
926,0.165149,0.165149
927,0.165149,0.165149
928,0.165149,0.165149
929,0.674741,0.674741
930,0.674741,0.674741
931,0.674741,0.674741
932,0.896055,0.896055
933,0.896055,0.896055
934,0.896055,0.896055
935,1.03038,1.03038
936,1.03038,1.03038
937,1.03038,1.03038
938,1.03038,1.03038
939,1.03038,1.03038
940,0.896055,0.896055
941,0.896055,0.896055
942,0.896055,0.896055
943,0.896055,0.896055
944,0.896055,0.896055
945,0.896055,0.896055
946,0.896055,0.896055
947,1.41815,1.41815
948,1.41815,1.41815
949,1.41815,1.41815
950,1.41815,1.41815
951,1.41815,1.41815
952,1.41815,1.41815
953,1.41815,1.41815
954,1.46014,1.46014
955,1.46014,1.46014
956,1.46014,1.46014
957,1.46014,1.46014
958,1.46014,1.46014
959,1.46014,1.46014
960,1.46014,1.46014
961,1.46014,1.46014
962,1.46014,1.46014
963,1.2925,1.2925
964,1.2925,1.2925
965,1.2925,1.2925
966,1.2925,1.2925
967,1.2925,1.2925
968,1.46592,1.46592
969,1.46592,1.46592
970,1.46592,1.46592
971,1.46592,1.46592
972,1.46592,1.46592
973,1.46592,1.46592
974,1.46592,1.46592
975,1.46592,1.46592
976,1.46592,1.46592
977,1.46592,1.46592
978,1.48766,1.48766
979,1.48766,1.48766
980,1.48766,1.48766
981,1.48766,1.48766
982,1.48766,1.48766
983,1.48766,1.48766
984,1.65394,1.65394
985,1.65394,1.65394
986,1.65394,1.65394
987,1.65394,1.65394
988,1.65394,1.65394
989,1.65394,1.65394
990,1.8491,1.8491
991,1.8491,1.8491
992,1.8491,1.8491
993,1.8491,1.8491
994,1.8491,1.8491
995,1.73595,1.73595
996,1.73595,1.73595
997,1.73595,1.73595
998,1.73595,1.73595
999,1.73595,1.73595
1000,1.73595,1.73595
1001,2.11122,2.11122
1002,2.11122,2.11122
1003,2.11122,2.11122
1004,2.11122,2.11122
1005,2.11122,2.11122
1006,1.92957,1.92957
1007,1.92957,1.92957
1008,1.92957,1.92957
1009,1.92957,1.92957
1010,1.92957,1.92957
1011,1.92957,1.92957
1012,1.92957,1.92957
1013,1.92957,1.92957
1014,1.92957,1.92957
1015,1.92957,1.92957
1016,2.13753,2.13753
1017,2.13753,2.13753
1018,2.13753,2.13753
1019,2.13753,2.13753
1020,2.13753,2.13753
1021,2.13753,2.13753
1022,2.18152,2.18152
1023,2.18152,2.18152
1024,2.18152,2.18152
1025,2.18152,2.18152
1026,2.18152,2.18152
1027,2.24554,2.24554
1028,2.24554,2.24554
1029,2.24554,2.24554
1030,2.24554,2.24554
1031,2.24554,2.24554
1032,2.24554,2.24554
1033,2.24554,2.24554
1034,2.11122,2.11122
1035,2.11122,2.11122
1036,1.9513,1.9513
1037,1.81577,1.81577
1038,1.81577,1.81577
1039,1.81577,1.81577
1040,1.81577,1.81577
1041,1.96559,1.96559
1042,1.96559,1.96559
1043,1.96559,1.96559
1044,1.96559,1.96559
1045,1.96559,1.96559
1046,1.96559,1.96559
1047,1.96559,1.96559
1048,1.96559,1.96559
1049,1.96559,1.96559
1050,1.96559,1.96559
1051,2.08994,2.08994
1052,2.08994,2.08994
1053,2.08994,2.08994
1054,2.24554,2.24554
1055,2.24554,2.24554
1056,2.24554,2.24554
1057,2.24554,2.24554
1058,2.24554,2.24554
1059,2.24554,2.24554
1060,2.24554,2.24554
1061,2.19105,2.19105
1062,2.19105,2.19105
1063,2.19105,2.19105
1064,2.1294,2.1294
1065,2.1294,2.1294
1066,2.08994,2.08994
1067,2.08994,2.08994
1068,2.08994,2.08994
1069,2.08994,2.08994
1070,2.08994,2.08994
1071,2.08994,2.08994
1072,2.08994,2.08994
1073,2.08994,2.08994
1074,2.2143,2.2143
1075,2.2143,2.2143
1076,2.49809,2.49809
1077,2.49809,2.49809
1078,2.97644,2.97644
1079,2.97644,2.97644
1080,2.97644,2.97644
1081,3.30674,-2.97644
1082,3.30674,-2.97644
1083,3.30674,-2.97644
1084,3.7296,-2.55359
1085,3.7296,-2.55359
1086,3.7296,-2.55359
1087,3.7296,-2.55359
1088,2.2143,2.2143
1089,2.2143,2.2143
1090,2.2143,2.2143
1091,2.2143,2.2143
1092,1.89255,1.89255
1093,1.89255,1.89255
1094,1.44644,1.44644
1095,1.44644,1.44644
1096,1.44644,1.44644
1097,1.44644,1.44644
1098,1.44644,1.44644
1099,1.44644,1.44644
1100,1.69515,1.69515
1101,1.69515,1.69515
1102,1.69515,1.69515
1103,1.69515,1.69515
1104,2.1588,2.1588
1105,2.63449,2.63449
1106,2.63449,2.63449
1107,2.63449,2.63449
1108,2.63449,2.63449
1109,2.63449,2.63449
1110,2.63449,2.63449
1111,2.72337,2.72337
1112,2.72337,2.72337
1113,2.72337,2.72337
1114,2.72337,2.72337
1115,2.79282,2.79282
1116,2.79282,2.79282
1117,2.79282,2.79282
1118,2.79282,2.79282
1119,2.79282,2.79282
1120,2.79282,2.79282
1121,2.79282,2.79282
1122,2.79282,2.79282
1123,2.79282,2.79282
1124,2.79282,2.79282
1125,2.79282,2.79282
1126,2.7367,2.7367
1127,2.7367,2.7367
1128,2.7367,2.7367
1129,2.62245,2.62245
1130,2.62245,2.62245
1131,2.62245,2.62245
1132,2.62245,2.62245
1133,2.62245,2.62245
1134,2.62245,2.62245
1135,2.81984,2.81984
1136,2.81984,2.81984
1137,2.81984,2.81984
1138,2.81984,2.81984
1139,2.81984,2.81984
1140,2.81984,2.81984
1141,2.81984,2.81984
1142,2.44685,2.44685
1143,2.44685,2.44685
1144,2.44685,2.44685
1145,2.44685,2.44685
1146,2.44685,2.44685
1147,2.44685,2.44685
1148,2.44685,2.44685
1149,2.44685,2.44685
1150,2.44685,2.44685
1151,2.62245,2.62245
1152,2.62245,2.62245
1153,2.62245,2.62245
1154,2.62245,2.62245
1155,2.62245,2.62245
1156,2.62245,2.62245
1157,2.62245,2.62245
1158,2.62245,2.62245
1159,2.46685,2.46685
1160,2.46685,2.46685
1161,2.46685,2.46685
1162,2.46685,2.46685
1163,2.46685,2.46685
1164,2.46685,2.46685
1165,2.46685,2.46685
1166,2.60117,2.60117
1167,2.60117,2.60117
1168,2.76109,2.76109
1169,2.89661,2.89661
1170,2.89661,2.89661
1171,2.89661,2.89661
1172,2.89661,2.89661
1173,2.70497,2.70497
1174,2.70497,2.70497
1175,2.70497,2.70497
1176,2.70497,2.70497
1177,2.70497,2.70497
1178,2.70497,2.70497
1179,2.70497,2.70497
1180,2.70497,2.70497
1181,2.70497,2.70497
1182,2.70497,2.70497
1183,2.70497,2.70497
1184,2.70497,2.70497
1185,2.70497,2.70497
1186,2.70497,2.70497
1187,2.70497,2.70497
1188,2.70497,2.70497
1189,2.70497,2.70497
1190,2.70497,2.70497
1191,2.70497,2.70497
1192,2.92292,2.92292
1193,2.92292,2.92292
1194,2.92292,2.92292
1195,2.92292,2.92292
1196,2.92292,2.92292
1197,2.92292,2.92292
1198,2.92292,2.92292
1199,2.92292,2.92292
1200,2.92292,2.92292
1201,2.92292,2.92292
1202,2.72337,2.72337
1203,2.72337,2.72337
1204,2.72337,2.72337
1205,2.72337,2.72337
1206,2.72337,2.72337
1207,2.63449,2.63449
1208,2.63449,2.63449
1209,2.63449,2.63449
1210,2.63449,2.63449
1211,2.44685,2.44685
1212,2.44685,2.44685
1213,2.44685,2.44685
1214,2.44685,2.44685
1215,2.44685,2.44685
1216,2.44685,2.44685
1217,2.44685,2.44685
1218,2.44685,2.44685
1219,2.44685,2.44685
1220,2.44685,2.44685
1221,2.44685,2.44685
1222,2.44685,2.44685
1223,2.1588,2.1588
1224,1.67046,1.67046
1225,1.67046,1.67046
1226,1.67046,1.67046
1227,1.67046,1.67046
1228,1.67046,1.67046
1229,1.47113,1.47113
1230,1.47113,1.47113
1231,1.47113,1.47113
1232,1.47113,1.47113
1233,1.47113,1.47113
1234,1.41815,1.41815
1235,1.41815,1.41815
1236,1.41815,1.41815
1237,1.41815,1.41815
1238,1.41815,1.41815
1239,1.41815,1.41815
1240,1.41815,1.41815
1241,1.35213,1.35213
1242,1.35213,1.35213
1243,1.35213,1.35213
1244,1.35213,1.35213
1245,1.35213,1.35213
1246,1.35213,1.35213
1247,1.44644,1.44644
1248,1.44644,1.44644
1249,1.44644,1.44644
1250,1.44644,1.44644
1251,1.44644,1.44644
1252,1.44644,1.44644
1253,1.44644,1.44644
1254,1.44644,1.44644
1255,1.19029,1.19029
1256,1.19029,1.19029
1257,1.03038,1.03038
1258,0.927295,0.927295
1259,0.927295,0.927295
1260,0.927295,0.927295
1261,0.927295,0.927295
1262,0.927295,0.927295
1263,0.927295,0.927295
1264,0.927295,0.927295
1265,0.927295,0.927295
1266,0.927295,0.927295
1267,0.927295,0.927295
1268,0.927295,0.927295
1269,2.35619,2.35619
1270,2.35619,2.35619
1271,2.35619,2.35619
1272,2.35619,2.35619
1273,0.896055,0.896055
1274,0.896055,0.896055
1275,0.896055,0.896055
1276,0.896055,0.896055
1277,0.896055,0.896055
1278,0.896055,0.896055
1279,0.896055,0.896055
1280,0.96007,0.96007
1281,0.96007,0.96007
1282,0.96007,0.96007
1283,0.96007,0.96007
1284,0.96007,0.96007
1285,0.96007,0.96007
1286,0.96007,0.96007
1287,0.96007,0.96007
1288,0.96007,0.96007
1289,0.96007,0.96007
1290,1.32582,1.32582
1291,1.32582,1.32582
1292,1.81577,1.81577
1293,1.81577,1.81577
1294,2.1588,2.1588
1295,2.55359,2.55359
1296,2.55359,2.55359
1297,2.55359,2.55359
1298,2.03444,2.03444
1299,2.03444,2.03444
1300,2.89661,2.89661
1301,2.89661,2.89661
1302,3.38657,-2.89661
1303,3.38657,-2.89661
1304,3.38657,-2.89661
1305,3.38657,-2.89661
1306,1.71269,1.71269
1307,1.71269,1.71269
1308,1.71269,1.71269
1309,1.71269,1.71269
1310,1.71269,1.71269
1311,1.71269,1.71269
1312,1.71269,1.71269
1313,2.1588,2.1588
1314,2.60117,2.60117
1315,2.60117,2.60117
1316,2.60117,2.60117
1317,2.60117,2.60117
1318,2.60117,2.60117
1319,2.60117,2.60117
1320,2.60117,2.60117
1321,2.60117,2.60117
1322,2.60117,2.60117
1323,1.10715,1.10715
1324,1.10715,1.10715
1325,1.10715,1.10715
1326,1.10715,1.10715
1327,1.10715,1.10715
1328,2.24554,2.24554
1329,2.24554,2.24554
1330,2.24554,2.24554
1331,2.24554,2.24554
1332,2.24554,2.24554
1333,2.24554,2.24554
1334,2.24554,2.24554
1335,2.24554,2.24554
1336,1.97569,1.97569
1337,1.97569,1.97569
1338,1.97569,1.97569
1339,1.97569,1.97569
1340,1.97569,1.97569
1341,1.97569,1.97569
1342,1.97569,1.97569
1343,1.97569,1.97569
1344,1.97569,1.97569
1345,1.97569,1.97569
1346,1.81577,1.81577
1347,1.81577,1.81577
1348,1.81577,1.81577
1349,1.81577,1.81577
1350,2.24554,2.24554
1351,2.24554,2.24554
1352,2.24554,2.24554
1353,2.46685,2.46685
1354,2.46685,2.46685
1355,2.46685,2.46685
1356,2.46685,2.46685
1357,2.46685,2.46685
1358,2.46685,2.46685
1359,2.46685,2.46685
1360,2.2143,2.2143
1361,2.2143,2.2143
1362,1.89255,1.89255
1363,1.89255,1.89255
1364,1.89255,1.89255
1365,2.24554,2.24554
1366,2.24554,2.24554
1367,2.24554,2.24554
1368,2.43297,2.43297
1369,2.43297,2.43297
1370,2.43297,2.43297
1371,2.43297,2.43297
1372,2.43297,2.43297
1373,2.43297,2.43297
1374,2.43297,2.43297
1375,2.43297,2.43297
1376,2.43297,2.43297
1377,2.43297,2.43297
1378,2.43297,2.43297
1379,2.43297,2.43297
1380,2.43297,2.43297
1381,2.43297,2.43297
1382,2.43297,2.43297
1383,2.43297,2.43297
1384,2.89661,2.89661
1385,2.89661,2.89661
1386,2.89661,2.89661
1387,2.89661,2.89661
1388,2.44685,2.44685
1389,2.44685,2.44685
1390,2.44685,2.44685
1391,2.44685,2.44685
1392,2.44685,2.44685
1393,2.44685,2.44685
1394,2.44685,2.44685
1395,2.44685,2.44685
1396,2.44685,2.44685
1397,2.44685,2.44685
1398,2.44685,2.44685
1399,2.44685,2.44685
1400,2.44685,2.44685
1401,2.44685,2.44685
1402,0.463648,0.463648
1403,0.463648,0.463648
1404,0.463648,0.463648
1405,2.67795,2.67795
1406,2.67795,2.67795
1407,2.67795,2.67795
1408,2.67795,2.67795
1409,3.46334,-2.81984
1410,3.46334,-2.81984
1411,3.46334,-2.81984
1412,2.9442,2.9442
1413,2.9442,2.9442
1414,2.9442,2.9442
1415,2.9442,2.9442
1416,2.9442,2.9442
1417,2.9442,2.9442
1418,2.9442,2.9442
1419,1.89255,1.89255
1420,1.89255,1.89255
1421,1.89255,1.89255
1422,2.2143,2.2143
1423,2.2143,2.2143
1424,2.49809,2.49809
1425,2.49809,2.49809
1426,2.81984,2.81984
1427,2.81984,2.81984
1428,3.30674,-2.97644
1429,3.30674,-2.97644
1430,3.30674,-2.97644
1431,3.30674,-2.97644
1432,3.30674,-2.97644
1433,2.97644,2.97644
1434,2.97644,2.97644
1435,2.97644,2.97644
1436,2.86329,2.86329
1437,2.86329,2.86329
1438,2.78282,2.78282
1439,2.78282,2.78282
1440,2.78282,2.78282
1441,2.78282,2.78282
1442,2.78282,2.78282
1443,2.78282,2.78282
1444,3.02448,3.02448
1445,3.02448,3.02448
1446,3.02448,3.02448
1447,3.02448,3.02448
1448,3.02448,3.02448
1449,3.02448,3.02448
1450,3.02448,3.02448
1451,3.02448,3.02448
1452,3.02448,3.02448
1453,3.08284,3.08284
1454,3.08284,3.08284
1455,3.08284,3.08284
1456,3.08284,3.08284
1457,3.08284,3.08284
1458,3.08284,3.08284
1459,3.08284,3.08284
1460,3.08284,3.08284
1461,3.08284,3.08284
1462,3.20035,-3.08284
1463,3.20035,-3.08284
1464,3.20035,-3.08284
1465,3.20035,-3.08284
1466,3.20035,-3.08284
1467,3.20035,-3.08284
1468,3.20035,-3.08284
1469,3.20035,-3.08284
1470,3.5221,-2.76109
1471,3.5221,-2.76109
1472,3.5221,-2.76109
1473,3.5221,-2.76109
1474,3.38657,-2.89661
1475,3.38657,-2.89661
1476,3.38657,-2.89661
1477,3.38657,-2.89661
1478,3.68201,-2.60117
1479,3.68201,-2.60117
1480,3.68201,-2.60117
1481,3.68201,-2.60117
1482,3.68201,-2.60117
1483,3.5221,-2.76109
1484,3.25225,-3.03094
1485,3.25225,-3.03094
1486,3.25225,-3.03094
1487,3.25225,-3.03094
1488,3.25225,-3.03094
1489,3.25225,-3.03094
1490,3.25225,-3.03094
1491,3.25225,-3.03094
1492,3.25225,-3.03094
1493,3.7296,-2.55359
1494,3.7296,-2.55359
1495,3.7296,-2.55359
1496,5.49779,-0.785398
1497,5.49779,-0.785398
1498,3.78509,-2.49809
1499,3.78509,-2.49809
1500,3.78509,-2.49809
1501,3.78509,-2.49809
1502,3.28349,-2.9997
1503,3.28349,-2.9997
1504,3.28349,-2.9997
1505,3.28349,-2.9997
1506,3.28349,-2.9997
1507,3.28349,-2.9997
1508,3.28349,-2.9997
1509,3.28349,-2.9997
1510,3.28349,-2.9997
1511,3.28349,-2.9997
1512,2.89661,2.89661
1513,2.89661,2.89661
1514,2.89661,2.89661
1515,2.89661,2.89661
1516,3.28349,-2.9997
1517,3.28349,-2.9997
1518,3.28349,-2.9997
1519,3.28349,-2.9997
1520,3.28349,-2.9997
1521,3.28349,-2.9997
1522,3.28349,-2.9997
1523,3.28349,-2.9997
1524,3.28349,-2.9997
1525,3.7296,-2.55359
1526,3.7296,-2.55359
1527,3.7296,-2.55359
1528,3.7296,-2.55359
1529,3.7296,-2.55359
1530,3.7296,-2.55359
1531,5.96143,-0.321751
1532,5.96143,-0.321751
1533,5.96143,-0.321751
1534,5.96143,-0.321751
1535,4.24874,-2.03444
1536,4.24874,-2.03444
1537,4.24874,-2.03444
1538,3.86823,-2.41495
1539,3.86823,-2.41495
1540,3.86823,-2.41495
1541,3.86823,-2.41495
1542,3.86823,-2.41495
1543,3.86823,-2.41495
1544,3.86823,-2.41495
1545,3.86823,-2.41495
1546,3.86823,-2.41495
1547,3.98575,-2.29744
1548,3.98575,-2.29744
1549,3.98575,-2.29744
1550,3.98575,-2.29744
1551,3.98575,-2.29744
1552,3.98575,-2.29744
1553,3.98575,-2.29744
1554,4.42093,-1.86225
1555,4.42093,-1.86225
1556,4.42093,-1.86225
1557,4.42093,-1.86225
1558,4.42093,-1.86225
1559,4.42093,-1.86225
1560,4.42093,-1.86225
1561,4.42093,-1.86225
1562,4.42093,-1.86225
1563,4.42093,-1.86225
1564,4.42093,-1.86225
1565,4.42093,-1.86225
1566,4.12439,-2.1588
1567,4.12439,-2.1588
1568,4.12439,-2.1588
1569,4.46741,-1.81577
1570,4.46741,-1.81577
1571,4.46741,-1.81577
1572,4.46741,-1.81577
1573,4.12439,-2.1588
1574,4.12439,-2.1588
1575,4.12439,-2.1588
1576,4.43409,-1.8491
1577,4.43409,-1.8491
1578,4.43409,-1.8491
1579,4.43409,-1.8491
1580,4.57049,-1.71269
1581,4.57049,-1.71269
1582,4.57049,-1.71269
1583,4.57049,-1.71269
1584,4.57049,-1.71269
1585,4.57049,-1.71269
1586,4.57049,-1.71269
1587,4.42093,-1.86225
1588,4.42093,-1.86225
1589,4.42093,-1.86225
1590,4.42093,-1.86225
1591,4.42093,-1.86225
1592,4.42093,-1.86225
1593,4.42093,-1.86225
1594,4.42093,-1.86225
1595,4.12439,-2.1588
1596,4.12439,-2.1588
1597,4.12439,-2.1588
1598,4.33188,-1.9513
1599,4.33188,-1.9513
1600,4.33188,-1.9513
1601,4.33188,-1.9513
1602,4.33188,-1.9513
1603,4.17197,-2.11122
1604,4.17197,-2.11122
1605,3.7296,-2.55359
1606,3.7296,-2.55359
1607,3.7296,-2.55359
1608,3.7296,-2.55359
1609,4.85429,-1.4289
1610,4.85429,-1.4289
1611,4.85429,-1.4289
1612,4.85429,-1.4289
1613,4.85429,-1.4289
1614,4.57049,-1.71269
1615,4.57049,-1.71269
1616,4.57049,-1.71269
1617,4.12439,-2.1588
1618,3.7296,-2.55359
1619,3.38657,-2.89661
1620,3.38657,-2.89661
1621,3.38657,-2.89661
1622,3.38657,-2.89661
1623,3.38657,-2.89661
1624,5.81954,-0.463648
1625,5.81954,-0.463648
1626,5.81954,-0.463648
1627,4.01765,-2.26553
1628,4.01765,-2.26553
1629,4.01765,-2.26553
1630,4.01765,-2.26553
1631,4.01765,-2.26553
1632,4.01765,-2.26553
1633,4.01765,-2.26553
1634,4.01765,-2.26553
1635,4.01765,-2.26553
1636,4.01765,-2.26553
1637,4.01765,-2.26553
1638,4.01765,-2.26553
1639,4.01765,-2.26553
1640,4.01765,-2.26553
1641,4.17197,-2.11122
1642,4.17197,-2.11122
1643,4.33188,-1.9513
1644,4.58803,-1.69515
1645,4.58803,-1.69515
1646,4.58803,-1.69515
1647,4.58803,-1.69515
1648,4.83674,-1.44644
1649,4.83674,-1.44644
1650,4.83674,-1.44644
1651,4.83674,-1.44644
1652,5.35589,-0.927295
1653,5.35589,-0.927295
1654,5.63968,-0.643501
1655,5.63968,-0.643501
1656,5.96143,-0.321751
1657,5.96143,-0.321751
1658,5.96143,-0.321751
1659,5.96143,-0.321751
1660,5.96143,-0.321751
1661,0.785398,0.785398
1662,0.785398,0.785398
1663,5.49779,-0.785398
1664,4.58803,-1.69515
1665,4.58803,-1.69515
1666,4.58803,-1.69515
1667,4.58803,-1.69515
1668,4.58803,-1.69515
1669,4.83674,-1.44644
1670,4.83674,-1.44644
1671,4.83674,-1.44644
1672,4.83674,-1.44644
1673,4.99069,-1.2925
1674,4.99069,-1.2925
1675,4.99069,-1.2925
1676,4.99069,-1.2925
1677,5.63968,-0.643501
1678,5.63968,-0.643501
1679,5.63968,-0.643501
1680,5.63968,-0.643501
1681,5.35589,-0.927295
1682,5.35589,-0.927295
1683,5.03414,-1.24905
1684,5.03414,-1.24905
1685,5.03414,-1.24905
1686,5.40713,-0.876058
1687,5.40713,-0.876058
1688,5.40713,-0.876058
1689,5.40713,-0.876058
1690,5.58845,-0.694738
1691,5.58845,-0.694738
1692,5.58845,-0.694738
1693,5.58845,-0.694738
1694,5.58845,-0.694738
1695,5.58845,-0.694738
1696,5.58845,-0.694738
1697,5.58845,-0.694738
1698,5.58845,-0.694738
1699,3.30674,-2.97644
1700,3.30674,-2.97644
1701,3.30674,-2.97644
1702,3.30674,-2.97644
1703,3.30674,-2.97644
1704,3.30674,-2.97644
1705,4.24874,-2.03444
1706,5.17604,-1.10715
1707,6.03821,-0.244979
1708,6.03821,-0.244979
1709,6.03821,-0.244979
1710,6.03821,-0.244979
1711,5.30039,-0.982794
1712,5.30039,-0.982794
1713,5.30039,-0.982794
1714,5.69518,-0.588003
1715,6.08579,-0.197396
1716,6.08579,-0.197396
1717,6.08579,-0.197396
1718,0.197396,0.197396
1719,0.197396,0.197396
1720,0.197396,0.197396
1721,0.197396,0.197396
1722,0.197396,0.197396
1723,6.03821,-0.244979
1724,6.03821,-0.244979
1725,5.90268,-0.380506
1726,5.90268,-0.380506
1727,5.90268,-0.380506
1728,5.90268,-0.380506
1729,5.90268,-0.380506
1730,0.785398,0.785398
1731,0.785398,0.785398
1732,5.40713,-0.876058
1733,5.40713,-0.876058
1734,5.40713,-0.876058
1735,5.40713,-0.876058
1736,5.40713,-0.876058
1737,5.40713,-0.876058
1738,5.40713,-0.876058
1739,5.40713,-0.876058
1740,5.58845,-0.694738
1741,5.58845,-0.694738
1742,5.58845,-0.694738
1743,5.58845,-0.694738
1744,5.58845,-0.694738
1745,5.58845,-0.694738
1746,5.58845,-0.694738
1747,5.58845,-0.694738
1748,5.58845,-0.694738
1749,5.38713,-0.896055
1750,5.38713,-0.896055
1751,5.38713,-0.896055
1752,5.38713,-0.896055
1753,5.38713,-0.896055
1754,5.69518,-0.588003
1755,5.69518,-0.588003
1756,5.69518,-0.588003
1757,5.30039,-0.982794
1758,5.30039,-0.982794
1759,5.30039,-0.982794
1760,5.30039,-0.982794
1761,5.30039,-0.982794
1762,5.30039,-0.982794
1763,4.87754,-1.40565
1764,4.87754,-1.40565
1765,4.87754,-1.40565
1766,4.87754,-1.40565
1767,4.87754,-1.40565
1768,4.87754,-1.40565
1769,5.33264,-0.950547
1770,5.33264,-0.950547
1771,5.33264,-0.950547
1772,5.33264,-0.950547
1773,5.33264,-0.950547
1774,5.33264,-0.950547
1775,5.33264,-0.950547
1776,5.33264,-0.950547
1777,5.33264,-0.950547
1778,5.33264,-0.950547
1779,5.33264,-0.950547
1780,3.96146,-2.32173
1781,3.96146,-2.32173
1782,3.96146,-2.32173
1783,3.96146,-2.32173
1784,3.96146,-2.32173
1785,3.96146,-2.32173
1786,3.96146,-2.32173
1787,3.96146,-2.32173
1788,3.96146,-2.32173
1789,3.96146,-2.32173
1790,3.96146,-2.32173
1791,3.96146,-2.32173
1792,3.96146,-2.32173
1793,3.96146,-2.32173
1794,3.96146,-2.32173
1795,3.96146,-2.32173
1796,3.96146,-2.32173
1797,3.96146,-2.32173
1798,3.96146,-2.32173
1799,3.96146,-2.32173
1800,3.96146,-2.32173
1801,3.96146,-2.32173
1802,3.96146,-2.32173
1803,3.96146,-2.32173
1804,3.96146,-2.32173
1805,3.96146,-2.32173
1806,3.96146,-2.32173
1807,4.05135,-2.23184
1808,4.05135,-2.23184
1809,4.05135,-2.23184
1810,4.05135,-2.23184
1811,4.05135,-2.23184
1812,4.05135,-2.23184
1813,4.05135,-2.23184
1814,4.17197,-2.11122
1815,4.17197,-2.11122
1816,4.33188,-1.9513
1817,4.54724,-1.73595
1818,4.54724,-1.73595
1819,4.54724,-1.73595
1820,4.54724,-1.73595
1821,4.54724,-1.73595
1822,4.54724,-1.73595
1823,4.33188,-1.9513
1824,4.33188,-1.9513
1825,4.33188,-1.9513
1826,4.33188,-1.9513
1827,4.46741,-1.81577
1828,4.46741,-1.81577
1829,4.46741,-1.81577
1830,4.46741,-1.81577
1831,4.3176,-1.96559
1832,4.3176,-1.96559
1833,4.3176,-1.96559
1834,4.3176,-1.96559
1835,4.3176,-1.96559
1836,4.3176,-1.96559
1837,4.3176,-1.96559
1838,4.3176,-1.96559
1839,4.3176,-1.96559
1840,4.3176,-1.96559
1841,4.3176,-1.96559
1842,4.3176,-1.96559
1843,4.3176,-1.96559
1844,4.3176,-1.96559
1845,4.3176,-1.96559
1846,4.3176,-1.96559
1847,4.3176,-1.96559
1848,4.3176,-1.96559
1849,4.3176,-1.96559
1850,4.3176,-1.96559
1851,4.3176,-1.96559
1852,4.3176,-1.96559
1853,4.3176,-1.96559
1854,4.3176,-1.96559
1855,4.46741,-1.81577
1856,4.46741,-1.81577
1857,4.46741,-1.81577
1858,4.46741,-1.81577
1859,4.3176,-1.96559
1860,4.3176,-1.96559
1861,4.3176,-1.96559
1862,4.3176,-1.96559
1863,4.3176,-1.96559
1864,4.3176,-1.96559
1865,4.3176,-1.96559
1866,4.3176,-1.96559
1867,4.3176,-1.96559
1868,4.3176,-1.96559
1869,4.3176,-1.96559
1870,4.3176,-1.96559
1871,4.3176,-1.96559
1872,4.3176,-1.96559
1873,4.58803,-1.69515
1874,4.58803,-1.69515
1875,4.58803,-1.69515
1876,4.58803,-1.69515
1877,4.58803,-1.69515
1878,4.58803,-1.69515
1879,4.58803,-1.69515
1880,4.58803,-1.69515
1881,4.12439,-2.1588
1882,4.12439,-2.1588
1883,4.12439,-2.1588
1884,4.12439,-2.1588
1885,4.95737,-1.32582
1886,4.95737,-1.32582
1887,4.95737,-1.32582
1888,4.95737,-1.32582
1889,4.46741,-1.81577
1890,4.46741,-1.81577
1891,4.33188,-1.9513
1892,4.33188,-1.9513
1893,4.33188,-1.9513
1894,4.33188,-1.9513
1895,4.51499,-1.76819
1896,4.51499,-1.76819
1897,4.51499,-1.76819
1898,4.90978,-1.3734
1899,4.90978,-1.3734
1900,5.30039,-0.982794
1901,5.30039,-0.982794
1902,5.30039,-0.982794
1903,5.30039,-0.982794
1904,4.17197,-2.11122
1905,4.17197,-2.11122
1906,4.17197,-2.11122
1907,4.17197,-2.11122
1908,4.17197,-2.11122
1909,4.35362,-1.92957
1910,4.35362,-1.92957
1911,4.35362,-1.92957
1912,4.43409,-1.8491
1913,4.43409,-1.8491
1914,4.51499,-1.76819
1915,4.51499,-1.76819
1916,4.51499,-1.76819
1917,4.51499,-1.76819
1918,4.51499,-1.76819
1919,4.12439,-2.1588
1920,3.7296,-2.55359
1921,3.30674,-2.97644
1922,3.30674,-2.97644
1923,3.30674,-2.97644
1924,3.30674,-2.97644
1925,3.30674,-2.97644
1926,3.30674,-2.97644
1927,3.55982,-2.72337
1928,3.55982,-2.72337
1929,3.55982,-2.72337
1930,3.55982,-2.72337
1931,3.55982,-2.72337
1932,3.64869,-2.63449
1933,3.64869,-2.63449
1934,3.64869,-2.63449
1935,3.64869,-2.63449
1936,3.81633,-2.46685
1937,3.81633,-2.46685
1938,3.81633,-2.46685
1939,3.81633,-2.46685
1940,3.81633,-2.46685
1941,3.81633,-2.46685
1942,3.81633,-2.46685
1943,3.81633,-2.46685
1944,3.81633,-2.46685
1945,3.81633,-2.46685
1946,3.81633,-2.46685
1947,4.06889,-2.2143
1948,4.06889,-2.2143
1949,4.39064,-1.89255
1950,4.39064,-1.89255
1951,5.07116,-1.21203
1952,5.07116,-1.21203
1953,5.07116,-1.21203
1954,5.07116,-1.21203
1955,5.07116,-1.21203
1956,5.07116,-1.21203
1957,5.07116,-1.21203
1958,4.99069,-1.2925
1959,4.99069,-1.2925
1960,4.90978,-1.3734
1961,4.90978,-1.3734
1962,4.90978,-1.3734
1963,4.90978,-1.3734
1964,4.90978,-1.3734
1965,4.99069,-1.2925
1966,4.99069,-1.2925
1967,5.07116,-1.21203
1968,5.07116,-1.21203
1969,5.07116,-1.21203
1970,5.07116,-1.21203
1971,5.07116,-1.21203
1972,5.07116,-1.21203
1973,4.95737,-1.32582
1974,4.95737,-1.32582
1975,4.95737,-1.32582
1976,4.95737,-1.32582
1977,4.95737,-1.32582
1978,4.95737,-1.32582
1979,4.95737,-1.32582
1980,4.95737,-1.32582
1981,4.95737,-1.32582
1982,5.25281,-1.03038
1983,5.25281,-1.03038
1984,5.25281,-1.03038
1985,5.25281,-1.03038
1986,5.25281,-1.03038
1987,5.25281,-1.03038
1988,5.25281,-1.03038
1989,4.3176,-1.96559
1990,4.3176,-1.96559
1991,4.3176,-1.96559
1992,4.3176,-1.96559
1993,4.3176,-1.96559
1994,4.3176,-1.96559
1995,4.3176,-1.96559
1996,4.3176,-1.96559
1997,4.3176,-1.96559
1998,4.3176,-1.96559
1999,4.3176,-1.96559
2000,4.3176,-1.96559
2001,4.3176,-1.96559
2002,4.3176,-1.96559
2003,4.3176,-1.96559
2004,4.49372,-1.78947
2005,4.49372,-1.78947
2006,4.49372,-1.78947
2007,4.49372,-1.78947
2008,4.49372,-1.78947
2009,4.49372,-1.78947
2010,4.49372,-1.78947
2011,4.49372,-1.78947
2012,4.49372,-1.78947
2013,4.49372,-1.78947
2014,4.49372,-1.78947
2015,4.49372,-1.78947
2016,4.49372,-1.78947
2017,4.49372,-1.78947
2018,4.49372,-1.78947
2019,4.49372,-1.78947
2020,4.58269,-1.7005
2021,4.58269,-1.7005
2022,4.58269,-1.7005
2023,4.58269,-1.7005
2024,4.58269,-1.7005
2025,4.58269,-1.7005
2026,4.58269,-1.7005
2027,4.58269,-1.7005
2028,4.58269,-1.7005
2029,4.58269,-1.7005
2030,4.58269,-1.7005
2031,4.58269,-1.7005
2032,4.58269,-1.7005
2033,4.59528,-1.68791
2034,4.59528,-1.68791
2035,4.59528,-1.68791
2036,4.59528,-1.68791
2037,4.64582,-1.63736
2038,4.64582,-1.63736
2039,4.64582,-1.63736
2040,4.64582,-1.63736
2041,4.64582,-1.63736
2042,4.64582,-1.63736
2043,4.64582,-1.63736
2044,4.64582,-1.63736
2045,4.64582,-1.63736
2046,4.64582,-1.63736
2047,4.64582,-1.63736
2048,4.64582,-1.63736
2049,4.64582,-1.63736
2050,4.64582,-1.63736
2051,4.64582,-1.63736
2052,4.64582,-1.63736
2053,2.35619,2.35619
2054,2.35619,2.35619
2055,3.38657,-2.89661
2056,3.38657,-2.89661
2057,3.38657,-2.89661
2058,3.38657,-2.89661
2059,3.38657,-2.89661
2060,4.24874,-2.03444
2061,5.38713,-0.896055
2062,5.38713,-0.896055
2063,5.38713,-0.896055
2064,5.38713,-0.896055
2065,5.38713,-0.896055
2066,5.38713,-0.896055
2067,5.38713,-0.896055
2068,5.38713,-0.896055
2069,5.03414,-1.24905
2070,5.03414,-1.24905
2071,4.39064,-1.89255
2072,4.06889,-2.2143
2073,4.06889,-2.2143
2074,4.06889,-2.2143
2075,4.06889,-2.2143
2076,4.06889,-2.2143
2077,4.39064,-1.89255
2078,4.39064,-1.89255
2079,4.39064,-1.89255
2080,4.39064,-1.89255
2081,2.35619,2.35619
2082,2.35619,2.35619
2083,4.39064,-1.89255
2084,4.39064,-1.89255
2085,4.39064,-1.89255
2086,4.03765,-2.24554
2087,4.03765,-2.24554
2088,4.03765,-2.24554
2089,4.03765,-2.24554
2090,4.03765,-2.24554
2091,4.03765,-2.24554
2092,4.03765,-2.24554
2093,4.03765,-2.24554
2094,5.03414,-1.24905
2095,5.03414,-1.24905
2096,5.03414,-1.24905
2097,5.03414,-1.24905
2098,4.39064,-1.89255
2099,4.12439,-2.1588
2100,4.12439,-2.1588
2101,4.12439,-2.1588
2102,4.39064,-1.89255
2103,4.39064,-1.89255
2104,4.39064,-1.89255
2105,4.06889,-2.2143
2106,4.06889,-2.2143
2107,3.78509,-2.49809
2108,3.78509,-2.49809
2109,3.46334,-2.81984
2110,3.46334,-2.81984
2111,3.46334,-2.81984
2112,4.33188,-1.9513
2113,4.33188,-1.9513
2114,4.33188,-1.9513
2115,4.46741,-1.81577
2116,4.46741,-1.81577
2117,4.46741,-1.81577
2118,4.46741,-1.81577
2119,4.46741,-1.81577
2120,4.46741,-1.81577
2121,6.03821,-0.244979
2122,6.03821,-0.244979
2123,6.03821,-0.244979
2124,6.03821,-0.244979
2125,5.03414,-1.24905
2126,5.03414,-1.24905
2127,4.57049,-1.71269
2128,4.57049,-1.71269
2129,4.57049,-1.71269
2130,4.57049,-1.71269
2131,4.57049,-1.71269
2132,4.57049,-1.71269
2133,4.85429,-1.4289
2134,4.85429,-1.4289
2135,4.85429,-1.4289
2136,5.30039,-0.982794
2137,5.69518,-0.588003
2138,6.03821,-0.244979
2139,6.03821,-0.244979
2140,6.03821,-0.244979
2141,6.03821,-0.244979
2142,5.17604,-1.10715
2143,4.46741,-1.81577
2144,4.46741,-1.81577
2145,4.46741,-1.81577
2146,4.46741,-1.81577
2147,4.46741,-1.81577
2148,4.46741,-1.81577
2149,3.60524,-2.67795
2150,2.67795,2.67795
2151,2.67795,2.67795
2152,2.67795,2.67795
2153,3.60524,-2.67795
2154,3.60524,-2.67795
2155,3.60524,-2.67795
2156,2.67795,2.67795
2157,2.67795,2.67795
2158,2.67795,2.67795
2159,3.7296,-2.55359
2160,3.7296,-2.55359
2161,3.7296,-2.55359
2162,3.7296,-2.55359
2163,3.7296,-2.55359
2164,3.7296,-2.55359
2165,4.51499,-1.76819
2166,4.51499,-1.76819
2167,4.51499,-1.76819
2168,4.90978,-1.3734
2169,4.90978,-1.3734
2170,4.90978,-1.3734
2171,4.90978,-1.3734
2172,4.24874,-2.03444
2173,3.38657,-2.89661
2174,3.38657,-2.89661
2175,3.38657,-2.89661
2176,3.38657,-2.89661
2177,3.38657,-2.89661
2178,3.38657,-2.89661
2179,3.38657,-2.89661
2180,3.38657,-2.89661
2181,3.38657,-2.89661
2182,3.5221,-2.76109
2183,3.5221,-2.76109
2184,3.5221,-2.76109
2185,3.5221,-2.76109
