#Grabcut execution time: 0s 338ms 338096us 
0.0000              68.0716             
1.0000              39.5405             
2.0000              37.4201             
3.0000              37.3598             
4.0000              37.4321             
5.0000              37.3332             
6.0000              37.5262             
7.0000              37.6198             
8.0000              37.6105             
9.0000              37.5331             
10.0000             37.5566             
11.0000             37.4856             
12.0000             37.4661             
13.0000             37.4338             
14.0000             37.4039             
15.0000             37.4508             
16.0000             37.4254             
17.0000             37.4259             
18.0000             37.3914             
19.0000             37.4057             
20.0000             37.4208             
21.0000             37.4665             
22.0000             37.4436             
23.0000             37.4559             
24.0000             37.4468             
25.0000             37.4272             
26.0000             37.4136             
27.0000             37.4016             
28.0000             37.3995             
29.0000             37.4179             
30.0000             37.4205             
31.0000             37.4205             
#Execution time: 55s 55583ms 55583049us 
