n,tangent,t2
0,4.85429,-1.4289
1,4.85429,-1.4289
2,4.85429,-1.4289
3,4.85429,-1.4289
4,4.85429,-1.4289
5,4.85429,-1.4289
6,4.85429,-1.4289
7,4.85429,-1.4289
8,5.11728,-1.1659
9,5.11728,-1.1659
10,5.11728,-1.1659
11,5.11728,-1.1659
12,5.11728,-1.1659
13,5.11728,-1.1659
14,5.11728,-1.1659
15,4.93106,-1.35213
16,4.93106,-1.35213
17,4.93106,-1.35213
18,4.93106,-1.35213
19,4.93106,-1.35213
20,4.75584,-1.52735
21,4.75584,-1.52735
22,4.75584,-1.52735
23,4.75584,-1.52735
24,4.75584,-1.52735
25,4.75584,-1.52735
26,4.75584,-1.52735
27,4.75584,-1.52735
28,4.75584,-1.52735
29,4.75584,-1.52735
30,4.75584,-1.52735
31,4.75584,-1.52735
32,4.75584,-1.52735
33,4.75584,-1.52735
34,4.75584,-1.52735
35,4.75584,-1.52735
36,4.75584,-1.52735
37,4.75584,-1.52735
38,4.75584,-1.52735
39,4.75584,-1.52735
40,4.75584,-1.52735
41,4.75584,-1.52735
42,4.75584,-1.52735
43,5.13061,-1.15257
44,5.13061,-1.15257
45,5.13061,-1.15257
46,5.13061,-1.15257
47,5.13061,-1.15257
48,5.21949,-1.0637
49,5.21949,-1.0637
50,5.21949,-1.0637
51,5.21949,-1.0637
52,5.42102,-0.86217
53,5.42102,-0.86217
54,5.42102,-0.86217
55,5.42102,-0.86217
56,5.42102,-0.86217
57,5.57456,-0.708626
58,5.57456,-0.708626
59,5.57456,-0.708626
60,5.57456,-0.708626
61,5.57456,-0.708626
62,5.76404,-0.519146
63,5.76404,-0.519146
64,5.76404,-0.519146
65,5.87829,-0.404892
66,5.87829,-0.404892
67,5.87829,-0.404892
68,5.92441,-0.358771
69,5.92441,-0.358771
70,6.00489,-0.2783
71,6.00489,-0.2783
72,6.06452,-0.218669
73,6.06452,-0.218669
74,6.06452,-0.218669
75,6.06452,-0.218669
76,6.06452,-0.218669
77,6.06452,-0.218669
78,6.06452,-0.218669
79,6.06452,-0.218669
80,6.06452,-0.218669
81,6.06452,-0.218669
82,6.06452,-0.218669
83,6.20641,-0.0767719
84,6.20641,-0.0767719
85,6.20641,-0.0767719
86,6.20641,-0.0767719
87,6.20641,-0.0767719
88,6.20641,-0.0767719
89,6.20641,-0.0767719
90,6.20641,-0.0767719
91,6.20641,-0.0767719
92,6.20641,-0.0767719
93,6.20641,-0.0767719
94,6.20641,-0.0767719
95,6.20641,-0.0767719
96,6.00489,-0.2783
97,6.00489,-0.2783
98,6.00489,-0.2783
99,6.00489,-0.2783
100,6.00489,-0.2783
101,6.23973,-0.0434509
102,6.23973,-0.0434509
103,6.23973,-0.0434509
104,6.23973,-0.0434509
105,6.23973,-0.0434509
106,6.23973,-0.0434509
107,6.23973,-0.0434509
108,6.23973,-0.0434509
109,6.23973,-0.0434509
110,6.23973,-0.0434509
111,6.23973,-0.0434509
112,6.23973,-0.0434509
113,6.23973,-0.0434509
114,6.23973,-0.0434509
115,6.23973,-0.0434509
116,6.23973,-0.0434509
117,6.23973,-0.0434509
118,6.23973,-0.0434509
119,6.23973,-0.0434509
120,6.23973,-0.0434509
121,6.23973,-0.0434509
122,6.23973,-0.0434509
123,6.23973,-0.0434509
124,6.18823,-0.0949517
125,6.18823,-0.0949517
126,6.18823,-0.0949517
127,6.18823,-0.0949517
128,6.18823,-0.0949517
129,6.18823,-0.0949517
130,6.1801,-0.103082
131,6.1801,-0.103082
132,6.1801,-0.103082
133,6.1801,-0.103082
134,6.1801,-0.103082
135,6.1801,-0.103082
136,6.1801,-0.103082
137,6.1801,-0.103082
138,6.1801,-0.103082
139,6.1801,-0.103082
140,6.1801,-0.103082
141,6.1801,-0.103082
142,6.1801,-0.103082
143,6.1801,-0.103082
144,6.1801,-0.103082
145,6.1801,-0.103082
146,6.1801,-0.103082
147,0.463648,0.463648
148,0.463648,0.463648
149,0.463648,0.463648
150,6.03821,-0.244979
151,6.03821,-0.244979
152,6.03821,-0.244979
153,6.03821,-0.244979
154,6.03821,-0.244979
155,6.03821,-0.244979
156,6.03821,-0.244979
157,6.03821,-0.244979
158,6.03821,-0.244979
159,6.03821,-0.244979
160,5.17604,-1.10715
161,5.17604,-1.10715
162,5.17604,-1.10715
163,0.197396,0.197396
164,0.197396,0.197396
165,0.197396,0.197396
166,0.197396,0.197396
167,0.197396,0.197396
168,0.197396,0.197396
169,1.10715,1.10715
170,1.10715,1.10715
171,0.588003,0.588003
172,0.588003,0.588003
173,0.588003,0.588003
174,0.588003,0.588003
175,0.588003,0.588003
176,0.291457,0.291457
177,0.291457,0.291457
178,0.291457,0.291457
179,0.291457,0.291457
180,0.291457,0.291457
181,0.291457,0.291457
182,0.291457,0.291457
183,0.291457,0.291457
184,0.291457,0.291457
185,0.291457,0.291457
186,6.03821,-0.244979
187,6.03821,-0.244979
188,6.03821,-0.244979
189,6.03821,-0.244979
190,6.03821,-0.244979
191,0.2783,0.2783
192,0.2783,0.2783
193,0.2783,0.2783
194,0.2783,0.2783
195,0.2783,0.2783
196,0.2783,0.2783
197,0.519146,0.519146
198,0.519146,0.519146
199,0.519146,0.519146
200,0.519146,0.519146
201,0.519146,0.519146
202,0.519146,0.519146
203,0.404892,0.404892
204,0.404892,0.404892
205,0.404892,0.404892
206,0.358771,0.358771
207,0.358771,0.358771
208,0.2783,0.2783
209,0.2783,0.2783
210,0.0499584,0.0499584
211,0.0499584,0.0499584
212,0.0499584,0.0499584
213,0.0499584,0.0499584
214,0.0499584,0.0499584
215,0.0499584,0.0499584
216,0.0499584,0.0499584
217,0.0499584,0.0499584
218,0.0499584,0.0499584
219,0.0499584,0.0499584
220,0.0499584,0.0499584
221,0.0499584,0.0499584
222,0.0499584,0.0499584
223,0.0499584,0.0499584
224,0.0499584,0.0499584
225,0.0499584,0.0499584
226,0.0499584,0.0499584
227,0.0499584,0.0499584
228,0.0499584,0.0499584
229,0.0499584,0.0499584
230,0.588003,0.588003
231,0.588003,0.588003
232,0.588003,0.588003
233,0.2783,0.2783
234,0.2783,0.2783
235,0.2783,0.2783
236,0.2783,0.2783
237,0.2783,0.2783
238,0.2783,0.2783
239,0.2783,0.2783
240,0.2783,0.2783
241,0.2783,0.2783
242,0.2783,0.2783
243,5.96143,-0.321751
244,5.96143,-0.321751
245,5.96143,-0.321751
246,5.96143,-0.321751
247,0.321751,0.321751
248,0.321751,0.321751
249,0.321751,0.321751
250,6.03821,-0.244979
251,6.03821,-0.244979
252,6.03821,-0.244979
253,0.110657,0.110657
254,0.110657,0.110657
255,0.110657,0.110657
256,0.110657,0.110657
257,0.110657,0.110657
258,0.110657,0.110657
259,0.110657,0.110657
260,0.110657,0.110657
261,0.110657,0.110657
262,0.110657,0.110657
263,0.110657,0.110657
264,0.110657,0.110657
265,0.218669,0.218669
266,0.218669,0.218669
267,0.218669,0.218669
268,0.218669,0.218669
269,0.218669,0.218669
270,0.218669,0.218669
271,0.218669,0.218669
272,0.218669,0.218669
273,5.96143,-0.321751
274,5.96143,-0.321751
275,5.96143,-0.321751
276,0.110657,0.110657
277,0.110657,0.110657
278,0.110657,0.110657
279,0.110657,0.110657
280,0.110657,0.110657
281,0.110657,0.110657
282,0.110657,0.110657
283,0.110657,0.110657
284,0.110657,0.110657
285,0.110657,0.110657
286,0.179853,0.179853
287,0.179853,0.179853
288,0.179853,0.179853
289,0.179853,0.179853
290,0.179853,0.179853
291,0.179853,0.179853
292,0.179853,0.179853
293,0.0906599,0.0906599
294,0.0906599,0.0906599
295,0.0906599,0.0906599
296,0.0906599,0.0906599
297,0.0906599,0.0906599
298,0.0906599,0.0906599
299,6.19253,-0.0906599
300,6.19253,-0.0906599
301,6.19253,-0.0906599
302,6.19253,-0.0906599
303,6.19253,-0.0906599
304,6.13054,-0.152649
305,6.13054,-0.152649
306,6.13054,-0.152649
307,6.13054,-0.152649
308,6.13054,-0.152649
309,6.13054,-0.152649
310,6.13054,-0.152649
311,6.06452,-0.218669
312,6.06452,-0.218669
313,6.06452,-0.218669
314,6.06452,-0.218669
315,6.06452,-0.218669
316,6.06452,-0.218669
317,6.19253,-0.0906599
318,6.19253,-0.0906599
319,6.19253,-0.0906599
320,6.19253,-0.0906599
321,6.19253,-0.0906599
322,6.19253,-0.0906599
323,6.19253,-0.0906599
324,6.19253,-0.0906599
325,6.19253,-0.0906599
326,6.19253,-0.0906599
327,6.19253,-0.0906599
328,6.15063,-0.132552
329,6.15063,-0.132552
330,6.15063,-0.132552
331,6.15063,-0.132552
332,6.15063,-0.132552
333,6.15063,-0.132552
334,6.15063,-0.132552
335,6.15063,-0.132552
336,6.00489,-0.2783
337,6.00489,-0.2783
338,6.00489,-0.2783
339,6.00489,-0.2783
340,6.00489,-0.2783
341,6.08579,-0.197396
342,6.08579,-0.197396
343,6.08579,-0.197396
344,6.08579,-0.197396
345,6.08579,-0.197396
346,6.08579,-0.197396
347,6.08579,-0.197396
348,0.321751,0.321751
349,0.321751,0.321751
350,0.321751,0.321751
351,6.10333,-0.179853
352,6.10333,-0.179853
353,6.10333,-0.179853
354,6.10333,-0.179853
355,6.10333,-0.179853
356,6.10333,-0.179853
357,6.10333,-0.179853
358,6.10333,-0.179853
359,6.19253,-0.0906599
360,6.19253,-0.0906599
361,6.19253,-0.0906599
362,6.19253,-0.0906599
363,6.19253,-0.0906599
364,6.19253,-0.0906599
365,6.19253,-0.0906599
366,6.19253,-0.0906599
367,6.19253,-0.0906599
368,6.19253,-0.0906599
369,6.19253,-0.0906599
370,6.06452,-0.218669
371,6.06452,-0.218669
372,6.06452,-0.218669
373,6.06452,-0.218669
374,6.06452,-0.218669
375,5.69518,-0.588003
376,5.69518,-0.588003
377,5.69518,-0.588003
378,5.96143,-0.321751
379,5.96143,-0.321751
380,5.96143,-0.321751
381,5.55654,-0.726642
382,5.55654,-0.726642
383,5.55654,-0.726642
384,5.55654,-0.726642
385,5.55654,-0.726642
386,5.55654,-0.726642
387,5.55654,-0.726642
388,5.43903,-0.844154
389,5.43903,-0.844154
390,5.43903,-0.844154
391,5.43903,-0.844154
392,5.43903,-0.844154
393,5.43903,-0.844154
394,5.43903,-0.844154
395,5.25281,-1.03038
396,5.25281,-1.03038
397,5.0929,-1.19029
398,4.99069,-1.2925
399,4.99069,-1.2925
400,4.99069,-1.2925
401,4.99069,-1.2925
402,4.99069,-1.2925
403,4.99069,-1.2925
404,4.99069,-1.2925
405,4.99069,-1.2925
406,5.35589,-0.927295
407,5.35589,-0.927295
408,5.35589,-0.927295
409,5.35589,-0.927295
410,5.35589,-0.927295
411,5.25281,-1.03038
412,5.25281,-1.03038
413,5.0929,-1.19029
414,4.85429,-1.4289
415,4.85429,-1.4289
416,4.85429,-1.4289
417,4.85429,-1.4289
418,4.85429,-1.4289
419,4.85429,-1.4289
420,4.85429,-1.4289
421,5.0929,-1.19029
422,5.0929,-1.19029
423,5.25281,-1.03038
424,5.25281,-1.03038
425,5.74277,-0.54042
426,5.74277,-0.54042
427,5.74277,-0.54042
428,5.90268,-0.380506
429,6.08579,-0.197396
430,6.08579,-0.197396
431,6.08579,-0.197396
432,0.211093,0.211093
433,0.211093,0.211093
434,0.211093,0.211093
435,0.211093,0.211093
436,0.211093,0.211093
437,0.211093,0.211093
438,0.211093,0.211093
439,0.211093,0.211093
440,0.231091,0.231091
441,0.231091,0.231091
442,0.231091,0.231091
443,0.231091,0.231091
444,0.231091,0.231091
445,0.231091,0.231091
446,0.231091,0.231091
447,0.231091,0.231091
448,0.231091,0.231091
449,0.231091,0.231091
450,0.231091,0.231091
451,0.231091,0.231091
452,0.231091,0.231091
453,0.231091,0.231091
454,0.231091,0.231091
455,0.231091,0.231091
456,0.231091,0.231091
457,0.231091,0.231091
458,0.231091,0.231091
459,0.231091,0.231091
460,0.231091,0.231091
461,0.291457,0.291457
462,0.291457,0.291457
463,0.291457,0.291457
464,0.291457,0.291457
465,0.348771,0.348771
466,0.348771,0.348771
467,0.348771,0.348771
468,0.348771,0.348771
469,0.418224,0.418224
470,0.418224,0.418224
471,0.418224,0.418224
472,0.418224,0.418224
473,0.418224,0.418224
474,0.418224,0.418224
475,0.418224,0.418224
476,0.418224,0.418224
477,0.418224,0.418224
478,0.418224,0.418224
479,0.132552,0.132552
480,0.132552,0.132552
481,0.132552,0.132552
482,0.132552,0.132552
483,0.132552,0.132552
484,0.132552,0.132552
485,0.132552,0.132552
486,0.132552,0.132552
487,0.0996687,0.0996687
488,0.0996687,0.0996687
489,0.0996687,0.0996687
490,0.0996687,0.0996687
491,0.0996687,0.0996687
492,0.0996687,0.0996687
493,0.0996687,0.0996687
494,0.0996687,0.0996687
495,0.0996687,0.0996687
496,0.0996687,0.0996687
497,0.117109,0.117109
498,0.117109,0.117109
499,0.117109,0.117109
500,0.117109,0.117109
501,0.117109,0.117109
502,0.117109,0.117109
503,0.117109,0.117109
504,0.117109,0.117109
505,0.117109,0.117109
506,0.404892,0.404892
507,0.404892,0.404892
508,0.404892,0.404892
509,0.404892,0.404892
510,0.404892,0.404892
511,0.404892,0.404892
512,0.404892,0.404892
513,0.291457,0.291457
514,0.291457,0.291457
515,0.291457,0.291457
516,0.291457,0.291457
517,0.291457,0.291457
518,0.291457,0.291457
519,0.291457,0.291457
520,0.291457,0.291457
521,0.348771,0.348771
522,0.348771,0.348771
523,0.348771,0.348771
524,0.348771,0.348771
525,0.348771,0.348771
526,0.348771,0.348771
527,0.348771,0.348771
528,0.348771,0.348771
529,0.348771,0.348771
530,0.348771,0.348771
531,0.2783,0.2783
532,0.2783,0.2783
533,0.2783,0.2783
534,0.2783,0.2783
535,0.2783,0.2783
536,0.2783,0.2783
537,0.708626,0.708626
538,0.708626,0.708626
539,0.708626,0.708626
540,0.708626,0.708626
541,0.708626,0.708626
542,0.86217,0.86217
543,0.86217,0.86217
544,0.86217,0.86217
545,0.86217,0.86217
546,0.86217,0.86217
547,1.03038,1.03038
548,1.03038,1.03038
549,1.19029,1.19029
550,1.40565,1.40565
551,1.40565,1.40565
552,1.40565,1.40565
553,1.40565,1.40565
554,1.40565,1.40565
555,1.40565,1.40565
556,1.35213,1.35213
557,1.35213,1.35213
558,1.35213,1.35213
559,1.35213,1.35213
560,1.35213,1.35213
561,1.15257,1.15257
562,1.15257,1.15257
563,1.15257,1.15257
564,1.15257,1.15257
565,1.15257,1.15257
566,1.0637,1.0637
567,1.0637,1.0637
568,1.0637,1.0637
569,1.0637,1.0637
570,1.00407,1.00407
571,1.00407,1.00407
572,1.00407,1.00407
573,1.00407,1.00407
574,1.00407,1.00407
575,0.96007,0.96007
576,0.96007,0.96007
577,0.96007,0.96007
578,0.96007,0.96007
579,0.96007,0.96007
580,0.96007,0.96007
581,0.96007,0.96007
582,0.96007,0.96007
583,0.96007,0.96007
584,0.96007,0.96007
585,1.08632,1.08632
586,1.08632,1.08632
587,1.08632,1.08632
588,1.08632,1.08632
589,1.08632,1.08632
590,1.08632,1.08632
591,1.08632,1.08632
592,1.08632,1.08632
593,1.08632,1.08632
594,1.08632,1.08632
595,1.08632,1.08632
596,1.08632,1.08632
597,1.12842,1.12842
598,1.12842,1.12842
599,1.12842,1.12842
600,1.12842,1.12842
601,1.12842,1.12842
602,1.12842,1.12842
603,1.12842,1.12842
604,1.12842,1.12842
605,1.12842,1.12842
606,1.12842,1.12842
607,1.12842,1.12842
608,1.12842,1.12842
609,1.17601,1.17601
610,1.17601,1.17601
611,1.17601,1.17601
612,1.17601,1.17601
613,1.20362,1.20362
614,1.20362,1.20362
615,1.20362,1.20362
616,1.20362,1.20362
617,1.20362,1.20362
618,1.2925,1.2925
619,1.2925,1.2925
620,1.48766,1.48766
621,1.48766,1.48766
622,1.48766,1.48766
623,1.48766,1.48766
624,1.48766,1.48766
625,1.48766,1.48766
626,1.65394,1.65394
627,1.65394,1.65394
628,1.65394,1.65394
629,1.65394,1.65394
630,1.65394,1.65394
631,1.65394,1.65394
632,1.78947,1.78947
633,1.78947,1.78947
634,1.78947,1.78947
635,1.78947,1.78947
636,1.78947,1.78947
637,1.78947,1.78947
638,1.72345,1.72345
639,1.72345,1.72345
640,1.72345,1.72345
641,1.72345,1.72345
642,1.72345,1.72345
643,1.72345,1.72345
644,1.72345,1.72345
645,1.59579,1.59579
646,1.59579,1.59579
647,1.59579,1.59579
648,1.59579,1.59579
649,1.59579,1.59579
650,1.59579,1.59579
651,1.59579,1.59579
652,1.59579,1.59579
653,1.59579,1.59579
654,1.59579,1.59579
655,1.59579,1.59579
656,1.59579,1.59579
657,1.59579,1.59579
658,1.59579,1.59579
659,1.59579,1.59579
660,1.59579,1.59579
661,1.59579,1.59579
662,1.59579,1.59579
663,1.59579,1.59579
664,1.59579,1.59579
665,1.5458,1.5458
666,1.5458,1.5458
667,1.5458,1.5458
668,1.5458,1.5458
669,1.5458,1.5458
670,1.5458,1.5458
671,1.5458,1.5458
672,1.5458,1.5458
673,1.5458,1.5458
674,1.5458,1.5458
675,1.5458,1.5458
676,1.5458,1.5458
677,1.5458,1.5458
678,1.5458,1.5458
679,1.5458,1.5458
680,1.5458,1.5458
681,1.5458,1.5458
682,1.5458,1.5458
683,1.5458,1.5458
684,1.5458,1.5458
685,1.27934,1.27934
686,1.27934,1.27934
687,1.27934,1.27934
688,1.27934,1.27934
689,1.22203,1.22203
690,1.22203,1.22203
691,1.22203,1.22203
692,1.22203,1.22203
693,1.22203,1.22203
694,1.22203,1.22203
695,1.22203,1.22203
696,1.22203,1.22203
697,1.3734,1.3734
698,1.3734,1.3734
699,1.3734,1.3734
700,1.76819,1.76819
701,1.76819,1.76819
702,1.8491,1.8491
703,1.8491,1.8491
704,1.92957,1.92957
705,1.92957,1.92957
706,1.97569,1.97569
707,1.97569,1.97569
708,1.97569,1.97569
709,1.97569,1.97569
710,1.97569,1.97569
711,1.97569,1.97569
712,2.67795,2.67795
713,2.67795,2.67795
714,2.19105,2.19105
715,2.19105,2.19105
716,2.19105,2.19105
717,2.19105,2.19105
718,2.19105,2.19105
719,2.19105,2.19105
720,2.19105,2.19105
721,2.30624,2.30624
722,2.30624,2.30624
723,2.30624,2.30624
724,2.30624,2.30624
725,2.30624,2.30624
726,2.30624,2.30624
727,2.30624,2.30624
728,2.30624,2.30624
729,2.30624,2.30624
730,2.30624,2.30624
731,2.30624,2.30624
732,2.30624,2.30624
733,2.30624,2.30624
734,2.30624,2.30624
735,2.30624,2.30624
736,2.30624,2.30624
737,2.30624,2.30624
738,2.30624,2.30624
739,2.30624,2.30624
740,2.30624,2.30624
741,2.30624,2.30624
742,2.30624,2.30624
743,2.30624,2.30624
744,2.30624,2.30624
745,2.30624,2.30624
746,2.30624,2.30624
747,2.30624,2.30624
748,2.30624,2.30624
749,2.30624,2.30624
750,2.30624,2.30624
751,2.30624,2.30624
752,2.30624,2.30624
753,2.30624,2.30624
754,2.30624,2.30624
755,2.30624,2.30624
756,2.30624,2.30624
757,2.30624,2.30624
758,2.30624,2.30624
759,2.18152,2.18152
760,2.18152,2.18152
761,2.18152,2.18152
762,2.18152,2.18152
763,2.18152,2.18152
764,2.13411,2.13411
765,2.13411,2.13411
766,2.13411,2.13411
767,2.13411,2.13411
768,2.13411,2.13411
769,2.13411,2.13411
770,2.13411,2.13411
771,2.13411,2.13411
772,2.13411,2.13411
773,2.13411,2.13411
774,2.13411,2.13411
775,2.13411,2.13411
776,2.13411,2.13411
777,2.13411,2.13411
778,2.13411,2.13411
779,2.13411,2.13411
780,2.13411,2.13411
781,2.13411,2.13411
782,2.08994,2.08994
783,2.08994,2.08994
784,2.08994,2.08994
785,1.97569,1.97569
786,1.97569,1.97569
787,1.97569,1.97569
788,1.97569,1.97569
789,1.97569,1.97569
790,1.97569,1.97569
791,2.11122,2.11122
792,2.11122,2.11122
793,2.11122,2.11122
794,2.11122,2.11122
795,2.11122,2.11122
796,2.11122,2.11122
797,2.11122,2.11122
798,2.11122,2.11122
799,2.11122,2.11122
800,2.11122,2.11122
801,2.11122,2.11122
802,1.8491,1.8491
803,1.8491,1.8491
804,1.8491,1.8491
805,1.8491,1.8491
806,1.67046,1.67046
807,1.67046,1.67046
808,1.67046,1.67046
809,1.67046,1.67046
810,1.67046,1.67046
811,1.67046,1.67046
812,1.67046,1.67046
813,1.67046,1.67046
814,1.67046,1.67046
815,1.67046,1.67046
816,1.72345,1.72345
817,1.72345,1.72345
818,1.72345,1.72345
819,1.72345,1.72345
820,1.72345,1.72345
821,1.72345,1.72345
822,1.72345,1.72345
823,1.80189,1.80189
824,1.80189,1.80189
825,1.80189,1.80189
826,1.80189,1.80189
827,1.80189,1.80189
828,1.80189,1.80189
829,1.80189,1.80189
830,1.80189,1.80189
831,1.80189,1.80189
832,1.80189,1.80189
833,1.80189,1.80189
834,1.80189,1.80189
835,1.80189,1.80189
836,1.80189,1.80189
837,1.80189,1.80189
838,1.80189,1.80189
839,1.80189,1.80189
840,1.80189,1.80189
841,1.80189,1.80189
842,1.80189,1.80189
843,1.80189,1.80189
844,1.80189,1.80189
845,1.80189,1.80189
846,1.80189,1.80189
847,1.80189,1.80189
848,1.80189,1.80189
849,1.9513,1.9513
850,1.9513,1.9513
851,2.11122,2.11122
852,2.26553,2.26553
853,2.26553,2.26553
854,2.26553,2.26553
855,2.26553,2.26553
856,2.44685,2.44685
857,2.44685,2.44685
858,2.44685,2.44685
859,2.44685,2.44685
860,2.62245,2.62245
861,2.62245,2.62245
862,2.62245,2.62245
863,2.7367,2.7367
864,2.7367,2.7367
865,2.7367,2.7367
866,2.78282,2.78282
867,2.78282,2.78282
868,2.78282,2.78282
869,2.78282,2.78282
870,2.78282,2.78282
871,2.78282,2.78282
872,2.78282,2.78282
873,2.71497,2.71497
874,2.71497,2.71497
875,2.71497,2.71497
876,2.71497,2.71497
877,2.71497,2.71497
878,2.71497,2.71497
879,2.71497,2.71497
880,2.71497,2.71497
881,2.71497,2.71497
882,2.71497,2.71497
883,2.71497,2.71497
884,2.71497,2.71497
885,2.71497,2.71497
886,2.72918,2.72918
887,2.72918,2.72918
888,2.72918,2.72918
889,2.72918,2.72918
890,2.72918,2.72918
891,2.74307,2.74307
892,2.74307,2.74307
893,2.74307,2.74307
894,2.74307,2.74307
895,2.74307,2.74307
896,2.74307,2.74307
897,2.74307,2.74307
898,2.74307,2.74307
899,2.74307,2.74307
900,2.77442,2.77442
901,2.77442,2.77442
902,2.77442,2.77442
903,2.77442,2.77442
904,2.77442,2.77442
905,2.86329,2.86329
906,2.86329,2.86329
907,2.9442,2.9442
908,2.9442,2.9442
909,2.9442,2.9442
910,2.9442,2.9442
911,2.9442,2.9442
912,2.74307,2.74307
913,2.74307,2.74307
914,2.74307,2.74307
915,2.74307,2.74307
916,2.74307,2.74307
917,2.74307,2.74307
918,2.74307,2.74307
919,2.74307,2.74307
920,2.74307,2.74307
921,2.74307,2.74307
922,2.74307,2.74307
923,2.74307,2.74307
924,2.74307,2.74307
925,2.74307,2.74307
926,2.74307,2.74307
927,2.74307,2.74307
928,2.74307,2.74307
929,2.74307,2.74307
930,2.74307,2.74307
931,2.74307,2.74307
932,2.74307,2.74307
933,2.74307,2.74307
934,2.74307,2.74307
935,2.74307,2.74307
936,2.79857,2.79857
937,2.79857,2.79857
938,2.79857,2.79857
939,2.79857,2.79857
940,2.79857,2.79857
941,2.79857,2.79857
942,2.79857,2.79857
943,2.79857,2.79857
944,2.79857,2.79857
945,2.79857,2.79857
946,2.79857,2.79857
947,2.79857,2.79857
948,2.79857,2.79857
949,2.79857,2.79857
950,2.79857,2.79857
951,2.72337,2.72337
952,2.72337,2.72337
953,2.72337,2.72337
954,2.72337,2.72337
955,2.72337,2.72337
956,2.64765,2.64765
957,2.64765,2.64765
958,2.64765,2.64765
959,2.64765,2.64765
960,2.64765,2.64765
961,2.64765,2.64765
962,2.64765,2.64765
963,2.64765,2.64765
964,2.64765,2.64765
965,2.64765,2.64765
966,2.64765,2.64765
967,2.64765,2.64765
968,2.64765,2.64765
969,2.64765,2.64765
970,2.64765,2.64765
971,2.70918,2.70918
972,2.70918,2.70918
973,2.70918,2.70918
974,2.70918,2.70918
975,2.70918,2.70918
976,2.70918,2.70918
977,2.70918,2.70918
978,2.70918,2.70918
979,2.70918,2.70918
980,2.70918,2.70918
981,2.55359,2.55359
982,2.55359,2.55359
983,2.55359,2.55359
984,2.81984,2.81984
985,2.81984,2.81984
986,2.81984,2.81984
987,2.42276,2.42276
988,2.42276,2.42276
989,2.42276,2.42276
990,2.42276,2.42276
991,2.42276,2.42276
992,2.42276,2.42276
993,2.28963,2.28963
994,2.28963,2.28963
995,2.28963,2.28963
996,2.28963,2.28963
997,2.28963,2.28963
998,2.28963,2.28963
999,2.19105,2.19105
1000,2.19105,2.19105
1001,2.19105,2.19105
1002,2.19105,2.19105
1003,2.19105,2.19105
1004,1.7976,1.7976
1005,1.7976,1.7976
1006,1.7976,1.7976
1007,1.7976,1.7976
1008,1.7976,1.7976
1009,1.7976,1.7976
1010,1.7976,1.7976
1011,1.7976,1.7976
1012,1.7976,1.7976
1013,1.7976,1.7976
1014,1.68145,1.68145
1015,1.68145,1.68145
1016,1.68145,1.68145
1017,1.68145,1.68145
1018,1.68145,1.68145
1019,1.46014,1.46014
1020,1.46014,1.46014
1021,1.46014,1.46014
1022,1.46014,1.46014
1023,1.46014,1.46014
1024,1.46014,1.46014
1025,1.46014,1.46014
1026,1.46014,1.46014
1027,1.46014,1.46014
1028,1.6421,1.6421
1029,1.6421,1.6421
1030,1.6421,1.6421
1031,1.6421,1.6421
1032,1.6421,1.6421
1033,1.6421,1.6421
1034,1.6421,1.6421
1035,1.6421,1.6421
1036,1.6421,1.6421
1037,1.6421,1.6421
1038,1.6421,1.6421
1039,1.6421,1.6421
1040,1.49949,1.49949
1041,1.49949,1.49949
1042,1.49949,1.49949
1043,1.49949,1.49949
1044,1.49949,1.49949
1045,1.49949,1.49949
1046,1.49949,1.49949
1047,1.49949,1.49949
1048,1.49949,1.49949
1049,1.76819,1.76819
1050,1.76819,1.76819
1051,1.76819,1.76819
1052,1.76819,1.76819
1053,1.76819,1.76819
1054,1.76819,1.76819
1055,1.76819,1.76819
1056,1.9513,1.9513
1057,1.9513,1.9513
1058,2.11122,2.11122
1059,2.2143,2.2143
1060,2.2143,2.2143
1061,2.2143,2.2143
1062,2.2143,2.2143
1063,2.2143,2.2143
1064,2.11122,2.11122
1065,2.11122,2.11122
1066,1.9513,1.9513
1067,1.63736,1.63736
1068,1.63736,1.63736
1069,1.63736,1.63736
1070,1.63736,1.63736
1071,1.63736,1.63736
1072,1.63736,1.63736
1073,1.63736,1.63736
1074,1.63736,1.63736
1075,1.63736,1.63736
1076,1.63736,1.63736
1077,1.63736,1.63736
1078,1.63736,1.63736
1079,1.63736,1.63736
1080,1.63736,1.63736
1081,1.63736,1.63736
1082,1.80189,1.80189
1083,1.80189,1.80189
1084,1.80189,1.80189
1085,1.80189,1.80189
1086,1.80189,1.80189
1087,1.80189,1.80189
1088,1.80189,1.80189
1089,1.80189,1.80189
1090,1.82812,1.82812
1091,1.82812,1.82812
1092,1.82812,1.82812
1093,1.82812,1.82812
1094,1.82812,1.82812
1095,1.82812,1.82812
1096,1.82812,1.82812
1097,1.86225,1.86225
1098,1.86225,1.86225
1099,1.86225,1.86225
1100,1.86225,1.86225
1101,1.86225,1.86225
1102,1.86225,1.86225
1103,1.86225,1.86225
1104,1.86225,1.86225
1105,1.86225,1.86225
1106,1.86225,1.86225
1107,1.86225,1.86225
1108,1.86225,1.86225
1109,1.86225,1.86225
1110,1.86225,1.86225
1111,1.86225,1.86225
1112,1.86225,1.86225
1113,1.86225,1.86225
1114,2.1588,2.1588
1115,2.1588,2.1588
1116,2.1588,2.1588
1117,1.97569,1.97569
1118,1.97569,1.97569
1119,1.97569,1.97569
1120,1.97569,1.97569
1121,1.97569,1.97569
1122,1.97569,1.97569
1123,2.08994,2.08994
1124,2.08994,2.08994
1125,2.08994,2.08994
1126,2.24554,2.24554
1127,2.24554,2.24554
1128,2.24554,2.24554
1129,2.24554,2.24554
1130,2.24554,2.24554
1131,2.24554,2.24554
1132,2.24554,2.24554
1133,2.24554,2.24554
1134,2.24554,2.24554
1135,2.24554,2.24554
1136,2.49809,2.49809
1137,2.49809,2.49809
1138,2.49809,2.49809
1139,2.49809,2.49809
1140,2.49809,2.49809
1141,2.49809,2.49809
1142,2.49809,2.49809
1143,2.49809,2.49809
1144,2.60117,2.60117
1145,2.60117,2.60117
1146,2.78282,2.78282
1147,2.78282,2.78282
1148,2.78282,2.78282
1149,2.86329,2.86329
1150,2.86329,2.86329
1151,2.9442,2.9442
1152,2.9442,2.9442
1153,2.9442,2.9442
1154,2.9442,2.9442
1155,2.9442,2.9442
1156,2.85014,2.85014
1157,2.85014,2.85014
1158,2.85014,2.85014
1159,2.85014,2.85014
1160,2.85014,2.85014
1161,2.85014,2.85014
1162,2.85014,2.85014
1163,2.85014,2.85014
1164,2.85014,2.85014
1165,2.87534,2.87534
1166,2.87534,2.87534
1167,2.87534,2.87534
1168,2.92292,2.92292
1169,2.92292,2.92292
1170,2.98894,2.98894
1171,2.98894,2.98894
1172,2.98894,2.98894
1173,2.98894,2.98894
1174,2.98894,2.98894
1175,2.98894,2.98894
1176,2.98894,2.98894
1177,2.98894,2.98894
1178,2.98894,2.98894
1179,2.98894,2.98894
1180,2.98894,2.98894
1181,2.98894,2.98894
1182,2.98894,2.98894
1183,2.98894,2.98894
1184,2.98894,2.98894
1185,2.98894,2.98894
1186,2.98894,2.98894
1187,2.98894,2.98894
1188,2.98894,2.98894
1189,2.98894,2.98894
1190,2.98894,2.98894
1191,2.98894,2.98894
1192,2.92292,2.92292
1193,2.92292,2.92292
1194,2.92292,2.92292
1195,2.92292,2.92292
1196,2.92292,2.92292
1197,2.92292,2.92292
1198,3.05845,3.05845
1199,3.05845,3.05845
1200,3.05845,3.05845
1201,3.05845,3.05845
1202,3.05845,3.05845
1203,3.05845,3.05845
1204,3.22473,-3.05845
1205,3.22473,-3.05845
1206,3.22473,-3.05845
1207,3.22473,-3.05845
1208,3.22473,-3.05845
1209,3.22473,-3.05845
1210,3.36026,-2.92292
1211,3.36026,-2.92292
1212,3.36026,-2.92292
1213,3.36026,-2.92292
1214,3.36026,-2.92292
1215,3.50036,-2.78282
1216,3.50036,-2.78282
1217,3.50036,-2.78282
1218,3.50036,-2.78282
1219,3.50036,-2.78282
1220,3.50036,-2.78282
1221,3.44009,-2.84309
1222,3.44009,-2.84309
1223,3.44009,-2.84309
1224,3.44009,-2.84309
1225,3.44009,-2.84309
1226,3.44009,-2.84309
1227,3.44009,-2.84309
1228,3.44009,-2.84309
1229,3.44009,-2.84309
1230,3.44009,-2.84309
1231,3.44009,-2.84309
1232,3.44009,-2.84309
1233,3.48462,-2.79857
1234,3.48462,-2.79857
1235,3.48462,-2.79857
1236,3.48462,-2.79857
1237,3.48462,-2.79857
1238,3.48462,-2.79857
1239,3.54648,-2.7367
1240,3.54648,-2.7367
1241,3.54648,-2.7367
1242,3.66074,-2.62245
1243,3.66074,-2.62245
1244,3.66074,-2.62245
1245,3.78509,-2.49809
1246,3.78509,-2.49809
1247,3.78509,-2.49809
1248,3.78509,-2.49809
1249,3.78509,-2.49809
1250,3.78509,-2.49809
1251,3.78509,-2.49809
1252,3.78509,-2.49809
1253,3.78509,-2.49809
1254,4.06889,-2.2143
1255,4.06889,-2.2143
1256,4.06889,-2.2143
1257,4.06889,-2.2143
1258,3.60524,-2.67795
1259,3.60524,-2.67795
1260,4.09214,-2.19105
1261,4.09214,-2.19105
1262,4.09214,-2.19105
1263,4.09214,-2.19105
1264,4.09214,-2.19105
1265,4.09214,-2.19105
1266,4.09214,-2.19105
1267,4.09214,-2.19105
1268,4.09214,-2.19105
1269,4.09214,-2.19105
1270,4.15379,-2.1294
1271,4.15379,-2.1294
1272,4.15379,-2.1294
1273,4.15379,-2.1294
1274,4.15379,-2.1294
1275,4.15379,-2.1294
1276,4.15379,-2.1294
1277,4.15379,-2.1294
1278,4.15379,-2.1294
1279,4.15379,-2.1294
1280,4.33188,-1.9513
1281,4.33188,-1.9513
1282,4.33188,-1.9513
1283,4.33188,-1.9513
1284,4.33188,-1.9513
1285,4.33188,-1.9513
1286,4.33188,-1.9513
1287,4.53254,-1.75065
1288,4.53254,-1.75065
1289,4.53254,-1.75065
1290,4.53254,-1.75065
1291,4.53254,-1.75065
1292,4.53254,-1.75065
1293,4.53254,-1.75065
1294,4.53254,-1.75065
1295,4.53254,-1.75065
1296,4.53254,-1.75065
1297,4.53254,-1.75065
1298,4.53254,-1.75065
1299,4.3075,-1.97569
1300,4.3075,-1.97569
1301,4.3075,-1.97569
1302,4.3075,-1.97569
1303,4.3075,-1.97569
1304,4.3075,-1.97569
1305,4.3075,-1.97569
1306,4.67537,-1.60782
1307,4.67537,-1.60782
1308,4.67537,-1.60782
1309,4.67537,-1.60782
1310,4.67537,-1.60782
1311,4.67537,-1.60782
1312,4.67537,-1.60782
1313,4.67537,-1.60782
1314,4.67537,-1.60782
1315,4.67537,-1.60782
1316,4.67537,-1.60782
1317,4.67537,-1.60782
1318,4.67537,-1.60782
1319,4.67537,-1.60782
1320,4.74941,-1.53378
1321,4.74941,-1.53378
1322,4.74941,-1.53378
1323,4.74941,-1.53378
1324,4.74941,-1.53378
1325,4.74941,-1.53378
1326,4.74941,-1.53378
1327,4.74941,-1.53378
1328,4.74941,-1.53378
1329,4.74941,-1.53378
1330,4.74941,-1.53378
1331,4.74941,-1.53378
1332,4.74941,-1.53378
1333,5.00385,-1.27934
1334,5.00385,-1.27934
1335,5.00385,-1.27934
1336,5.00385,-1.27934
1337,5.00385,-1.27934
1338,5.00385,-1.27934
1339,5.00385,-1.27934
1340,5.00385,-1.27934
1341,5.00385,-1.27934
1342,4.87754,-1.40565
1343,4.87754,-1.40565
1344,4.87754,-1.40565
1345,4.54724,-1.73595
1346,4.54724,-1.73595
1347,4.54724,-1.73595
1348,4.03765,-2.24554
1349,4.03765,-2.24554
1350,4.03765,-2.24554
1351,4.03765,-2.24554
1352,4.03765,-2.24554
1353,4.03765,-2.24554
1354,4.03765,-2.24554
1355,4.54724,-1.73595
1356,4.54724,-1.73595
1357,4.54724,-1.73595
1358,4.83674,-1.44644
1359,4.83674,-1.44644
1360,4.83674,-1.44644
1361,4.83674,-1.44644
1362,4.83674,-1.44644
1363,4.83674,-1.44644
1364,4.83674,-1.44644
1365,4.83674,-1.44644
1366,4.83674,-1.44644
1367,4.83674,-1.44644
1368,4.83674,-1.44644
1369,4.83674,-1.44644
1370,4.93106,-1.35213
1371,4.93106,-1.35213
1372,4.93106,-1.35213
1373,4.93106,-1.35213
1374,4.93106,-1.35213
1375,4.93106,-1.35213
1376,4.86504,-1.41815
1377,4.86504,-1.41815
1378,4.86504,-1.41815
1379,4.86504,-1.41815
1380,4.86504,-1.41815
1381,4.86504,-1.41815
1382,4.86504,-1.41815
1383,4.86504,-1.41815
1384,4.86504,-1.41815
1385,4.86504,-1.41815
1386,4.86504,-1.41815
1387,4.86504,-1.41815
1388,4.86504,-1.41815
1389,4.86504,-1.41815
1390,4.86504,-1.41815
1391,4.86504,-1.41815
1392,4.86504,-1.41815
1393,4.35362,-1.92957
1394,4.35362,-1.92957
1395,4.35362,-1.92957
1396,4.35362,-1.92957
1397,4.35362,-1.92957
1398,4.3075,-1.97569
1399,4.3075,-1.97569
1400,4.3075,-1.97569
1401,4.19324,-2.08994
1402,4.19324,-2.08994
1403,4.19324,-2.08994
1404,3.97044,-2.31274
1405,3.97044,-2.31274
1406,3.97044,-2.31274
1407,3.97044,-2.31274
1408,3.97044,-2.31274
1409,3.97044,-2.31274
1410,3.97044,-2.31274
1411,3.97044,-2.31274
1412,3.97044,-2.31274
1413,3.97044,-2.31274
1414,3.88354,-2.39965
1415,3.88354,-2.39965
1416,3.88354,-2.39965
1417,3.88354,-2.39965
1418,3.88354,-2.39965
1419,3.88354,-2.39965
1420,3.88354,-2.39965
1421,3.88354,-2.39965
1422,3.88354,-2.39965
1423,3.88354,-2.39965
1424,3.46334,-2.81984
1425,3.46334,-2.81984
1426,3.46334,-2.81984
1427,3.7296,-2.55359
1428,3.7296,-2.55359
1429,3.7296,-2.55359
1430,3.5221,-2.76109
1431,3.5221,-2.76109
1432,3.5221,-2.76109
1433,3.5221,-2.76109
1434,3.5221,-2.76109
1435,3.5221,-2.76109
1436,3.5221,-2.76109
1437,3.41989,-2.86329
1438,3.41989,-2.86329
1439,3.41989,-2.86329
1440,3.41989,-2.86329
1441,3.41989,-2.86329
1442,3.41989,-2.86329
1443,3.50036,-2.78282
1444,3.50036,-2.78282
1445,3.50036,-2.78282
1446,3.50036,-2.78282
1447,3.50036,-2.78282
1448,3.50036,-2.78282
1449,3.41989,-2.86329
1450,3.41989,-2.86329
1451,3.41989,-2.86329
1452,3.41989,-2.86329
1453,3.41989,-2.86329
1454,3.41989,-2.86329
1455,3.50036,-2.78282
1456,3.50036,-2.78282
1457,3.50036,-2.78282
1458,3.50036,-2.78282
1459,3.50036,-2.78282
1460,3.50036,-2.78282
1461,3.38657,-2.89661
1462,3.38657,-2.89661
1463,3.38657,-2.89661
1464,3.38657,-2.89661
1465,3.38657,-2.89661
1466,3.38657,-2.89661
1467,3.38657,-2.89661
1468,3.38657,-2.89661
1469,3.38657,-2.89661
1470,3.38657,-2.89661
1471,3.38657,-2.89661
1472,3.38657,-2.89661
1473,3.38657,-2.89661
1474,3.38657,-2.89661
1475,3.50036,-2.78282
1476,3.50036,-2.78282
1477,3.50036,-2.78282
1478,3.50036,-2.78282
1479,3.50036,-2.78282
1480,3.50036,-2.78282
1481,3.50036,-2.78282
1482,3.50036,-2.78282
1483,3.50036,-2.78282
1484,3.50036,-2.78282
1485,3.50036,-2.78282
1486,3.54648,-2.7367
1487,3.54648,-2.7367
1488,3.54648,-2.7367
1489,3.54648,-2.7367
1490,3.54648,-2.7367
1491,3.54648,-2.7367
1492,3.54648,-2.7367
1493,3.54648,-2.7367
1494,3.54648,-2.7367
1495,3.54648,-2.7367
1496,3.54648,-2.7367
1497,3.54648,-2.7367
1498,3.68201,-2.60117
1499,3.83633,-2.44685
1500,3.83633,-2.44685
1501,3.83633,-2.44685
1502,3.83633,-2.44685
1503,4.01765,-2.26553
1504,4.01765,-2.26553
1505,4.01765,-2.26553
1506,4.01765,-2.26553
1507,4.17197,-2.11122
1508,4.17197,-2.11122
1509,4.35362,-1.92957
1510,4.35362,-1.92957
1511,4.35362,-1.92957
1512,4.43409,-1.8491
1513,4.43409,-1.8491
1514,4.60173,-1.68145
1515,4.60173,-1.68145
1516,4.60173,-1.68145
1517,4.60173,-1.68145
1518,4.60173,-1.68145
1519,4.60173,-1.68145
1520,4.60173,-1.68145
1521,4.60173,-1.68145
1522,4.60173,-1.68145
1523,4.5013,-1.78189
1524,4.5013,-1.78189
1525,4.5013,-1.78189
1526,4.5013,-1.78189
1527,4.5013,-1.78189
1528,4.5013,-1.78189
1529,4.5013,-1.78189
1530,4.5013,-1.78189
1531,4.5013,-1.78189
1532,4.5013,-1.78189
1533,4.5013,-1.78189
1534,4.5013,-1.78189
1535,4.5013,-1.78189
1536,4.5013,-1.78189
1537,4.5013,-1.78189
1538,4.5013,-1.78189
1539,4.5013,-1.78189
1540,4.43409,-1.8491
1541,4.43409,-1.8491
1542,4.35362,-1.92957
1543,4.35362,-1.92957
1544,4.27998,-2.0032
1545,4.27998,-2.0032
1546,4.27998,-2.0032
1547,4.27998,-2.0032
1548,4.27998,-2.0032
1549,4.27998,-2.0032
1550,4.27998,-2.0032
1551,4.27998,-2.0032
1552,4.27998,-2.0032
1553,4.27998,-2.0032
1554,4.27998,-2.0032
1555,4.27998,-2.0032
1556,4.27998,-2.0032
1557,4.27998,-2.0032
1558,4.27998,-2.0032
1559,4.27998,-2.0032
1560,4.32178,-1.9614
1561,4.32178,-1.9614
1562,4.32178,-1.9614
1563,4.32178,-1.9614
1564,4.32178,-1.9614
1565,4.32178,-1.9614
1566,4.32178,-1.9614
1567,4.32178,-1.9614
1568,4.32178,-1.9614
1569,4.32178,-1.9614
1570,4.32178,-1.9614
1571,4.32178,-1.9614
1572,4.32178,-1.9614
1573,4.32178,-1.9614
1574,4.32178,-1.9614
1575,4.32178,-1.9614
1576,4.32178,-1.9614
1577,4.27576,-2.00742
1578,4.27576,-2.00742
1579,4.27576,-2.00742
1580,4.27576,-2.00742
1581,4.27576,-2.00742
1582,4.27576,-2.00742
1583,4.27576,-2.00742
1584,4.27576,-2.00742
1585,4.27576,-2.00742
1586,4.27576,-2.00742
1587,4.27576,-2.00742
1588,4.27576,-2.00742
1589,4.27576,-2.00742
1590,4.27576,-2.00742
1591,4.27576,-2.00742
1592,4.27576,-2.00742
1593,4.27576,-2.00742
1594,4.27576,-2.00742
1595,4.27576,-2.00742
1596,4.32178,-1.9614
1597,4.32178,-1.9614
1598,4.32178,-1.9614
1599,4.32178,-1.9614
1600,4.32178,-1.9614
1601,4.32178,-1.9614
1602,4.32178,-1.9614
1603,4.3415,-1.94169
1604,4.3415,-1.94169
1605,4.3415,-1.94169
1606,4.3415,-1.94169
1607,4.3415,-1.94169
1608,4.3415,-1.94169
1609,4.3415,-1.94169
1610,4.3731,-1.91009
1611,4.3731,-1.91009
1612,4.3731,-1.91009
1613,4.3731,-1.91009
1614,4.3731,-1.91009
1615,4.3731,-1.91009
1616,4.3731,-1.91009
1617,4.3731,-1.91009
1618,4.3731,-1.91009
1619,4.3731,-1.91009
1620,4.3731,-1.91009
1621,4.3731,-1.91009
1622,4.3731,-1.91009
1623,4.3731,-1.91009
1624,4.3731,-1.91009
1625,4.3731,-1.91009
1626,4.3731,-1.91009
1627,4.3731,-1.91009
1628,4.3731,-1.91009
1629,4.34522,-1.93797
1630,4.34522,-1.93797
1631,4.34522,-1.93797
1632,4.34522,-1.93797
1633,4.3176,-1.96559
1634,4.3176,-1.96559
1635,4.3176,-1.96559
1636,4.28576,-1.99742
1637,4.28576,-1.99742
1638,4.28576,-1.99742
1639,4.28576,-1.99742
1640,4.28576,-1.99742
1641,4.28576,-1.99742
1642,4.28576,-1.99742
1643,4.28576,-1.99742
1644,4.28576,-1.99742
1645,4.28576,-1.99742
1646,4.28576,-1.99742
1647,4.28576,-1.99742
1648,4.28576,-1.99742
1649,4.43409,-1.8491
1650,4.43409,-1.8491
1651,4.43409,-1.8491
1652,4.43409,-1.8491
1653,4.43409,-1.8491
1654,4.43409,-1.8491
1655,4.43409,-1.8491
1656,4.43409,-1.8491
1657,4.43409,-1.8491
1658,4.43409,-1.8491
1659,4.43409,-1.8491
1660,4.43409,-1.8491
1661,4.43409,-1.8491
1662,4.27576,-2.00742
1663,4.27576,-2.00742
1664,4.27576,-2.00742
1665,4.27576,-2.00742
1666,4.27576,-2.00742
1667,4.27576,-2.00742
1668,4.27576,-2.00742
1669,4.27576,-2.00742
1670,4.27576,-2.00742
1671,4.27576,-2.00742
1672,4.27576,-2.00742
1673,4.27576,-2.00742
1674,4.27576,-2.00742
1675,4.27576,-2.00742
1676,4.27576,-2.00742
1677,4.27576,-2.00742
1678,4.27576,-2.00742
1679,4.27576,-2.00742
1680,4.27576,-2.00742
1681,4.27576,-2.00742
1682,4.27576,-2.00742
1683,4.27576,-2.00742
1684,4.15379,-2.1294
1685,4.15379,-2.1294
1686,4.15379,-2.1294
1687,4.15379,-2.1294
1688,4.15379,-2.1294
1689,4.15379,-2.1294
1690,4.15379,-2.1294
1691,4.15379,-2.1294
1692,4.19324,-2.08994
1693,4.19324,-2.08994
1694,4.19324,-2.08994
1695,4.3075,-1.97569
1696,4.3075,-1.97569
1697,4.3075,-1.97569
1698,4.49372,-1.78947
1699,4.49372,-1.78947
1700,4.49372,-1.78947
1701,4.49372,-1.78947
1702,4.49372,-1.78947
1703,4.61272,-1.67046
1704,4.61272,-1.67046
1705,4.61272,-1.67046
1706,4.61272,-1.67046
1707,4.61272,-1.67046
1708,4.61272,-1.67046
1709,4.61272,-1.67046
1710,4.61272,-1.67046
1711,4.61272,-1.67046
1712,4.61272,-1.67046
1713,4.48559,-1.7976
1714,4.48559,-1.7976
1715,4.48559,-1.7976
1716,4.48559,-1.7976
1717,4.48559,-1.7976
1718,4.48559,-1.7976
1719,4.48559,-1.7976
1720,4.48559,-1.7976
1721,4.48559,-1.7976
1722,4.48559,-1.7976
1723,4.48559,-1.7976
1724,4.62925,-1.65394
1725,4.62925,-1.65394
1726,4.62925,-1.65394
1727,4.62925,-1.65394
1728,4.62925,-1.65394
1729,4.62925,-1.65394
1730,4.62925,-1.65394
1731,4.62925,-1.65394
1732,4.62925,-1.65394
1733,4.62925,-1.65394
1734,4.62925,-1.65394
1735,4.62925,-1.65394
