#Grabcut execution time: 0s 342ms 342110us 
0.0000              83.1362             
1.0000              34.1571             
2.0000              31.6665             
3.0000              31.5673             
4.0000              31.9710             
5.0000              32.5432             
6.0000              33.0117             
7.0000              33.7082             
8.0000              33.8427             
9.0000              34.4822             
10.0000             34.7289             
11.0000             34.9285             
12.0000             35.0934             
13.0000             35.3182             
14.0000             35.4176             
15.0000             35.4195             
16.0000             35.5120             
17.0000             35.5138             
18.0000             35.4866             
19.0000             35.4850             
20.0000             35.5474             
21.0000             35.5516             
22.0000             35.5555             
23.0000             35.6375             
24.0000             35.6842             
25.0000             35.6546             
26.0000             35.6514             
27.0000             35.6440             
28.0000             35.6315             
29.0000             35.6263             
30.0000             35.6252             
31.0000             35.6252             
#Execution time: 32s 32996ms 32996706us 
