#Grabcut execution time: 0s 336ms 336982us 
0.0000              169.5720            
1.0000              169.5720            
2.0000              169.0069            
3.0000              169.0636            
4.0000              169.0329            
5.0000              169.3527            
6.0000              169.7230            
7.0000              169.9218            
8.0000              170.1347            
9.0000              170.3159            
10.0000             170.4980            
11.0000             170.7006            
12.0000             170.8550            
13.0000             171.0106            
14.0000             171.1649            
15.0000             171.3220            
16.0000             171.4623            
17.0000             171.6324            
18.0000             171.7709            
19.0000             171.9023            
20.0000             172.0178            
21.0000             172.1266            
22.0000             172.2326            
23.0000             172.3736            
24.0000             172.5034            
25.0000             172.6112            
26.0000             172.7175            
27.0000             172.8314            
28.0000             172.9250            
29.0000             173.0136            
30.0000             173.1054            
31.0000             173.1054            
#Execution time: 76s 76706ms 76706024us 
