#Grabcut execution time: 0s 350ms 350057us 
0.0000              205.6202            
1.0000              205.6202            
2.0000              204.9350            
3.0000              205.0038            
4.0000              204.9666            
5.0000              205.3543            
6.0000              205.8033            
7.0000              206.0444            
8.0000              206.3026            
9.0000              206.5223            
10.0000             206.7431            
11.0000             206.9888            
12.0000             207.1759            
13.0000             207.3646            
14.0000             207.5517            
15.0000             207.7422            
16.0000             207.9124            
17.0000             208.1187            
18.0000             208.2865            
19.0000             208.4459            
20.0000             208.5860            
21.0000             208.7179            
22.0000             208.8465            
23.0000             209.0174            
24.0000             209.1748            
25.0000             209.3055            
26.0000             209.4344            
27.0000             209.5726            
28.0000             209.6860            
29.0000             209.7935            
30.0000             209.9048            
31.0000             209.9048            
#Execution time: 55s 55164ms 55164836us 
