#Grabcut execution time: 0s 340ms 340454us 
0.0000              80.7088             
1.0000              30.5973             
2.0000              28.6264             
3.0000              28.7274             
4.0000              28.9036             
5.0000              27.6124             
6.0000              27.6924             
7.0000              27.8007             
8.0000              27.9164             
9.0000              27.9191             
10.0000             27.7283             
11.0000             27.7435             
12.0000             27.8067             
13.0000             27.8518             
14.0000             27.8851             
15.0000             27.8000             
16.0000             27.9573             
17.0000             27.8383             
18.0000             27.9360             
19.0000             27.8215             
20.0000             27.9863             
21.0000             27.7772             
22.0000             27.9183             
23.0000             27.7361             
24.0000             27.8568             
25.0000             27.6781             
26.0000             27.7881             
27.0000             27.7572             
28.0000             27.6394             
29.0000             27.7261             
30.0000             27.6769             
31.0000             27.6769             
#Execution time: 112s 112698ms 112698499us 
