n,tangent,t2
0,5.57456,-0.708626
1,5.57456,-0.708626
2,5.57456,-0.708626
3,5.57456,-0.708626
4,5.57456,-0.708626
5,5.57456,-0.708626
6,5.57456,-0.708626
7,5.57456,-0.708626
8,5.57456,-0.708626
9,5.57456,-0.708626
10,5.57456,-0.708626
11,5.57456,-0.708626
12,5.74277,-0.54042
13,5.74277,-0.54042
14,5.90268,-0.380506
15,6.06452,-0.218669
16,6.06452,-0.218669
17,6.06452,-0.218669
18,6.06452,-0.218669
19,6.06452,-0.218669
20,6.23323,-0.0499584
21,6.23323,-0.0499584
22,6.23323,-0.0499584
23,6.23323,-0.0499584
24,6.23323,-0.0499584
25,6.23323,-0.0499584
26,6.23323,-0.0499584
27,6.23323,-0.0499584
28,6.23323,-0.0499584
29,6.23323,-0.0499584
30,6.23323,-0.0499584
31,6.23323,-0.0499584
32,6.23323,-0.0499584
33,6.23323,-0.0499584
34,6.23323,-0.0499584
35,6.23323,-0.0499584
36,6.23323,-0.0499584
37,6.23323,-0.0499584
38,6.23323,-0.0499584
39,6.23323,-0.0499584
40,6.19645,-0.0867383
41,6.19645,-0.0867383
42,6.19645,-0.0867383
43,6.19645,-0.0867383
44,6.19645,-0.0867383
45,6.19645,-0.0867383
46,6.19645,-0.0867383
47,6.19645,-0.0867383
48,6.19645,-0.0867383
49,6.19645,-0.0867383
50,6.19645,-0.0867383
51,6.19645,-0.0867383
52,6.13054,-0.152649
53,6.13054,-0.152649
54,6.13054,-0.152649
55,6.13054,-0.152649
56,6.13054,-0.152649
57,6.13054,-0.152649
58,6.13054,-0.152649
59,6.13054,-0.152649
60,6.25195,-0.0312398
61,6.25195,-0.0312398
62,6.25195,-0.0312398
63,6.25195,-0.0312398
64,6.25195,-0.0312398
65,6.25195,-0.0312398
66,6.25195,-0.0312398
67,6.25195,-0.0312398
68,6.25195,-0.0312398
69,6.25195,-0.0312398
70,6.25195,-0.0312398
71,6.25195,-0.0312398
72,6.25195,-0.0312398
73,6.25195,-0.0312398
74,6.25195,-0.0312398
75,6.25195,-0.0312398
76,6.25195,-0.0312398
77,6.25195,-0.0312398
78,6.25195,-0.0312398
79,6.25195,-0.0312398
80,6.25195,-0.0312398
81,6.25195,-0.0312398
82,6.25195,-0.0312398
83,6.25195,-0.0312398
84,6.25195,-0.0312398
85,6.25195,-0.0312398
86,6.25195,-0.0312398
87,6.25195,-0.0312398
88,6.25195,-0.0312398
89,6.25195,-0.0312398
90,6.25195,-0.0312398
91,6.25195,-0.0312398
92,6.25195,-0.0312398
93,6.25195,-0.0312398
94,6.25195,-0.0312398
95,6.25195,-0.0312398
96,6.25195,-0.0312398
97,6.25195,-0.0312398
98,6.25195,-0.0312398
99,6.25195,-0.0312398
100,6.25195,-0.0312398
101,6.25195,-0.0312398
102,6.25195,-0.0312398
103,6.25195,-0.0312398
104,6.25195,-0.0312398
105,6.25195,-0.0312398
106,6.25195,-0.0312398
107,6.25195,-0.0312398
108,6.25195,-0.0312398
109,0.0312398,0.0312398
110,0.0312398,0.0312398
111,0.0312398,0.0312398
112,0.0312398,0.0312398
113,0.0312398,0.0312398
114,0.0312398,0.0312398
115,0.0312398,0.0312398
116,0.0312398,0.0312398
117,0.0312398,0.0312398
118,0.0312398,0.0312398
119,0.0312398,0.0312398
120,0.0312398,0.0312398
121,0.0312398,0.0312398
122,0.0312398,0.0312398
123,0.0312398,0.0312398
124,0.0312398,0.0312398
125,0.0312398,0.0312398
126,0.0312398,0.0312398
127,0.0312398,0.0312398
128,0.0312398,0.0312398
129,0.0312398,0.0312398
130,0.0312398,0.0312398
131,0.0312398,0.0312398
132,6.2356,-0.0475831
133,6.2356,-0.0475831
134,6.2356,-0.0475831
135,6.2356,-0.0475831
136,6.2356,-0.0475831
137,6.2356,-0.0475831
138,6.2356,-0.0475831
139,6.2356,-0.0475831
140,6.2356,-0.0475831
141,6.2356,-0.0475831
142,6.2356,-0.0475831
143,6.2356,-0.0475831
144,6.2356,-0.0475831
145,6.2356,-0.0475831
146,6.2356,-0.0475831
147,6.2356,-0.0475831
148,6.2356,-0.0475831
149,6.2356,-0.0475831
150,6.2356,-0.0475831
151,6.2356,-0.0475831
152,6.2356,-0.0475831
153,6.2356,-0.0475831
154,6.2356,-0.0475831
155,6.2356,-0.0475831
156,6.2356,-0.0475831
157,6.2356,-0.0475831
158,6.2356,-0.0475831
159,6.2356,-0.0475831
160,6.2356,-0.0475831
161,6.2356,-0.0475831
162,6.2356,-0.0475831
163,6.2356,-0.0475831
164,6.2356,-0.0475831
165,0.0906599,0.0906599
166,0.0906599,0.0906599
167,0.0906599,0.0906599
168,0.0906599,0.0906599
169,0.0906599,0.0906599
170,0.0906599,0.0906599
171,0.0906599,0.0906599
172,0.0906599,0.0906599
173,0.0906599,0.0906599
174,0.0906599,0.0906599
175,0.0906599,0.0906599
176,0.0906599,0.0906599
177,0.0906599,0.0906599
178,0.0906599,0.0906599
179,0.0906599,0.0906599
180,0.0906599,0.0906599
181,0.0906599,0.0906599
182,0.104877,0.104877
183,0.104877,0.104877
184,0.104877,0.104877
185,0.104877,0.104877
186,0.104877,0.104877
187,0.104877,0.104877
188,0.104877,0.104877
189,0.104877,0.104877
190,0.104877,0.104877
191,0.104877,0.104877
192,0.104877,0.104877
193,0.0713075,0.0713075
194,0.0713075,0.0713075
195,0.0713075,0.0713075
196,0.0713075,0.0713075
197,0.0713075,0.0713075
198,0.0713075,0.0713075
199,0.0713075,0.0713075
200,0.0713075,0.0713075
201,0.0713075,0.0713075
202,0.0713075,0.0713075
203,0.0713075,0.0713075
204,0.0713075,0.0713075
205,0.0713075,0.0713075
206,0.0713075,0.0713075
207,0.104877,0.104877
208,0.104877,0.104877
209,0.104877,0.104877
210,0.104877,0.104877
211,0.104877,0.104877
212,0.104877,0.104877
213,0.104877,0.104877
214,0.104877,0.104877
215,0.104877,0.104877
216,0.104877,0.104877
217,0.104877,0.104877
218,0.0767719,0.0767719
219,0.0767719,0.0767719
220,0.0767719,0.0767719
221,0.0767719,0.0767719
222,0.0767719,0.0767719
223,0.0767719,0.0767719
224,0.0767719,0.0767719
225,6.20641,-0.0767719
226,6.20641,-0.0767719
227,6.20641,-0.0767719
228,6.20641,-0.0767719
229,6.20641,-0.0767719
230,6.20641,-0.0767719
231,6.17831,-0.104877
232,6.17831,-0.104877
233,6.17831,-0.104877
234,6.17831,-0.104877
235,6.17831,-0.104877
236,6.17831,-0.104877
237,6.17831,-0.104877
238,6.17831,-0.104877
239,6.17831,-0.104877
240,6.17831,-0.104877
241,6.17831,-0.104877
242,6.17831,-0.104877
243,6.17831,-0.104877
244,0.0391956,0.0391956
245,0.0391956,0.0391956
246,0.0391956,0.0391956
247,0.0391956,0.0391956
248,0.0391956,0.0391956
249,0.0391956,0.0391956
250,0.0391956,0.0391956
251,0.0391956,0.0391956
252,0.0391956,0.0391956
253,0.0391956,0.0391956
254,0.0391956,0.0391956
255,0.0391956,0.0391956
256,0.0391956,0.0391956
257,0.0391956,0.0391956
258,0.0391956,0.0391956
259,0.0391956,0.0391956
260,0.0391956,0.0391956
261,0.0391956,0.0391956
262,0.0391956,0.0391956
263,0.0391956,0.0391956
264,0.0391956,0.0391956
265,0.0391956,0.0391956
266,0.0391956,0.0391956
267,0.0391956,0.0391956
268,0.0391956,0.0391956
269,0.0391956,0.0391956
270,0.0391956,0.0391956
271,0.0391956,0.0391956
272,0.0391956,0.0391956
273,0.0277706,0.0277706
274,0.0277706,0.0277706
275,0.0277706,0.0277706
276,0.0277706,0.0277706
277,0.0277706,0.0277706
278,0.0277706,0.0277706
279,0.0277706,0.0277706
280,0.0277706,0.0277706
281,0.0277706,0.0277706
282,0.0277706,0.0277706
283,0.0277706,0.0277706
284,0.0277706,0.0277706
285,0.0277706,0.0277706
286,0.0277706,0.0277706
287,0.0277706,0.0277706
288,0.0277706,0.0277706
289,0.0277706,0.0277706
290,0.0277706,0.0277706
291,6.25541,-0.0277706
292,6.25541,-0.0277706
293,6.25541,-0.0277706
294,6.25541,-0.0277706
295,6.25541,-0.0277706
296,6.25541,-0.0277706
297,6.25541,-0.0277706
298,6.25541,-0.0277706
299,6.25541,-0.0277706
300,6.25541,-0.0277706
301,6.25541,-0.0277706
302,6.25541,-0.0277706
303,6.25541,-0.0277706
304,6.25541,-0.0277706
305,6.25541,-0.0277706
306,6.25541,-0.0277706
307,6.25541,-0.0277706
308,6.25541,-0.0277706
309,6.24547,-0.037718
310,6.24547,-0.037718
311,6.24547,-0.037718
312,6.24547,-0.037718
313,6.24547,-0.037718
314,6.24547,-0.037718
315,6.24547,-0.037718
316,6.24547,-0.037718
317,6.24547,-0.037718
318,6.24547,-0.037718
319,6.24547,-0.037718
320,6.24547,-0.037718
321,6.24547,-0.037718
322,6.24547,-0.037718
323,6.24547,-0.037718
324,6.24547,-0.037718
325,6.24547,-0.037718
326,6.24547,-0.037718
327,6.24547,-0.037718
328,6.24547,-0.037718
329,6.24547,-0.037718
330,6.24547,-0.037718
331,6.24547,-0.037718
332,6.24547,-0.037718
333,6.24547,-0.037718
334,6.24547,-0.037718
335,6.24547,-0.037718
336,6.00489,-0.2783
337,6.00489,-0.2783
338,6.00489,-0.2783
339,6.00489,-0.2783
340,6.00489,-0.2783
341,6.26595,-0.0172397
342,6.26595,-0.0172397
343,6.26595,-0.0172397
344,6.26595,-0.0172397
345,6.26595,-0.0172397
346,6.26595,-0.0172397
347,6.26595,-0.0172397
348,6.26595,-0.0172397
349,6.26595,-0.0172397
350,6.26595,-0.0172397
351,6.26595,-0.0172397
352,6.26595,-0.0172397
353,6.26595,-0.0172397
354,6.26595,-0.0172397
355,6.26595,-0.0172397
356,6.26595,-0.0172397
357,6.26595,-0.0172397
358,6.26595,-0.0172397
359,6.26595,-0.0172397
360,6.26595,-0.0172397
361,6.26595,-0.0172397
362,6.26595,-0.0172397
363,6.26595,-0.0172397
364,6.26595,-0.0172397
365,6.26595,-0.0172397
366,6.26595,-0.0172397
367,6.26595,-0.0172397
368,6.26595,-0.0172397
369,6.26595,-0.0172397
370,6.26595,-0.0172397
371,6.26595,-0.0172397
372,6.26595,-0.0172397
373,6.26595,-0.0172397
374,6.26595,-0.0172397
375,6.26595,-0.0172397
376,6.26595,-0.0172397
377,6.26595,-0.0172397
378,6.26595,-0.0172397
379,6.26595,-0.0172397
380,6.26595,-0.0172397
381,6.26595,-0.0172397
382,6.26595,-0.0172397
383,6.26595,-0.0172397
384,6.26595,-0.0172397
385,6.26595,-0.0172397
386,6.26595,-0.0172397
387,6.26595,-0.0172397
388,6.26595,-0.0172397
389,6.26595,-0.0172397
390,6.26595,-0.0172397
391,6.26595,-0.0172397
392,6.26595,-0.0172397
393,6.26595,-0.0172397
394,6.26595,-0.0172397
395,6.26595,-0.0172397
396,6.26595,-0.0172397
397,6.26595,-0.0172397
398,6.26595,-0.0172397
399,6.24239,-0.0407937
400,6.24239,-0.0407937
401,6.24239,-0.0407937
402,6.24239,-0.0407937
403,6.24239,-0.0407937
404,6.24239,-0.0407937
405,6.24239,-0.0407937
406,6.24239,-0.0407937
407,6.24239,-0.0407937
408,6.24239,-0.0407937
409,6.24239,-0.0407937
410,6.24239,-0.0407937
411,6.24239,-0.0407937
412,6.24239,-0.0407937
413,6.24239,-0.0407937
414,6.24239,-0.0407937
415,6.24239,-0.0407937
416,6.24239,-0.0407937
417,6.24239,-0.0407937
418,6.24239,-0.0407937
419,6.24239,-0.0407937
420,6.24239,-0.0407937
421,6.24239,-0.0407937
422,6.24239,-0.0407937
423,6.24239,-0.0407937
424,6.24239,-0.0407937
425,6.24239,-0.0407937
426,6.24239,-0.0407937
427,6.24239,-0.0407937
428,6.24239,-0.0407937
429,0.141897,0.141897
430,0.141897,0.141897
431,0.141897,0.141897
432,0.141897,0.141897
433,0.141897,0.141897
434,0.141897,0.141897
435,0.141897,0.141897
436,0.141897,0.141897
437,0.141897,0.141897
438,0.141897,0.141897
439,0.141897,0.141897
440,0.380506,0.380506
441,0.380506,0.380506
442,0.54042,0.54042
443,0.54042,0.54042
444,0.817645,0.817645
445,0.817645,0.817645
446,0.817645,0.817645
447,0.817645,0.817645
448,0.817645,0.817645
449,0.817645,0.817645
450,0.817645,0.817645
451,0.817645,0.817645
452,0.817645,0.817645
453,0.817645,0.817645
454,0.817645,0.817645
455,0.817645,0.817645
456,0.817645,0.817645
457,0.817645,0.817645
458,0.817645,0.817645
459,0.817645,0.817645
460,0.817645,0.817645
461,0.817645,0.817645
462,0.817645,0.817645
463,0.817645,0.817645
464,0.817645,0.817645
465,0.817645,0.817645
466,0.817645,0.817645
467,0.817645,0.817645
468,0.817645,0.817645
469,0.817645,0.817645
470,0.817645,0.817645
471,0.817645,0.817645
472,0.817645,0.817645
473,0.817645,0.817645
474,0.817645,0.817645
475,0.817645,0.817645
476,0.909753,0.909753
477,0.909753,0.909753
478,0.909753,0.909753
479,0.909753,0.909753
480,0.909753,0.909753
481,0.909753,0.909753
482,0.909753,0.909753
483,0.909753,0.909753
484,0.909753,0.909753
485,0.558599,0.558599
486,0.558599,0.558599
487,0.558599,0.558599
488,0.558599,0.558599
489,0.558599,0.558599
490,0.558599,0.558599
491,0.558599,0.558599
492,0.558599,0.558599
493,0.558599,0.558599
494,0.558599,0.558599
495,0.493941,0.493941
496,0.493941,0.493941
497,0.493941,0.493941
498,0.493941,0.493941
499,0.493941,0.493941
500,0.493941,0.493941
501,0.493941,0.493941
502,0.493941,0.493941
503,0.432408,0.432408
504,0.432408,0.432408
505,0.432408,0.432408
506,0.432408,0.432408
507,0.432408,0.432408
508,0.432408,0.432408
509,0.432408,0.432408
510,0.266252,0.266252
511,0.266252,0.266252
512,0.266252,0.266252
513,0.266252,0.266252
514,0.266252,0.266252
515,0.266252,0.266252
516,0.266252,0.266252
517,0.266252,0.266252
518,0.266252,0.266252
519,0.266252,0.266252
520,0.266252,0.266252
521,0.266252,0.266252
522,0.266252,0.266252
523,0.266252,0.266252
524,0.266252,0.266252
525,0.266252,0.266252
526,0.266252,0.266252
527,0.266252,0.266252
528,0.643501,0.643501
529,0.643501,0.643501
530,0.950547,0.950547
531,0.950547,0.950547
532,0.950547,0.950547
533,0.950547,0.950547
534,0.950547,0.950547
535,0.950547,0.950547
536,0.950547,0.950547
537,1.24905,1.24905
538,1.24905,1.24905
539,1.89255,1.89255
540,2.60117,2.60117
541,2.60117,2.60117
542,2.60117,2.60117
543,2.60117,2.60117
544,2.60117,2.60117
545,2.60117,2.60117
546,2.60117,2.60117
547,2.60117,2.60117
548,2.92292,2.92292
549,2.92292,2.92292
550,2.92292,2.92292
551,2.92292,2.92292
552,2.92292,2.92292
553,2.92292,2.92292
554,2.92292,2.92292
555,2.92292,2.92292
556,2.92292,2.92292
557,2.92292,2.92292
558,2.86329,2.86329
559,2.86329,2.86329
560,2.86329,2.86329
561,2.86329,2.86329
562,2.86329,2.86329
563,2.86329,2.86329
564,2.86329,2.86329
565,2.86329,2.86329
566,2.86329,2.86329
567,2.86329,2.86329
568,2.86329,2.86329
569,2.86329,2.86329
570,3.46334,-2.81984
571,3.46334,-2.81984
572,3.46334,-2.81984
573,2.35619,2.35619
574,2.35619,2.35619
575,3.20035,-3.08284
576,3.20035,-3.08284
577,3.20035,-3.08284
578,3.20035,-3.08284
579,3.20035,-3.08284
580,3.20035,-3.08284
581,3.20035,-3.08284
582,3.20035,-3.08284
583,3.20035,-3.08284
584,3.20035,-3.08284
585,3.20035,-3.08284
586,3.20035,-3.08284
587,3.20035,-3.08284
588,3.20035,-3.08284
589,3.20035,-3.08284
590,3.20035,-3.08284
591,3.20035,-3.08284
592,3.20035,-3.08284
593,3.41989,-2.86329
594,3.41989,-2.86329
595,3.41989,-2.86329
596,3.41989,-2.86329
597,3.41989,-2.86329
598,3.23225,-3.05093
599,3.23225,-3.05093
600,3.23225,-3.05093
601,3.23225,-3.05093
602,3.23225,-3.05093
603,3.23225,-3.05093
604,3.05093,3.05093
605,3.05093,3.05093
606,3.05093,3.05093
607,3.05093,3.05093
608,3.05093,3.05093
609,3.05093,3.05093
610,3.05093,3.05093
611,3.05093,3.05093
612,3.05093,3.05093
613,3.05093,3.05093
614,3.28349,-2.9997
615,3.28349,-2.9997
616,3.28349,-2.9997
617,3.41989,-2.86329
618,3.41989,-2.86329
619,3.41989,-2.86329
620,3.41989,-2.86329
621,3.41989,-2.86329
622,3.23654,-3.04664
623,3.23654,-3.04664
624,3.23654,-3.04664
625,3.23654,-3.04664
626,3.23654,-3.04664
627,3.23654,-3.04664
628,3.23654,-3.04664
629,3.23654,-3.04664
630,3.23654,-3.04664
631,3.23654,-3.04664
632,3.23654,-3.04664
633,3.17861,-3.10457
634,3.17861,-3.10457
635,3.17861,-3.10457
636,3.17861,-3.10457
637,3.17861,-3.10457
638,3.17861,-3.10457
639,3.17861,-3.10457
640,3.17861,-3.10457
641,3.17861,-3.10457
642,3.17861,-3.10457
643,3.17861,-3.10457
644,3.17861,-3.10457
645,3.17861,-3.10457
646,3.17861,-3.10457
647,3.10457,3.10457
648,3.10457,3.10457
649,3.10457,3.10457
650,3.10457,3.10457
651,3.10457,3.10457
652,3.10457,3.10457
653,3.10457,3.10457
654,3.10457,3.10457
655,3.10457,3.10457
656,3.10457,3.10457
657,3.10457,3.10457
658,3.10457,3.10457
659,3.10457,3.10457
660,3.06765,3.06765
661,3.06765,3.06765
662,3.06765,3.06765
663,3.06765,3.06765
664,3.06765,3.06765
665,3.06765,3.06765
666,3.06765,3.06765
667,3.06765,3.06765
668,3.06765,3.06765
669,3.06765,3.06765
670,3.06765,3.06765
671,3.06765,3.06765
672,3.06765,3.06765
673,3.06765,3.06765
674,3.06765,3.06765
675,3.06765,3.06765
676,3.60524,-2.67795
677,3.60524,-2.67795
678,3.60524,-2.67795
679,2.55359,2.55359
680,2.55359,2.55359
681,2.55359,2.55359
682,2.89661,2.89661
683,2.89661,2.89661
684,2.89661,2.89661
685,2.89661,2.89661
686,2.44685,2.44685
687,2.44685,2.44685
688,2.44685,2.44685
689,2.44685,2.44685
690,2.30861,2.30861
691,2.30861,2.30861
692,2.30861,2.30861
693,2.30861,2.30861
694,2.30861,2.30861
695,2.30861,2.30861
696,2.30861,2.30861
697,2.30861,2.30861
698,2.30861,2.30861
699,2.30861,2.30861
700,2.30861,2.30861
701,2.30861,2.30861
702,2.30861,2.30861
703,2.30861,2.30861
704,2.30861,2.30861
705,2.30861,2.30861
706,2.30861,2.30861
707,2.30861,2.30861
708,2.30861,2.30861
709,2.30861,2.30861
710,2.30861,2.30861
711,2.30861,2.30861
712,2.30861,2.30861
713,2.30861,2.30861
714,2.30861,2.30861
715,2.08994,2.08994
716,2.08994,2.08994
717,2.08994,2.08994
718,2.08994,2.08994
719,2.08994,2.08994
720,2.08994,2.08994
721,2.08994,2.08994
722,2.08994,2.08994
723,2.1294,2.1294
724,2.1294,2.1294
725,2.1294,2.1294
726,2.1294,2.1294
727,2.1294,2.1294
728,2.1294,2.1294
729,2.1294,2.1294
730,2.1294,2.1294
731,2.1294,2.1294
732,2.1294,2.1294
733,2.1294,2.1294
734,2.1294,2.1294
735,2.1294,2.1294
736,2.23184,2.23184
737,2.23184,2.23184
738,2.23184,2.23184
739,2.23184,2.23184
740,2.23184,2.23184
741,2.23184,2.23184
742,2.23184,2.23184
743,2.30361,2.30361
744,2.30361,2.30361
745,2.30361,2.30361
746,2.30361,2.30361
747,2.30361,2.30361
748,2.30361,2.30361
749,2.30361,2.30361
750,2.30361,2.30361
751,2.40878,2.40878
752,2.40878,2.40878
753,2.40878,2.40878
754,2.40878,2.40878
755,2.40878,2.40878
756,2.40878,2.40878
757,2.40878,2.40878
758,2.40878,2.40878
759,2.53087,2.53087
760,2.53087,2.53087
761,2.53087,2.53087
762,2.53087,2.53087
763,2.53087,2.53087
764,2.53087,2.53087
765,2.53087,2.53087
766,2.53087,2.53087
767,2.53087,2.53087
768,2.53087,2.53087
769,2.53087,2.53087
770,2.53087,2.53087
771,2.53087,2.53087
772,2.53087,2.53087
773,2.19105,2.19105
774,2.19105,2.19105
775,2.19105,2.19105
776,2.19105,2.19105
777,2.19105,2.19105
778,2.19105,2.19105
779,2.19105,2.19105
780,1.89255,1.89255
781,1.89255,1.89255
782,1.89255,1.89255
783,2.27942,2.27942
784,2.27942,2.27942
785,2.27942,2.27942
786,2.27942,2.27942
787,2.27942,2.27942
788,2.43297,2.43297
789,2.43297,2.43297
790,2.43297,2.43297
791,2.43297,2.43297
792,2.43297,2.43297
793,2.62245,2.62245
794,2.62245,2.62245
795,2.62245,2.62245
796,2.62245,2.62245
797,2.62245,2.62245
798,2.62245,2.62245
799,2.62245,2.62245
800,2.62245,2.62245
801,2.42276,2.42276
802,2.42276,2.42276
803,2.42276,2.42276
804,2.42276,2.42276
805,2.42276,2.42276
806,2.42276,2.42276
807,2.28963,2.28963
808,2.28963,2.28963
809,2.28963,2.28963
810,2.28963,2.28963
811,2.28963,2.28963
812,2.28963,2.28963
813,2.11122,2.11122
814,2.11122,2.11122
815,1.9513,1.9513
816,1.76819,1.76819
817,1.76819,1.76819
818,1.76819,1.76819
819,1.76819,1.76819
820,1.76819,1.76819
821,1.9513,1.9513
822,1.9513,1.9513
823,2.11122,2.11122
824,2.24554,2.24554
825,2.24554,2.24554
826,2.24554,2.24554
827,2.24554,2.24554
828,2.24554,2.24554
829,2.24554,2.24554
830,2.24554,2.24554
831,4.01765,-2.26553
832,4.01765,-2.26553
833,4.01765,-2.26553
834,4.01765,-2.26553
835,4.01765,-2.26553
836,4.01765,-2.26553
837,4.01765,-2.26553
838,4.01765,-2.26553
839,4.19324,-2.08994
840,4.19324,-2.08994
841,4.19324,-2.08994
842,4.3075,-1.97569
843,4.3075,-1.97569
844,4.3075,-1.97569
845,4.58803,-1.69515
846,4.58803,-1.69515
847,4.58803,-1.69515
848,4.58803,-1.69515
849,4.83674,-1.44644
850,4.83674,-1.44644
851,4.83674,-1.44644
852,4.83674,-1.44644
853,4.99069,-1.2925
854,4.99069,-1.2925
855,4.99069,-1.2925
856,4.99069,-1.2925
857,5.30039,-0.982794
858,5.30039,-0.982794
859,5.30039,-0.982794
860,5.07116,-1.21203
861,5.07116,-1.21203
862,5.07116,-1.21203
863,5.07116,-1.21203
864,5.07116,-1.21203
865,5.07116,-1.21203
866,5.07116,-1.21203
867,5.07116,-1.21203
868,5.07116,-1.21203
869,4.99069,-1.2925
870,4.99069,-1.2925
871,4.86504,-1.41815
872,4.86504,-1.41815
873,4.86504,-1.41815
874,4.86504,-1.41815
875,4.86504,-1.41815
876,4.86504,-1.41815
877,4.86504,-1.41815
878,4.79553,-1.48766
879,4.79553,-1.48766
880,4.79553,-1.48766
881,4.79553,-1.48766
882,4.79553,-1.48766
883,4.79553,-1.48766
884,4.62925,-1.65394
885,4.62925,-1.65394
886,4.62925,-1.65394
887,4.62925,-1.65394
888,4.62925,-1.65394
889,4.62925,-1.65394
890,3.99356,-2.28963
891,3.99356,-2.28963
892,3.99356,-2.28963
893,3.99356,-2.28963
894,3.99356,-2.28963
895,3.99356,-2.28963
896,3.86042,-2.42276
897,3.86042,-2.42276
898,3.86042,-2.42276
899,3.86042,-2.42276
900,3.86042,-2.42276
901,3.86042,-2.42276
902,3.41989,-2.86329
903,3.41989,-2.86329
904,3.41989,-2.86329
905,3.41989,-2.86329
906,3.28349,-2.9997
907,3.28349,-2.9997
908,3.28349,-2.9997
909,3.28349,-2.9997
910,2.9997,2.9997
911,2.9997,2.9997
912,2.9997,2.9997
913,2.7367,2.7367
914,2.7367,2.7367
915,2.7367,2.7367
916,2.7367,2.7367
917,2.7367,2.7367
918,2.7367,2.7367
919,2.7367,2.7367
920,2.7367,2.7367
921,2.7367,2.7367
922,2.7367,2.7367
923,2.7367,2.7367
924,2.7367,2.7367
925,2.7367,2.7367
926,2.62245,2.62245
927,2.62245,2.62245
928,2.62245,2.62245
929,2.62245,2.62245
930,2.62245,2.62245
931,2.62245,2.62245
932,2.62245,2.62245
933,2.62245,2.62245
934,2.08994,2.08994
935,2.08994,2.08994
936,2.08994,2.08994
937,2.08994,2.08994
938,2.08994,2.08994
939,2.08994,2.08994
940,2.08994,2.08994
941,2.08994,2.08994
942,1.97569,1.97569
943,1.97569,1.97569
944,1.97569,1.97569
945,1.92957,1.92957
946,1.92957,1.92957
947,1.8491,1.8491
948,1.8491,1.8491
949,1.62075,1.62075
950,1.62075,1.62075
951,1.62075,1.62075
952,1.62075,1.62075
953,1.62075,1.62075
954,1.62075,1.62075
955,1.62075,1.62075
956,1.62075,1.62075
957,1.62075,1.62075
958,1.62075,1.62075
959,1.62075,1.62075
960,1.62075,1.62075
961,1.62075,1.62075
962,1.62075,1.62075
963,1.62075,1.62075
964,1.62075,1.62075
965,1.62075,1.62075
966,1.62075,1.62075
967,1.62075,1.62075
968,1.62075,1.62075
969,1.63965,1.63965
970,1.63965,1.63965
971,1.63965,1.63965
972,1.63965,1.63965
973,1.63965,1.63965
974,1.63965,1.63965
975,1.63965,1.63965
976,1.63965,1.63965
977,1.63965,1.63965
978,1.63965,1.63965
979,1.63965,1.63965
980,1.63965,1.63965
981,1.63965,1.63965
982,1.63965,1.63965
983,1.63965,1.63965
984,1.63965,1.63965
985,1.62338,1.62338
986,1.62338,1.62338
987,1.62338,1.62338
988,1.62338,1.62338
989,1.62338,1.62338
990,1.62338,1.62338
991,1.62338,1.62338
992,1.62338,1.62338
993,1.62338,1.62338
994,1.62338,1.62338
995,1.62338,1.62338
996,1.62338,1.62338
997,1.62338,1.62338
998,1.62338,1.62338
999,1.62338,1.62338
1000,1.62338,1.62338
1001,1.62338,1.62338
1002,1.62338,1.62338
1003,1.62338,1.62338
1004,1.98902,1.98902
1005,1.98902,1.98902
1006,1.98902,1.98902
1007,1.98902,1.98902
1008,1.98902,1.98902
1009,2.07789,2.07789
1010,2.07789,2.07789
1011,2.07789,2.07789
1012,2.07789,2.07789
1013,2.2143,2.2143
1014,2.2143,2.2143
1015,2.2143,2.2143
1016,2.2143,2.2143
1017,2.2143,2.2143
1018,2.2143,2.2143
1019,2.2143,2.2143
1020,2.2143,2.2143
1021,2.2143,2.2143
1022,2.49809,2.49809
1023,2.49809,2.49809
1024,2.49809,2.49809
1025,2.49809,2.49809
1026,2.11122,2.11122
1027,2.11122,2.11122
1028,2.11122,2.11122
1029,2.11122,2.11122
1030,2.11122,2.11122
1031,2.11122,2.11122
1032,2.11122,2.11122
1033,2.11122,2.11122
1034,1.9513,1.9513
1035,1.9513,1.9513
1036,1.9513,1.9513
1037,1.9513,1.9513
1038,1.9513,1.9513
1039,2.11122,2.11122
1040,2.2143,2.2143
1041,2.2143,2.2143
1042,2.2143,2.2143
1043,2.2143,2.2143
1044,2.2143,2.2143
1045,2.2143,2.2143
1046,2.2143,2.2143
1047,2.2143,2.2143
1048,2.2143,2.2143
1049,2.2143,2.2143
1050,2.2143,2.2143
1051,2.2143,2.2143
1052,2.2143,2.2143
1053,2.2143,2.2143
1054,2.67795,2.67795
1055,2.67795,2.67795
1056,1.89255,1.89255
1057,1.89255,1.89255
1058,1.89255,1.89255
1059,2.24554,2.24554
1060,2.24554,2.24554
1061,2.24554,2.24554
1062,2.46685,2.46685
1063,2.46685,2.46685
1064,2.46685,2.46685
1065,2.60117,2.60117
1066,2.60117,2.60117
1067,2.78282,2.78282
1068,2.78282,2.78282
1069,2.78282,2.78282
1070,2.86329,2.86329
1071,2.86329,2.86329
1072,2.9442,2.9442
1073,2.9442,2.9442
1074,2.9442,2.9442
1075,3.33899,-2.9442
1076,3.33899,-2.9442
1077,3.7296,-2.55359
1078,3.7296,-2.55359
1079,3.7296,-2.55359
1080,3.7296,-2.55359
1081,3.7296,-2.55359
1082,4.05135,-2.23184
1083,4.05135,-2.23184
1084,4.05135,-2.23184
1085,4.05135,-2.23184
1086,4.05135,-2.23184
1087,4.05135,-2.23184
1088,4.05135,-2.23184
1089,4.05135,-2.23184
1090,4.05135,-2.23184
1091,4.05135,-2.23184
1092,4.05135,-2.23184
1093,4.05135,-2.23184
1094,4.05135,-2.23184
1095,4.08359,-2.19959
1096,4.08359,-2.19959
1097,4.08359,-2.19959
1098,4.08359,-2.19959
1099,4.08359,-2.19959
1100,4.08359,-2.19959
1101,4.15379,-2.1294
1102,4.15379,-2.1294
1103,4.19324,-2.08994
1104,4.19324,-2.08994
1105,4.19324,-2.08994
1106,4.3075,-1.97569
1107,4.3075,-1.97569
1108,4.3075,-1.97569
1109,4.35362,-1.92957
1110,4.35362,-1.92957
1111,4.35362,-1.92957
1112,4.35362,-1.92957
1113,4.35362,-1.92957
1114,4.35362,-1.92957
1115,4.35362,-1.92957
1116,4.17197,-2.11122
1117,4.17197,-2.11122
1118,4.17197,-2.11122
1119,4.17197,-2.11122
1120,4.17197,-2.11122
1121,4.17197,-2.11122
1122,4.17197,-2.11122
1123,4.17197,-2.11122
1124,4.06889,-2.2143
1125,4.06889,-2.2143
1126,4.06889,-2.2143
1127,4.06889,-2.2143
1128,4.06889,-2.2143
1129,4.17197,-2.11122
1130,4.17197,-2.11122
1131,4.17197,-2.11122
1132,4.17197,-2.11122
1133,4.17197,-2.11122
1134,4.17197,-2.11122
1135,4.17197,-2.11122
1136,4.17197,-2.11122
1137,4.44614,-1.83705
1138,4.44614,-1.83705
1139,4.44614,-1.83705
1140,4.44614,-1.83705
1141,4.44614,-1.83705
1142,4.44614,-1.83705
1143,4.44614,-1.83705
1144,4.49372,-1.78947
1145,4.49372,-1.78947
1146,4.60173,-1.68145
1147,4.60173,-1.68145
1148,4.60173,-1.68145
1149,4.60173,-1.68145
1150,4.60173,-1.68145
1151,4.60173,-1.68145
1152,4.60173,-1.68145
1153,4.60173,-1.68145
1154,4.60173,-1.68145
1155,4.44614,-1.83705
1156,4.44614,-1.83705
1157,4.44614,-1.83705
1158,4.44614,-1.83705
1159,4.44614,-1.83705
1160,4.44614,-1.83705
1161,4.44614,-1.83705
1162,4.44614,-1.83705
1163,4.49372,-1.78947
1164,4.49372,-1.78947
1165,4.66243,-1.62075
1166,4.66243,-1.62075
1167,4.66243,-1.62075
1168,4.66243,-1.62075
1169,4.66243,-1.62075
1170,4.66243,-1.62075
1171,4.66243,-1.62075
1172,4.66243,-1.62075
1173,4.66243,-1.62075
1174,4.66243,-1.62075
1175,4.66243,-1.62075
1176,4.66243,-1.62075
1177,4.66243,-1.62075
1178,4.66243,-1.62075
1179,4.66243,-1.62075
1180,4.66243,-1.62075
1181,4.66243,-1.62075
1182,4.66243,-1.62075
1183,4.66243,-1.62075
1184,4.66243,-1.62075
1185,4.49372,-1.78947
1186,4.49372,-1.78947
1187,4.49372,-1.78947
1188,4.49372,-1.78947
1189,4.49372,-1.78947
1190,4.29416,-1.98902
1191,4.29416,-1.98902
1192,4.29416,-1.98902
1193,4.29416,-1.98902
1194,4.29416,-1.98902
1195,4.20529,-2.07789
1196,4.20529,-2.07789
1197,4.20529,-2.07789
1198,4.20529,-2.07789
1199,4.01765,-2.26553
1200,4.01765,-2.26553
1201,4.01765,-2.26553
1202,4.01765,-2.26553
1203,4.01765,-2.26553
1204,4.01765,-2.26553
1205,4.01765,-2.26553
1206,4.01765,-2.26553
1207,4.01765,-2.26553
1208,4.17197,-2.11122
1209,4.17197,-2.11122
1210,4.17197,-2.11122
1211,4.17197,-2.11122
1212,4.17197,-2.11122
1213,4.17197,-2.11122
1214,4.17197,-2.11122
1215,4.17197,-2.11122
1216,4.33188,-1.9513
1217,4.33188,-1.9513
1218,4.33188,-1.9513
1219,4.33188,-1.9513
1220,4.33188,-1.9513
1221,4.33188,-1.9513
1222,4.33188,-1.9513
1223,4.51499,-1.76819
1224,4.51499,-1.76819
1225,4.51499,-1.76819
1226,4.51499,-1.76819
1227,4.51499,-1.76819
1228,4.12439,-2.1588
1229,4.12439,-2.1588
1230,4.12439,-2.1588
1231,4.12439,-2.1588
1232,4.12439,-2.1588
1233,3.64869,-2.63449
1234,3.64869,-2.63449
1235,3.64869,-2.63449
1236,3.64869,-2.63449
1237,3.64869,-2.63449
1238,3.64869,-2.63449
1239,3.64869,-2.63449
1240,3.64869,-2.63449
1241,3.64869,-2.63449
1242,3.64869,-2.63449
1243,3.64869,-2.63449
1244,3.64869,-2.63449
1245,3.64869,-2.63449
1246,3.64869,-2.63449
1247,3.32145,-2.96174
1248,3.32145,-2.96174
1249,3.32145,-2.96174
1250,3.32145,-2.96174
1251,3.32145,-2.96174
1252,3.32145,-2.96174
1253,3.19155,-3.09163
1254,3.19155,-3.09163
1255,3.19155,-3.09163
1256,3.19155,-3.09163
1257,3.19155,-3.09163
1258,3.19155,-3.09163
1259,3.19155,-3.09163
1260,3.19155,-3.09163
1261,3.19155,-3.09163
1262,3.19155,-3.09163
1263,3.19155,-3.09163
1264,3.19155,-3.09163
1265,3.19155,-3.09163
1266,3.19155,-3.09163
1267,3.19155,-3.09163
1268,3.19155,-3.09163
1269,3.19155,-3.09163
1270,3.19155,-3.09163
1271,3.19155,-3.09163
1272,3.19155,-3.09163
1273,3.19155,-3.09163
1274,3.19155,-3.09163
1275,2.67795,2.67795
1276,2.67795,2.67795
1277,3.60524,-2.67795
1278,3.60524,-2.67795
1279,3.60524,-2.67795
1280,3.09617,3.09617
1281,3.09617,3.09617
1282,3.09617,3.09617
1283,3.09617,3.09617
1284,3.09617,3.09617
1285,3.09617,3.09617
1286,3.09617,3.09617
1287,3.09617,3.09617
1288,3.09617,3.09617
1289,3.09617,3.09617
1290,3.09617,3.09617
1291,3.09617,3.09617
1292,3.18702,-3.09617
1293,3.18702,-3.09617
1294,3.18702,-3.09617
1295,3.18702,-3.09617
1296,3.18702,-3.09617
1297,3.18702,-3.09617
1298,3.18702,-3.09617
1299,3.18702,-3.09617
1300,3.18702,-3.09617
1301,3.18702,-3.09617
1302,3.18702,-3.09617
1303,3.19283,-3.09036
1304,3.19283,-3.09036
1305,3.19283,-3.09036
1306,3.19283,-3.09036
1307,3.19283,-3.09036
1308,3.19283,-3.09036
1309,3.19283,-3.09036
1310,3.19283,-3.09036
1311,3.19283,-3.09036
1312,3.19283,-3.09036
1313,3.19283,-3.09036
1314,3.19283,-3.09036
1315,3.19283,-3.09036
1316,3.19283,-3.09036
1317,3.19283,-3.09036
1318,3.19283,-3.09036
1319,3.19283,-3.09036
1320,3.19283,-3.09036
1321,3.19283,-3.09036
1322,3.19283,-3.09036
1323,3.27414,-3.00904
1324,3.27414,-3.00904
1325,3.27414,-3.00904
1326,3.27414,-3.00904
1327,3.27414,-3.00904
1328,3.27414,-3.00904
1329,3.27414,-3.00904
1330,3.27414,-3.00904
1331,3.27414,-3.00904
1332,3.22833,-3.05485
1333,3.22833,-3.05485
1334,3.22833,-3.05485
1335,3.22833,-3.05485
1336,3.22833,-3.05485
1337,3.22833,-3.05485
1338,3.22833,-3.05485
1339,3.22833,-3.05485
1340,3.22833,-3.05485
1341,3.22833,-3.05485
1342,3.22833,-3.05485
1343,3.22833,-3.05485
1344,3.20035,-3.08284
1345,3.20035,-3.08284
1346,3.20035,-3.08284
1347,3.20035,-3.08284
1348,3.20035,-3.08284
1349,3.20035,-3.08284
1350,3.20035,-3.08284
1351,3.20035,-3.08284
1352,3.20035,-3.08284
1353,3.20035,-3.08284
1354,3.20035,-3.08284
1355,3.20035,-3.08284
1356,3.20035,-3.08284
1357,3.20035,-3.08284
1358,3.20035,-3.08284
1359,3.20035,-3.08284
1360,3.20035,-3.08284
1361,3.5221,-2.76109
1362,3.5221,-2.76109
1363,3.5221,-2.76109
1364,3.5221,-2.76109
1365,3.5221,-2.76109
1366,3.5221,-2.76109
1367,3.5221,-2.76109
1368,4.10166,-2.18152
1369,4.10166,-2.18152
1370,4.10166,-2.18152
1371,4.10166,-2.18152
1372,4.10166,-2.18152
1373,4.10166,-2.18152
1374,4.10166,-2.18152
1375,4.10166,-2.18152
1376,4.10166,-2.18152
1377,4.10166,-2.18152
1378,4.10166,-2.18152
1379,4.10166,-2.18152
1380,4.10166,-2.18152
1381,4.10166,-2.18152
1382,4.10166,-2.18152
1383,4.10166,-2.18152
1384,4.10166,-2.18152
1385,4.33188,-1.9513
1386,4.33188,-1.9513
1387,4.33188,-1.9513
1388,4.33188,-1.9513
1389,4.33188,-1.9513
1390,4.17197,-2.11122
1391,4.06889,-2.2143
1392,4.06889,-2.2143
1393,4.06889,-2.2143
1394,4.06889,-2.2143
1395,4.06889,-2.2143
1396,4.06889,-2.2143
1397,4.06889,-2.2143
1398,3.7296,-2.55359
1399,3.7296,-2.55359
1400,3.7296,-2.55359
1401,3.7296,-2.55359
1402,3.7296,-2.55359
1403,3.7296,-2.55359
1404,3.7296,-2.55359
1405,3.7296,-2.55359
1406,3.7296,-2.55359
1407,3.7296,-2.55359
1408,3.7296,-2.55359
1409,3.7296,-2.55359
1410,3.7296,-2.55359
1411,3.7296,-2.55359
1412,3.7296,-2.55359
1413,3.55982,-2.72337
1414,3.55982,-2.72337
1415,3.55982,-2.72337
1416,3.55982,-2.72337
1417,3.55982,-2.72337
1418,3.55982,-2.72337
1419,3.55982,-2.72337
1420,3.55982,-2.72337
1421,3.64869,-2.63449
1422,3.64869,-2.63449
1423,3.64869,-2.63449
1424,3.64869,-2.63449
1425,3.64869,-2.63449
1426,3.64869,-2.63449
1427,3.64869,-2.63449
1428,3.64869,-2.63449
1429,3.64869,-2.63449
1430,3.64869,-2.63449
1431,3.64869,-2.63449
1432,3.64869,-2.63449
1433,4.20529,-2.07789
1434,4.20529,-2.07789
1435,4.20529,-2.07789
1436,4.20529,-2.07789
1437,4.20529,-2.07789
1438,4.20529,-2.07789
1439,4.20529,-2.07789
1440,4.20529,-2.07789
1441,4.20529,-2.07789
1442,4.20529,-2.07789
1443,4.29416,-1.98902
1444,4.29416,-1.98902
1445,4.29416,-1.98902
1446,4.29416,-1.98902
1447,4.57049,-1.71269
1448,4.57049,-1.71269
1449,4.57049,-1.71269
1450,4.57049,-1.71269
1451,4.57049,-1.71269
1452,4.57049,-1.71269
1453,4.57049,-1.71269
