n,tangent,t2
0,1.9513,1.9513
1,1.9513,1.9513
2,1.9513,1.9513
3,1.9513,1.9513
4,1.9513,1.9513
5,1.9513,1.9513
6,1.78947,1.78947
7,1.78947,1.78947
8,1.78947,1.78947
9,1.78947,1.78947
10,1.78947,1.78947
11,1.78947,1.78947
12,1.78947,1.78947
13,1.78947,1.78947
14,1.78947,1.78947
15,1.78947,1.78947
16,2.19105,2.19105
17,2.19105,2.19105
18,2.19105,2.19105
19,2.19105,2.19105
20,2.19105,2.19105
21,2.19105,2.19105
22,2.19105,2.19105
23,2.19105,2.19105
24,2.19105,2.19105
25,2.19105,2.19105
26,1.89255,1.89255
27,1.89255,1.89255
28,1.4289,1.4289
29,1.4289,1.4289
30,1.4289,1.4289
31,1.4289,1.4289
32,1.4289,1.4289
33,1.4289,1.4289
34,1.71269,1.71269
35,1.71269,1.71269
36,1.71269,1.71269
37,1.71269,1.71269
38,1.71269,1.71269
39,1.71269,1.71269
40,1.24905,1.24905
41,0.982794,0.982794
42,0.588003,0.588003
43,0.588003,0.588003
44,0.588003,0.588003
45,0.588003,0.588003
46,0.588003,0.588003
47,0.588003,0.588003
48,0.244979,0.244979
49,0.244979,0.244979
50,0.244979,0.244979
51,0.244979,0.244979
52,1.10715,1.10715
53,1.10715,1.10715
54,0.380506,0.380506
55,0.380506,0.380506
56,0.380506,0.380506
57,0.244979,0.244979
58,0.244979,0.244979
59,0.244979,0.244979
60,0.244979,0.244979
61,1.10715,1.10715
62,2.03444,2.03444
63,2.03444,2.03444
64,2.03444,2.03444
65,1.2925,1.2925
66,1.2925,1.2925
67,1.2925,1.2925
68,1.2925,1.2925
69,1.2925,1.2925
70,1.40565,1.40565
71,1.40565,1.40565
72,1.40565,1.40565
73,1.73595,1.73595
74,1.73595,1.73595
75,1.73595,1.73595
76,1.73595,1.73595
77,1.73595,1.73595
78,1.10715,1.10715
79,1.10715,1.10715
80,1.10715,1.10715
81,2.03444,2.03444
82,2.03444,2.03444
83,2.03444,2.03444
84,2.03444,2.03444
85,2.03444,2.03444
86,1.10715,1.10715
87,1.10715,1.10715
88,2.1588,2.1588
89,2.1588,2.1588
90,2.55359,2.55359
91,2.81984,2.81984
92,2.81984,2.81984
93,2.81984,2.81984
94,2.81984,2.81984
95,0.785398,0.785398
96,0.785398,0.785398
97,0.785398,0.785398
98,0.785398,0.785398
99,2.03444,2.03444
100,2.03444,2.03444
101,1.10715,1.10715
102,1.10715,1.10715
103,1.10715,1.10715
104,2.03444,2.03444
105,2.03444,2.03444
106,2.03444,2.03444
107,1.32582,1.32582
108,1.32582,1.32582
109,1.32582,1.32582
110,1.32582,1.32582
111,1.81577,1.81577
112,1.81577,1.81577
113,1.81577,1.81577
114,1.81577,1.81577
115,1.10715,1.10715
116,1.10715,1.10715
117,1.10715,1.10715
118,2.03444,2.03444
119,2.03444,2.03444
120,2.03444,2.03444
121,1.10715,1.10715
122,1.10715,1.10715
123,2.03444,2.03444
124,2.03444,2.03444
125,2.03444,2.03444
126,1.24905,1.24905
127,1.24905,1.24905
128,1.24905,1.24905
129,1.24905,1.24905
130,1.81577,1.81577
131,1.81577,1.81577
132,1.81577,1.81577
133,1.81577,1.81577
134,1.32582,1.32582
135,1.32582,1.32582
136,1.32582,1.32582
137,1.32582,1.32582
138,1.81577,1.81577
139,1.81577,1.81577
140,1.81577,1.81577
141,1.81577,1.81577
142,1.81577,1.81577
143,1.81577,1.81577
144,1.81577,1.81577
145,1.81577,1.81577
146,1.32582,1.32582
147,1.32582,1.32582
148,1.32582,1.32582
149,1.32582,1.32582
150,1.32582,1.32582
151,0.982794,0.982794
152,0.982794,0.982794
153,0.982794,0.982794
154,1.2925,1.2925
155,1.2925,1.2925
156,1.2925,1.2925
157,1.2925,1.2925
158,1.3734,1.3734
159,1.3734,1.3734
160,1.3734,1.3734
161,1.3734,1.3734
162,1.3734,1.3734
163,1.3734,1.3734
164,1.3734,1.3734
165,1.3734,1.3734
166,1.81577,1.81577
167,1.81577,1.81577
168,1.81577,1.81577
169,1.81577,1.81577
170,1.03038,1.03038
171,1.03038,1.03038
172,1.03038,1.03038
173,1.03038,1.03038
174,1.03038,1.03038
175,1.03038,1.03038
176,1.03038,1.03038
177,1.81577,1.81577
178,1.81577,1.81577
179,1.81577,1.81577
180,1.81577,1.81577
181,1.81577,1.81577
182,1.81577,1.81577
183,1.81577,1.81577
184,1.81577,1.81577
185,1.24905,1.24905
186,1.24905,1.24905
187,1.24905,1.24905
188,1.89255,1.89255
189,2.1588,2.1588
190,2.1588,2.1588
191,2.1588,2.1588
192,2.1588,2.1588
193,0.982794,0.982794
194,0.982794,0.982794
195,0.982794,0.982794
196,0.982794,0.982794
197,0.982794,0.982794
198,0.982794,0.982794
199,0.982794,0.982794
200,2.49809,2.49809
201,2.49809,2.49809
202,2.49809,2.49809
203,2.49809,2.49809
204,2.49809,2.49809
205,2.49809,2.49809
206,2.2143,2.2143
207,2.2143,2.2143
208,1.89255,1.89255
209,1.89255,1.89255
210,1.89255,1.89255
211,1.89255,1.89255
212,1.89255,1.89255
213,1.89255,1.89255
214,1.24905,1.24905
215,0.982794,0.982794
216,0.982794,0.982794
217,0.982794,0.982794
218,1.32582,1.32582
219,1.32582,1.32582
220,1.32582,1.32582
221,1.32582,1.32582
222,1.19029,1.19029
223,1.19029,1.19029
224,1.19029,1.19029
225,1.19029,1.19029
226,1.32582,1.32582
227,1.32582,1.32582
228,1.32582,1.32582
229,1.32582,1.32582
230,1.19029,1.19029
231,1.19029,1.19029
232,1.19029,1.19029
233,1.19029,1.19029
234,1.19029,1.19029
235,1.19029,1.19029
236,1.19029,1.19029
237,0.463648,0.463648
238,0.463648,0.463648
239,1.10715,1.10715
240,2.1588,2.1588
241,2.1588,2.1588
242,2.1588,2.1588
243,2.1588,2.1588
244,2.1588,2.1588
245,0.588003,0.588003
246,0.588003,0.588003
247,0.588003,0.588003
248,0.588003,0.588003
249,1.10715,1.10715
250,1.89255,1.89255
251,1.89255,1.89255
252,1.89255,1.89255
253,1.89255,1.89255
254,1.24905,1.24905
255,0.588003,0.588003
256,0.588003,0.588003
257,0.588003,0.588003
258,0.982794,0.982794
259,0.982794,0.982794
260,0.982794,0.982794
261,0.982794,0.982794
262,0.982794,0.982794
263,2.35619,2.35619
264,2.35619,2.35619
265,0.982794,0.982794
266,0.982794,0.982794
267,0.982794,0.982794
268,0.982794,0.982794
269,0.982794,0.982794
270,0.982794,0.982794
271,0.982794,0.982794
272,2.35619,2.35619
273,2.35619,2.35619
274,0.982794,0.982794
275,0.982794,0.982794
276,0.982794,0.982794
277,1.32582,1.32582
278,1.32582,1.32582
279,1.32582,1.32582
280,1.32582,1.32582
281,0.982794,0.982794
282,0.982794,0.982794
283,0.982794,0.982794
284,0.982794,0.982794
285,0.982794,0.982794
286,0.982794,0.982794
287,0.982794,0.982794
288,0.982794,0.982794
289,1.24905,1.24905
290,1.24905,1.24905
291,1.89255,1.89255
292,1.89255,1.89255
293,1.89255,1.89255
294,0.982794,0.982794
295,0.982794,0.982794
296,0.982794,0.982794
297,0.982794,0.982794
298,1.89255,1.89255
299,1.89255,1.89255
300,1.89255,1.89255
301,1.89255,1.89255
302,1.24905,1.24905
303,0.927295,0.927295
304,0.927295,0.927295
305,0.927295,0.927295
306,0.927295,0.927295
307,0.927295,0.927295
308,1.40565,1.40565
309,1.40565,1.40565
310,1.40565,1.40565
311,1.40565,1.40565
312,1.40565,1.40565
313,1.40565,1.40565
314,1.40565,1.40565
315,1.40565,1.40565
316,1.67046,1.67046
317,1.67046,1.67046
318,1.67046,1.67046
319,1.67046,1.67046
320,1.67046,1.67046
321,1.67046,1.67046
322,1.67046,1.67046
323,1.47113,1.47113
324,1.47113,1.47113
325,1.47113,1.47113
326,1.47113,1.47113
327,1.47113,1.47113
328,1.19029,1.19029
329,1.19029,1.19029
330,1.03038,1.03038
331,1.03038,1.03038
332,1.03038,1.03038
333,1.03038,1.03038
334,1.03038,1.03038
335,1.03038,1.03038
336,1.19029,1.19029
337,1.19029,1.19029
338,1.19029,1.19029
339,1.19029,1.19029
340,0.694738,0.694738
341,0.694738,0.694738
342,0.694738,0.694738
343,0.694738,0.694738
344,0.694738,0.694738
345,0.694738,0.694738
346,0.694738,0.694738
347,0.694738,0.694738
348,0.694738,0.694738
349,0.694738,0.694738
350,0.694738,0.694738
351,0.244979,0.244979
352,0.244979,0.244979
353,0.244979,0.244979
354,0.244979,0.244979
355,0.68573,0.68573
356,0.68573,0.68573
357,0.68573,0.68573
358,0.68573,0.68573
359,0.68573,0.68573
360,0.68573,0.68573
361,0.68573,0.68573
362,0.68573,0.68573
363,0.68573,0.68573
364,0.708626,0.708626
365,0.708626,0.708626
366,0.708626,0.708626
367,0.708626,0.708626
368,0.708626,0.708626
369,0.86217,0.86217
370,0.86217,0.86217
371,0.86217,0.86217
372,0.86217,0.86217
373,0.86217,0.86217
374,0.950547,0.950547
375,0.950547,0.950547
376,0.950547,0.950547
377,1.0122,1.0122
378,1.0122,1.0122
379,1.0122,1.0122
380,1.0122,1.0122
381,1.19029,1.19029
382,1.19029,1.19029
383,1.19029,1.19029
384,1.89255,1.89255
385,1.89255,1.89255
386,1.89255,1.89255
387,0.982794,0.982794
388,0.982794,0.982794
389,0.982794,0.982794
390,1.2925,1.2925
391,1.2925,1.2925
392,1.2925,1.2925
393,1.2925,1.2925
394,1.48766,1.48766
395,1.48766,1.48766
396,1.48766,1.48766
397,1.48766,1.48766
398,1.48766,1.48766
399,1.48766,1.48766
400,1.65394,1.65394
401,1.65394,1.65394
402,1.65394,1.65394
403,1.65394,1.65394
404,1.65394,1.65394
405,1.65394,1.65394
406,2.1588,2.1588
407,2.1588,2.1588
408,2.1588,2.1588
409,1.68145,1.68145
410,1.68145,1.68145
411,1.68145,1.68145
412,1.68145,1.68145
413,1.68145,1.68145
414,1.68145,1.68145
415,1.68145,1.68145
416,1.68145,1.68145
417,1.68145,1.68145
418,1.68145,1.68145
419,1.68145,1.68145
420,1.03038,1.03038
421,1.03038,1.03038
422,1.03038,1.03038
423,1.03038,1.03038
424,1.03038,1.03038
425,1.19029,1.19029
426,1.19029,1.19029
427,1.19029,1.19029
428,1.19029,1.19029
429,0.965252,0.965252
430,0.965252,0.965252
431,0.965252,0.965252
432,0.965252,0.965252
433,0.965252,0.965252
434,0.965252,0.965252
435,0.965252,0.965252
436,0.965252,0.965252
437,0.965252,0.965252
438,0.965252,0.965252
439,0.965252,0.965252
440,0.965252,0.965252
441,0.965252,0.965252
442,0.965252,0.965252
443,0.965252,0.965252
444,0.965252,0.965252
445,0.965252,0.965252
446,0.965252,0.965252
447,0.965252,0.965252
448,0.965252,0.965252
449,0.965252,0.965252
450,0.965252,0.965252
451,0.965252,0.965252
452,0.588003,0.588003
453,0.588003,0.588003
454,5.81954,-0.463648
455,5.25281,-1.03038
456,5.25281,-1.03038
457,5.25281,-1.03038
458,5.25281,-1.03038
459,5.25281,-1.03038
460,5.25281,-1.03038
461,5.25281,-1.03038
462,5.25281,-1.03038
463,5.03414,-1.24905
464,5.03414,-1.24905
465,4.39064,-1.89255
466,4.39064,-1.89255
467,2.35619,2.35619
468,2.35619,2.35619
469,4.39064,-1.89255
470,4.39064,-1.89255
471,5.03414,-1.24905
472,5.03414,-1.24905
473,5.03414,-1.24905
474,4.58803,-1.69515
475,4.58803,-1.69515
476,4.58803,-1.69515
477,4.58803,-1.69515
478,4.58803,-1.69515
479,4.58803,-1.69515
480,4.83674,-1.44644
481,4.83674,-1.44644
482,4.83674,-1.44644
483,4.83674,-1.44644
484,6.11804,-0.165149
485,6.11804,-0.165149
486,6.11804,-0.165149
487,6.11804,-0.165149
488,6.11804,-0.165149
489,6.11804,-0.165149
490,5.92441,-0.358771
491,5.92441,-0.358771
492,5.92441,-0.358771
493,5.92441,-0.358771
494,5.92441,-0.358771
495,5.92441,-0.358771
496,6.00489,-0.2783
497,6.00489,-0.2783
498,6.11804,-0.165149
499,6.11804,-0.165149
500,6.11804,-0.165149
501,0.165149,0.165149
502,0.165149,0.165149
503,0.165149,0.165149
504,0.694738,0.694738
505,0.694738,0.694738
506,0.694738,0.694738
507,0.694738,0.694738
508,0.694738,0.694738
509,0.694738,0.694738
510,0.694738,0.694738
511,0.694738,0.694738
512,0.694738,0.694738
513,0.694738,0.694738
514,6.03821,-0.244979
515,6.03821,-0.244979
516,6.03821,-0.244979
517,6.03821,-0.244979
518,0.244979,0.244979
519,0.244979,0.244979
520,0.404892,0.404892
521,0.404892,0.404892
522,0.404892,0.404892
523,0.519146,0.519146
524,0.519146,0.519146
525,0.519146,0.519146
526,0.708626,0.708626
527,0.708626,0.708626
528,0.708626,0.708626
529,0.708626,0.708626
530,0.708626,0.708626
531,0.708626,0.708626
532,0.708626,0.708626
533,0.708626,0.708626
534,0.708626,0.708626
535,0.708626,0.708626
536,0.708626,0.708626
537,1.71269,1.71269
538,1.71269,1.71269
539,1.71269,1.71269
540,1.71269,1.71269
541,1.71269,1.71269
542,1.71269,1.71269
543,1.71269,1.71269
544,1.71269,1.71269
545,1.71269,1.71269
546,3.92699,-2.35619
547,3.92699,-2.35619
548,1.76819,1.76819
549,1.76819,1.76819
550,1.76819,1.76819
551,1.3734,1.3734
552,1.3734,1.3734
553,0.896055,0.896055
554,0.896055,0.896055
555,0.896055,0.896055
556,0.896055,0.896055
557,0.896055,0.896055
558,0.896055,0.896055
559,0.896055,0.896055
560,1.03038,1.03038
561,1.03038,1.03038
562,1.19029,1.19029
563,1.3734,1.3734
564,1.3734,1.3734
565,1.3734,1.3734
566,1.76819,1.76819
567,1.76819,1.76819
568,1.76819,1.76819
569,3.78509,-2.49809
570,3.78509,-2.49809
571,3.78509,-2.49809
572,3.78509,-2.49809
573,3.78509,-2.49809
574,3.78509,-2.49809
575,2.67795,2.67795
576,1.81577,1.81577
577,1.81577,1.81577
578,1.32582,1.32582
579,1.32582,1.32582
580,1.19029,1.19029
581,1.19029,1.19029
582,1.03038,1.03038
583,0.876058,0.876058
584,0.876058,0.876058
585,0.876058,0.876058
586,0.876058,0.876058
587,0.876058,0.876058
588,0.876058,0.876058
589,0.876058,0.876058
590,0.876058,0.876058
591,0.876058,0.876058
592,1.03038,1.03038
593,1.03038,1.03038
594,1.19029,1.19029
595,1.40565,1.40565
596,1.40565,1.40565
597,1.40565,1.40565
598,1.73595,1.73595
599,1.73595,1.73595
600,1.73595,1.73595
601,2.67795,2.67795
602,2.67795,2.67795
603,2.03444,2.03444
604,0.927295,0.927295
605,0.927295,0.927295
606,0.927295,0.927295
607,0.643501,0.643501
608,0.643501,0.643501
609,0.643501,0.643501
610,0.643501,0.643501
611,0.643501,0.643501
612,0.982794,0.982794
613,1.24905,1.24905
614,1.24905,1.24905
615,1.24905,1.24905
616,1.24905,1.24905
617,1.24905,1.24905
618,1.24905,1.24905
619,1.24905,1.24905
620,1.24905,1.24905
621,1.24905,1.24905
622,1.24905,1.24905
623,1.89255,1.89255
624,2.2143,2.2143
625,2.2143,2.2143
626,2.2143,2.2143
627,2.2143,2.2143
628,2.2143,2.2143
629,2.2143,2.2143
630,1.1659,1.1659
631,1.1659,1.1659
632,1.1659,1.1659
633,1.1659,1.1659
634,1.1659,1.1659
635,1.1659,1.1659
636,1.1659,1.1659
637,1.1659,1.1659
638,1.48766,1.48766
639,1.48766,1.48766
640,1.48766,1.48766
641,1.48766,1.48766
642,1.48766,1.48766
643,1.48766,1.48766
644,1.48766,1.48766
645,1.48766,1.48766
646,1.48766,1.48766
647,1.48766,1.48766
648,1.48766,1.48766
649,1.48766,1.48766
650,1.41815,1.41815
651,1.41815,1.41815
652,1.41815,1.41815
653,1.41815,1.41815
654,1.41815,1.41815
655,1.41815,1.41815
656,1.41815,1.41815
657,1.41815,1.41815
658,1.41815,1.41815
659,1.41815,1.41815
660,1.89255,1.89255
661,2.67795,2.67795
662,3.60524,-2.67795
663,4.24874,-2.03444
664,4.24874,-2.03444
665,3.60524,-2.67795
666,2.55359,2.55359
667,2.55359,2.55359
668,2.1588,2.1588
669,1.81577,1.81577
670,1.81577,1.81577
671,1.32582,1.32582
672,1.32582,1.32582
673,1.19029,1.19029
674,1.19029,1.19029
675,1.03038,1.03038
676,0.896055,0.896055
677,0.896055,0.896055
678,0.896055,0.896055
679,0.896055,0.896055
680,0.896055,0.896055
681,0.896055,0.896055
682,0.896055,0.896055
683,0.896055,0.896055
684,2.1588,2.1588
685,2.1588,2.1588
686,2.1588,2.1588
687,1.89255,1.89255
688,1.89255,1.89255
689,1.40565,1.40565
690,1.40565,1.40565
691,1.40565,1.40565
692,1.40565,1.40565
693,1.40565,1.40565
694,1.73595,1.73595
695,1.73595,1.73595
696,1.73595,1.73595
697,1.73595,1.73595
698,1.73595,1.73595
699,1.10715,1.10715
700,1.10715,1.10715
701,1.67046,1.67046
702,1.67046,1.67046
703,1.67046,1.67046
704,1.67046,1.67046
705,1.67046,1.67046
706,1.67046,1.67046
707,1.67046,1.67046
708,1.47113,1.47113
709,1.47113,1.47113
710,1.47113,1.47113
711,1.47113,1.47113
712,1.47113,1.47113
713,0.982794,0.982794
714,0.982794,0.982794
715,0.982794,0.982794
716,1.24905,1.24905
717,1.24905,1.24905
718,1.24905,1.24905
719,0.588003,0.588003
720,0.588003,0.588003
721,0.588003,0.588003
722,0.588003,0.588003
723,0.588003,0.588003
724,0.588003,0.588003
725,5.81954,-0.463648
726,5.81954,-0.463648
727,0.694738,0.694738
728,0.694738,0.694738
729,0.694738,0.694738
730,0.694738,0.694738
731,0.694738,0.694738
732,0.694738,0.694738
733,0.694738,0.694738
734,0.694738,0.694738
735,0.694738,0.694738
736,0.694738,0.694738
737,0.124355,0.124355
738,0.124355,0.124355
739,0.124355,0.124355
740,0.124355,0.124355
741,6.15883,-0.124355
742,6.15883,-0.124355
743,6.15883,-0.124355
744,6.15883,-0.124355
745,6.15883,-0.124355
746,6.15883,-0.124355
747,0.463648,0.463648
748,1.10715,1.10715
749,1.10715,1.10715
750,0.463648,0.463648
751,0.463648,0.463648
752,0.927295,0.927295
753,0.927295,0.927295
754,0.927295,0.927295
755,0.927295,0.927295
756,0.643501,0.643501
757,0.643501,0.643501
758,0.2783,0.2783
759,0.2783,0.2783
760,0.2783,0.2783
761,0.2783,0.2783
762,0.197396,0.197396
763,0.197396,0.197396
764,0.197396,0.197396
765,0.197396,0.197396
766,0.197396,0.197396
767,1.10715,1.10715
768,1.10715,1.10715
769,0.463648,0.463648
770,0.463648,0.463648
771,1.19029,1.19029
772,1.19029,1.19029
773,1.19029,1.19029
774,1.19029,1.19029
775,1.19029,1.19029
776,1.19029,1.19029
777,0.321751,0.321751
778,0.321751,0.321751
779,0.321751,0.321751
780,0.674741,0.674741
781,0.674741,0.674741
782,0.674741,0.674741
783,0.909753,0.909753
784,0.909753,0.909753
785,0.909753,0.909753
786,0.909753,0.909753
787,0.909753,0.909753
788,0.909753,0.909753
789,0.909753,0.909753
790,0.909753,0.909753
791,0.909753,0.909753
792,0.909753,0.909753
793,1.0637,1.0637
794,1.0637,1.0637
795,1.0637,1.0637
796,1.0637,1.0637
797,1.0637,1.0637
798,1.15257,1.15257
799,1.15257,1.15257
800,1.15257,1.15257
801,1.15257,1.15257
802,1.40565,1.40565
803,1.40565,1.40565
804,1.40565,1.40565
805,1.40565,1.40565
806,1.40565,1.40565
807,1.40565,1.40565
808,0.982794,0.982794
809,0.982794,0.982794
810,0.982794,0.982794
811,0.982794,0.982794
812,2.03444,2.03444
813,2.76109,2.76109
814,2.76109,2.76109
815,2.76109,2.76109
816,2.97644,2.97644
817,2.97644,2.97644
818,2.97644,2.97644
819,3.30674,-2.97644
820,3.30674,-2.97644
821,3.30674,-2.97644
822,3.54648,-2.7367
823,3.54648,-2.7367
824,3.54648,-2.7367
825,3.54648,-2.7367
826,3.54648,-2.7367
827,3.54648,-2.7367
828,3.54648,-2.7367
829,3.33899,-2.9442
830,3.33899,-2.9442
831,3.33899,-2.9442
832,3.33899,-2.9442
833,3.33899,-2.9442
834,3.33899,-2.9442
835,3.33899,-2.9442
836,3.33899,-2.9442
837,3.33899,-2.9442
838,2.97644,2.97644
839,2.97644,2.97644
840,2.97644,2.97644
841,2.97644,2.97644
842,2.97644,2.97644
843,2.97644,2.97644
844,3.30674,-2.97644
845,3.30674,-2.97644
846,3.30674,-2.97644
847,3.7296,-2.55359
848,3.7296,-2.55359
849,3.7296,-2.55359
850,3.38657,-2.89661
851,3.38657,-2.89661
852,3.38657,-2.89661
853,3.38657,-2.89661
854,3.5221,-2.76109
855,3.5221,-2.76109
856,3.5221,-2.76109
857,3.5221,-2.76109
858,3.5221,-2.76109
859,3.5221,-2.76109
860,2.81984,2.81984
861,2.49809,2.49809
862,2.49809,2.49809
863,2.2143,2.2143
864,2.2143,2.2143
865,2.2143,2.2143
866,2.2143,2.2143
867,2.9997,2.9997
868,2.9997,2.9997
869,2.9997,2.9997
870,2.9997,2.9997
871,2.9997,2.9997
872,2.9997,2.9997
873,2.9997,2.9997
874,1.89255,1.89255
875,1.89255,1.89255
876,1.89255,1.89255
877,1.89255,1.89255
878,1.89255,1.89255
879,1.89255,1.89255
880,1.24905,1.24905
881,0.876058,0.876058
882,0.876058,0.876058
883,0.876058,0.876058
884,0.876058,0.876058
885,0.876058,0.876058
886,0.876058,0.876058
887,0.876058,0.876058
888,0.876058,0.876058
889,0.876058,0.876058
890,0.950547,0.950547
891,0.950547,0.950547
892,0.950547,0.950547
893,1.0122,1.0122
894,1.0122,1.0122
895,1.0122,1.0122
896,1.0122,1.0122
897,1.0122,1.0122
898,1.0122,1.0122
899,1.0122,1.0122
900,0.244979,0.244979
901,0.244979,0.244979
902,0.244979,0.244979
903,0.244979,0.244979
904,0.244979,0.244979
905,3.09814,3.09814
906,3.09814,3.09814
907,3.09814,3.09814
908,3.09814,3.09814
909,3.09814,3.09814
910,3.09814,3.09814
911,3.09814,3.09814
912,3.09814,3.09814
913,3.09814,3.09814
914,3.09814,3.09814
915,3.09814,3.09814
916,3.09814,3.09814
917,3.18504,-3.09814
918,3.18504,-3.09814
919,3.18504,-3.09814
920,3.18504,-3.09814
921,3.18504,-3.09814
922,3.18504,-3.09814
923,3.18504,-3.09814
924,3.18504,-3.09814
925,3.18504,-3.09814
926,3.18504,-3.09814
927,3.18504,-3.09814
928,3.18504,-3.09814
929,3.18504,-3.09814
930,3.18504,-3.09814
931,3.18504,-3.09814
932,3.18504,-3.09814
933,3.18504,-3.09814
934,3.18504,-3.09814
935,3.18504,-3.09814
936,3.18504,-3.09814
937,3.18504,-3.09814
938,3.18504,-3.09814
939,3.18504,-3.09814
940,3.09401,3.09401
941,3.09401,3.09401
942,3.09401,3.09401
943,3.09401,3.09401
944,3.09401,3.09401
945,3.09401,3.09401
946,3.09401,3.09401
947,3.09401,3.09401
948,3.09401,3.09401
949,3.09401,3.09401
950,2.03444,2.03444
951,2.03444,2.03444
952,2.81984,2.81984
953,2.81984,2.81984
954,3.5221,-2.76109
955,3.5221,-2.76109
956,3.5221,-2.76109
957,3.5221,-2.76109
958,3.5221,-2.76109
959,3.5221,-2.76109
960,2.67795,2.67795
961,2.67795,2.67795
962,2.67795,2.67795
963,2.67795,2.67795
964,2.67795,2.67795
965,2.67795,2.67795
966,3.7296,-2.55359
967,3.7296,-2.55359
968,3.7296,-2.55359
969,3.7296,-2.55359
970,3.7296,-2.55359
971,2.67795,2.67795
972,2.67795,2.67795
973,2.67795,2.67795
974,3.17861,-3.10457
975,3.17861,-3.10457
976,3.17861,-3.10457
977,3.17861,-3.10457
978,3.17861,-3.10457
979,3.17861,-3.10457
980,3.17861,-3.10457
981,3.17861,-3.10457
982,3.17861,-3.10457
983,3.17861,-3.10457
984,3.17861,-3.10457
985,3.17861,-3.10457
986,3.17861,-3.10457
987,3.17861,-3.10457
988,3.17861,-3.10457
989,3.17861,-3.10457
990,3.17861,-3.10457
991,3.17861,-3.10457
992,3.17861,-3.10457
993,3.17861,-3.10457
994,3.17861,-3.10457
995,3.17861,-3.10457
996,3.17861,-3.10457
997,3.17861,-3.10457
998,3.17861,-3.10457
999,3.17861,-3.10457
1000,3.17861,-3.10457
1001,3.17861,-3.10457
1002,3.29424,-2.98894
1003,3.29424,-2.98894
1004,3.29424,-2.98894
1005,3.29424,-2.98894
1006,3.29424,-2.98894
1007,3.29424,-2.98894
1008,3.29424,-2.98894
1009,3.86042,-2.42276
1010,3.86042,-2.42276
1011,3.86042,-2.42276
1012,3.86042,-2.42276
1013,3.86042,-2.42276
1014,3.86042,-2.42276
1015,3.99356,-2.28963
1016,3.99356,-2.28963
1017,3.99356,-2.28963
1018,3.99356,-2.28963
1019,3.99356,-2.28963
1020,3.99356,-2.28963
1021,4.46741,-1.81577
1022,4.46741,-1.81577
1023,4.46741,-1.81577
1024,4.46741,-1.81577
1025,3.7296,-2.55359
1026,3.7296,-2.55359
1027,3.7296,-2.55359
1028,4.12439,-2.1588
1029,4.39064,-1.89255
1030,4.39064,-1.89255
1031,4.90978,-1.3734
1032,4.90978,-1.3734
1033,4.90978,-1.3734
1034,4.90978,-1.3734
1035,4.90978,-1.3734
1036,4.51499,-1.76819
1037,4.51499,-1.76819
1038,4.12439,-2.1588
1039,3.7296,-2.55359
1040,3.26595,-3.01724
1041,3.26595,-3.01724
1042,3.26595,-3.01724
1043,3.26595,-3.01724
1044,3.01724,3.01724
1045,3.01724,3.01724
1046,3.01724,3.01724
1047,3.01724,3.01724
1048,2.76109,2.76109
1049,2.76109,2.76109
1050,2.76109,2.76109
1051,2.76109,2.76109
1052,2.89661,2.89661
1053,2.89661,2.89661
1054,2.89661,2.89661
1055,2.89661,2.89661
1056,2.76109,2.76109
1057,2.76109,2.76109
1058,2.60117,2.60117
1059,2.60117,2.60117
1060,2.60117,2.60117
1061,2.60117,2.60117
1062,2.97644,2.97644
1063,2.97644,2.97644
1064,2.97644,2.97644
1065,2.97644,2.97644
1066,2.97644,2.97644
1067,2.97644,2.97644
1068,2.55359,2.55359
1069,2.55359,2.55359
1070,2.55359,2.55359
1071,2.86329,2.86329
1072,2.86329,2.86329
1073,2.86329,2.86329
1074,2.86329,2.86329
1075,2.86329,2.86329
1076,2.86329,2.86329
1077,3.41989,-2.86329
1078,3.41989,-2.86329
1079,3.41989,-2.86329
1080,3.41989,-2.86329
1081,3.41989,-2.86329
1082,3.41989,-2.86329
1083,4.43409,-1.8491
1084,4.43409,-1.8491
1085,4.43409,-1.8491
1086,4.43409,-1.8491
1087,4.43409,-1.8491
1088,4.43409,-1.8491
1089,4.43409,-1.8491
1090,4.43409,-1.8491
1091,3.30674,-2.97644
1092,3.30674,-2.97644
1093,3.30674,-2.97644
1094,3.30674,-2.97644
1095,3.30674,-2.97644
1096,3.30674,-2.97644
1097,4.64582,-1.63736
1098,4.64582,-1.63736
1099,4.64582,-1.63736
1100,4.64582,-1.63736
1101,4.64582,-1.63736
1102,4.64582,-1.63736
1103,4.64582,-1.63736
1104,4.64582,-1.63736
1105,4.64582,-1.63736
1106,4.64582,-1.63736
1107,4.64582,-1.63736
1108,4.64582,-1.63736
1109,4.64582,-1.63736
1110,4.64582,-1.63736
1111,4.64582,-1.63736
1112,4.64582,-1.63736
1113,4.64582,-1.63736
1114,4.95737,-1.32582
1115,4.95737,-1.32582
1116,4.95737,-1.32582
1117,4.46741,-1.81577
1118,4.46741,-1.81577
1119,4.06889,-2.2143
1120,4.06889,-2.2143
1121,3.78509,-2.49809
1122,3.78509,-2.49809
1123,3.19155,-3.09163
1124,3.19155,-3.09163
1125,3.19155,-3.09163
1126,3.19155,-3.09163
1127,3.19155,-3.09163
1128,3.19155,-3.09163
1129,3.19155,-3.09163
1130,3.19155,-3.09163
1131,3.19155,-3.09163
1132,3.19155,-3.09163
1133,3.19155,-3.09163
1134,3.19155,-3.09163
1135,3.19155,-3.09163
1136,3.19155,-3.09163
1137,3.19155,-3.09163
1138,3.19155,-3.09163
1139,3.19155,-3.09163
1140,3.19155,-3.09163
1141,3.19155,-3.09163
1142,3.19155,-3.09163
1143,4.24874,-2.03444
1144,4.24874,-2.03444
1145,3.28349,-2.9997
1146,3.28349,-2.9997
1147,3.28349,-2.9997
1148,3.28349,-2.9997
1149,3.28349,-2.9997
1150,3.28349,-2.9997
1151,3.28349,-2.9997
1152,4.24874,-2.03444
1153,4.24874,-2.03444
1154,3.60524,-2.67795
1155,3.60524,-2.67795
1156,4.62173,-1.66146
1157,4.62173,-1.66146
1158,4.62173,-1.66146
1159,4.62173,-1.66146
1160,4.62173,-1.66146
1161,4.62173,-1.66146
1162,4.62173,-1.66146
1163,4.62173,-1.66146
1164,4.62173,-1.66146
1165,4.62173,-1.66146
1166,4.62173,-1.66146
1167,4.62173,-1.66146
1168,4.62173,-1.66146
1169,5.69518,-0.588003
1170,5.69518,-0.588003
1171,5.90268,-0.380506
1172,5.90268,-0.380506
1173,5.90268,-0.380506
1174,5.90268,-0.380506
1175,5.90268,-0.380506
1176,5.90268,-0.380506
1177,4.95737,-1.32582
1178,4.95737,-1.32582
1179,4.57049,-1.71269
1180,4.57049,-1.71269
1181,4.57049,-1.71269
1182,4.57049,-1.71269
1183,4.57049,-1.71269
1184,4.57049,-1.71269
1185,4.57049,-1.71269
1186,4.85429,-1.4289
1187,4.85429,-1.4289
1188,4.85429,-1.4289
1189,4.93106,-1.35213
1190,4.93106,-1.35213
1191,4.93106,-1.35213
1192,4.93106,-1.35213
1193,4.93106,-1.35213
1194,4.93106,-1.35213
1195,4.93106,-1.35213
1196,3.38657,-2.89661
1197,3.38657,-2.89661
1198,3.38657,-2.89661
1199,3.38657,-2.89661
1200,3.68201,-2.60117
1201,3.68201,-2.60117
1202,3.68201,-2.60117
1203,3.68201,-2.60117
1204,3.68201,-2.60117
1205,3.5221,-2.76109
1206,3.5221,-2.76109
1207,3.5221,-2.76109
1208,3.5221,-2.76109
1209,4.24874,-2.03444
1210,4.24874,-2.03444
1211,3.60524,-2.67795
1212,3.60524,-2.67795
1213,4.24874,-2.03444
1214,4.24874,-2.03444
1215,3.60524,-2.67795
1216,3.60524,-2.67795
1217,4.24874,-2.03444
1218,5.03414,-1.24905
1219,5.03414,-1.24905
1220,5.03414,-1.24905
1221,5.03414,-1.24905
1222,4.39064,-1.89255
1223,3.46334,-2.81984
1224,3.46334,-2.81984
1225,2.89661,2.89661
1226,2.89661,2.89661
1227,2.89661,2.89661
1228,2.89661,2.89661
1229,3.38657,-2.89661
1230,3.38657,-2.89661
1231,4.24874,-2.03444
1232,4.24874,-2.03444
1233,3.28349,-2.9997
1234,3.28349,-2.9997
1235,3.28349,-2.9997
1236,3.28349,-2.9997
1237,3.28349,-2.9997
1238,3.28349,-2.9997
1239,3.28349,-2.9997
1240,3.36026,-2.92292
1241,3.36026,-2.92292
1242,3.36026,-2.92292
1243,3.36026,-2.92292
1244,3.36026,-2.92292
1245,3.36026,-2.92292
1246,3.2129,-3.07029
1247,3.2129,-3.07029
1248,3.2129,-3.07029
1249,3.2129,-3.07029
1250,3.2129,-3.07029
1251,3.2129,-3.07029
1252,3.2129,-3.07029
1253,3.07029,3.07029
1254,3.07029,3.07029
1255,3.07029,3.07029
1256,3.07029,3.07029
1257,3.07029,3.07029
1258,3.07029,3.07029
1259,3.07029,3.07029
1260,3.00904,3.00904
1261,3.00904,3.00904
1262,3.00904,3.00904
1263,3.00904,3.00904
1264,3.00904,3.00904
1265,3.00904,3.00904
1266,3.00904,3.00904
1267,3.00904,3.00904
1268,3.00904,3.00904
1269,3.00904,3.00904
1270,3.00904,3.00904
1271,3.00904,3.00904
1272,3.00904,3.00904
1273,3.00904,3.00904
1274,3.00904,3.00904
1275,3.00904,3.00904
1276,3.00904,3.00904
1277,2.96174,2.96174
1278,2.96174,2.96174
1279,2.96174,2.96174
1280,2.96174,2.96174
1281,2.96174,2.96174
1282,2.96174,2.96174
1283,2.96174,2.96174
1284,2.9997,2.9997
1285,2.9997,2.9997
1286,2.9997,2.9997
1287,2.9997,2.9997
1288,2.9997,2.9997
1289,2.9997,2.9997
1290,2.9997,2.9997
1291,2.86329,2.86329
1292,2.86329,2.86329
1293,2.86329,2.86329
1294,2.86329,2.86329
1295,2.86329,2.86329
1296,2.92753,2.92753
1297,2.92753,2.92753
1298,2.92753,2.92753
1299,2.92753,2.92753
1300,2.92753,2.92753
1301,2.92753,2.92753
1302,2.92753,2.92753
1303,2.92753,2.92753
1304,2.92753,2.92753
1305,2.92753,2.92753
1306,2.92753,2.92753
1307,2.92753,2.92753
1308,2.92753,2.92753
1309,2.92753,2.92753
1310,2.92753,2.92753
1311,2.92753,2.92753
1312,2.92753,2.92753
1313,2.92753,2.92753
1314,2.92753,2.92753
1315,2.92753,2.92753
1316,2.92753,2.92753
1317,2.92753,2.92753
1318,2.92753,2.92753
1319,2.92753,2.92753
1320,2.92753,2.92753
1321,2.92753,2.92753
1322,2.92753,2.92753
1323,2.92753,2.92753
1324,2.92753,2.92753
1325,2.92753,2.92753
1326,2.92753,2.92753
1327,3.33899,-2.9442
1328,3.33899,-2.9442
1329,3.7296,-2.55359
1330,4.12439,-2.1588
1331,4.12439,-2.1588
1332,4.12439,-2.1588
1333,3.38657,-2.89661
1334,3.38657,-2.89661
1335,2.9997,2.9997
1336,2.9997,2.9997
1337,2.9997,2.9997
1338,2.9997,2.9997
1339,2.9997,2.9997
1340,2.9997,2.9997
1341,2.9997,2.9997
1342,2.9997,2.9997
1343,2.9997,2.9997
1344,2.9997,2.9997
1345,2.85014,2.85014
1346,2.85014,2.85014
1347,2.85014,2.85014
1348,2.85014,2.85014
1349,2.85014,2.85014
1350,2.85014,2.85014
1351,2.85014,2.85014
1352,2.85014,2.85014
1353,2.85014,2.85014
1354,2.9997,2.9997
1355,2.9997,2.9997
1356,2.9997,2.9997
1357,2.9997,2.9997
1358,2.9997,2.9997
1359,2.9997,2.9997
1360,2.9997,2.9997
1361,2.76109,2.76109
1362,2.76109,2.76109
1363,2.76109,2.76109
1364,2.76109,2.76109
1365,2.96174,2.96174
1366,2.96174,2.96174
1367,2.96174,2.96174
1368,2.96174,2.96174
1369,2.96174,2.96174
1370,2.96174,2.96174
1371,2.96174,2.96174
1372,2.96174,2.96174
1373,2.96174,2.96174
1374,2.96174,2.96174
1375,2.96174,2.96174
1376,2.96174,2.96174
1377,2.87534,2.87534
1378,2.87534,2.87534
1379,2.87534,2.87534
1380,2.87534,2.87534
1381,2.87534,2.87534
1382,2.87534,2.87534
1383,2.87534,2.87534
1384,2.87534,2.87534
1385,2.92292,2.92292
1386,2.92292,2.92292
1387,3.01724,3.01724
1388,3.01724,3.01724
1389,3.01724,3.01724
1390,3.01724,3.01724
1391,3.01724,3.01724
1392,3.01724,3.01724
1393,3.01724,3.01724
1394,3.01724,3.01724
1395,2.76109,2.76109
1396,2.76109,2.76109
1397,2.76109,2.76109
1398,2.76109,2.76109
1399,2.92292,2.92292
1400,2.92292,2.92292
1401,2.92292,2.92292
1402,2.92292,2.92292
1403,2.92292,2.92292
1404,2.9997,2.9997
1405,2.9997,2.9997
1406,2.9997,2.9997
1407,2.9997,2.9997
1408,3.26595,-3.01724
1409,3.26595,-3.01724
1410,3.26595,-3.01724
1411,3.26595,-3.01724
1412,3.26595,-3.01724
1413,3.26595,-3.01724
1414,3.26595,-3.01724
1415,3.26595,-3.01724
1416,3.26595,-3.01724
1417,3.26595,-3.01724
1418,3.26595,-3.01724
1419,3.26595,-3.01724
1420,3.5221,-2.76109
1421,3.5221,-2.76109
1422,3.5221,-2.76109
1423,3.5221,-2.76109
1424,3.38657,-2.89661
1425,3.38657,-2.89661
1426,3.38657,-2.89661
1427,3.38657,-2.89661
1428,3.38657,-2.89661
1429,3.38657,-2.89661
1430,3.38657,-2.89661
1431,3.38657,-2.89661
1432,3.38657,-2.89661
1433,3.53638,-2.7468
1434,3.53638,-2.7468
1435,3.53638,-2.7468
1436,3.53638,-2.7468
1437,3.53638,-2.7468
1438,3.53638,-2.7468
1439,3.53638,-2.7468
1440,3.53638,-2.7468
1441,3.53638,-2.7468
1442,3.53638,-2.7468
1443,3.53638,-2.7468
1444,3.53638,-2.7468
1445,3.53638,-2.7468
1446,3.53638,-2.7468
1447,3.53638,-2.7468
1448,3.53638,-2.7468
1449,3.53638,-2.7468
1450,3.64094,-2.64225
1451,3.64094,-2.64225
1452,3.64094,-2.64225
1453,3.64094,-2.64225
1454,3.64094,-2.64225
1455,3.64094,-2.64225
1456,3.64094,-2.64225
1457,3.64094,-2.64225
1458,3.64094,-2.64225
1459,3.64094,-2.64225
1460,3.64094,-2.64225
1461,3.64094,-2.64225
1462,3.64094,-2.64225
1463,3.64094,-2.64225
1464,3.64094,-2.64225
1465,3.64094,-2.64225
1466,3.64094,-2.64225
1467,3.78509,-2.49809
1468,3.78509,-2.49809
1469,3.78509,-2.49809
1470,3.78509,-2.49809
1471,3.78509,-2.49809
1472,3.68201,-2.60117
1473,3.68201,-2.60117
1474,3.68201,-2.60117
1475,3.68201,-2.60117
1476,3.68201,-2.60117
1477,3.80264,-2.48055
1478,3.80264,-2.48055
1479,3.80264,-2.48055
1480,3.80264,-2.48055
1481,3.80264,-2.48055
1482,3.80264,-2.48055
1483,3.80264,-2.48055
1484,3.87441,-2.40878
1485,3.87441,-2.40878
1486,3.87441,-2.40878
1487,3.87441,-2.40878
1488,3.87441,-2.40878
1489,3.87441,-2.40878
1490,3.87441,-2.40878
1491,3.87441,-2.40878
1492,3.87441,-2.40878
1493,3.87441,-2.40878
1494,3.87441,-2.40878
1495,3.87441,-2.40878
1496,3.87441,-2.40878
1497,3.87441,-2.40878
1498,3.87441,-2.40878
1499,3.87441,-2.40878
1500,3.87441,-2.40878
1501,3.87441,-2.40878
1502,3.87441,-2.40878
1503,3.87441,-2.40878
1504,3.87441,-2.40878
1505,3.87441,-2.40878
1506,3.87441,-2.40878
1507,3.87441,-2.40878
1508,3.87441,-2.40878
1509,3.99356,-2.28963
1510,3.99356,-2.28963
1511,3.99356,-2.28963
1512,3.99356,-2.28963
1513,3.99356,-2.28963
1514,3.99356,-2.28963
1515,4.10684,-2.17634
1516,4.10684,-2.17634
1517,4.10684,-2.17634
1518,4.10684,-2.17634
1519,4.10684,-2.17634
1520,4.10684,-2.17634
1521,4.10684,-2.17634
1522,4.10684,-2.17634
1523,4.10684,-2.17634
1524,4.10684,-2.17634
1525,4.10684,-2.17634
1526,4.10684,-2.17634
1527,4.10684,-2.17634
1528,4.10684,-2.17634
1529,4.10684,-2.17634
1530,4.39064,-1.89255
1531,4.39064,-1.89255
1532,4.39064,-1.89255
1533,4.39064,-1.89255
1534,4.39064,-1.89255
1535,4.39064,-1.89255
1536,4.39064,-1.89255
1537,4.12439,-2.1588
1538,4.12439,-2.1588
1539,4.12439,-2.1588
1540,4.33188,-1.9513
1541,4.33188,-1.9513
1542,4.33188,-1.9513
1543,4.33188,-1.9513
1544,4.33188,-1.9513
1545,4.17197,-2.11122
1546,4.06889,-2.2143
1547,4.06889,-2.2143
1548,4.06889,-2.2143
1549,4.06889,-2.2143
1550,4.06889,-2.2143
1551,4.39064,-1.89255
1552,4.39064,-1.89255
1553,4.39064,-1.89255
1554,4.08359,-2.19959
1555,4.08359,-2.19959
1556,4.08359,-2.19959
1557,4.08359,-2.19959
1558,4.08359,-2.19959
1559,4.08359,-2.19959
1560,4.08359,-2.19959
1561,4.08359,-2.19959
1562,4.08359,-2.19959
1563,4.05135,-2.23184
1564,4.05135,-2.23184
1565,4.05135,-2.23184
1566,4.05135,-2.23184
1567,4.05135,-2.23184
1568,4.05135,-2.23184
1569,4.05135,-2.23184
1570,4.05135,-2.23184
1571,4.05135,-2.23184
1572,4.05135,-2.23184
1573,4.05135,-2.23184
1574,4.05135,-2.23184
1575,4.05135,-2.23184
1576,3.7296,-2.55359
1577,3.23225,-3.05093
1578,3.23225,-3.05093
1579,3.23225,-3.05093
1580,3.23225,-3.05093
1581,3.23225,-3.05093
1582,3.23225,-3.05093
1583,3.23225,-3.05093
1584,3.23225,-3.05093
1585,3.23225,-3.05093
1586,3.23225,-3.05093
1587,3.23225,-3.05093
1588,4.39064,-1.89255
1589,4.39064,-1.89255
1590,5.03414,-1.24905
1591,5.30039,-0.982794
1592,5.30039,-0.982794
1593,5.30039,-0.982794
1594,5.30039,-0.982794
1595,5.30039,-0.982794
1596,5.30039,-0.982794
1597,5.30039,-0.982794
1598,3.78509,-2.49809
1599,3.78509,-2.49809
1600,3.78509,-2.49809
1601,3.78509,-2.49809
1602,3.78509,-2.49809
1603,3.78509,-2.49809
1604,3.78509,-2.49809
1605,3.78509,-2.49809
1606,3.78509,-2.49809
1607,5.81954,-0.463648
1608,5.81954,-0.463648
1609,5.81954,-0.463648
1610,3.7296,-2.55359
1611,3.7296,-2.55359
1612,3.46334,-2.81984
1613,3.46334,-2.81984
1614,3.46334,-2.81984
1615,3.46334,-2.81984
1616,3.46334,-2.81984
1617,3.46334,-2.81984
1618,3.46334,-2.81984
1619,4.17197,-2.11122
1620,4.17197,-2.11122
1621,4.17197,-2.11122
1622,4.17197,-2.11122
1623,4.17197,-2.11122
1624,4.17197,-2.11122
1625,4.17197,-2.11122
1626,4.17197,-2.11122
1627,4.17197,-2.11122
1628,5.49779,-0.785398
1629,5.49779,-0.785398
1630,5.49779,-0.785398
1631,5.49779,-0.785398
1632,3.5221,-2.76109
1633,3.5221,-2.76109
1634,3.5221,-2.76109
1635,3.33899,-2.9442
1636,3.33899,-2.9442
1637,3.33899,-2.9442
1638,3.33899,-2.9442
1639,3.33899,-2.9442
1640,3.81633,-2.46685
1641,3.81633,-2.46685
1642,3.81633,-2.46685
1643,4.03765,-2.24554
1644,4.03765,-2.24554
1645,4.03765,-2.24554
1646,4.51499,-1.76819
1647,4.51499,-1.76819
1648,4.51499,-1.76819
1649,4.90978,-1.3734
1650,4.90978,-1.3734
1651,5.38713,-0.896055
1652,5.38713,-0.896055
1653,5.38713,-0.896055
1654,5.60844,-0.674741
1655,5.60844,-0.674741
1656,5.60844,-0.674741
1657,6.20641,-0.0767719
1658,6.20641,-0.0767719
1659,6.20641,-0.0767719
1660,6.20641,-0.0767719
1661,6.20641,-0.0767719
1662,6.20641,-0.0767719
1663,6.20641,-0.0767719
1664,0.0767719,0.0767719
1665,0.0767719,0.0767719
1666,0.0767719,0.0767719
1667,0.0767719,0.0767719
1668,0.0767719,0.0767719
1669,0.0767719,0.0767719
1670,0.588003,0.588003
1671,0.588003,0.588003
1672,0.588003,0.588003
1673,0.152649,0.152649
1674,0.152649,0.152649
1675,0.152649,0.152649
1676,0.152649,0.152649
1677,0.152649,0.152649
1678,0.152649,0.152649
1679,0.152649,0.152649
1680,0.0624188,0.0624188
1681,0.0624188,0.0624188
1682,0.0624188,0.0624188
1683,0.0624188,0.0624188
1684,0.0624188,0.0624188
1685,0.0624188,0.0624188
1686,0.0624188,0.0624188
1687,0.0624188,0.0624188
1688,6.22077,-0.0624188
1689,6.22077,-0.0624188
1690,6.22077,-0.0624188
1691,6.22077,-0.0624188
1692,6.22077,-0.0624188
1693,6.22077,-0.0624188
1694,6.22077,-0.0624188
1695,6.22077,-0.0624188
1696,5.69518,-0.588003
1697,5.69518,-0.588003
1698,5.69518,-0.588003
1699,5.96143,-0.321751
1700,5.96143,-0.321751
1701,5.96143,-0.321751
1702,5.03414,-1.24905
1703,5.03414,-1.24905
1704,5.03414,-1.24905
1705,5.03414,-1.24905
1706,5.03414,-1.24905
1707,5.03414,-1.24905
1708,5.03414,-1.24905
1709,5.03414,-1.24905
1710,5.03414,-1.24905
1711,4.24874,-2.03444
1712,4.24874,-2.03444
1713,5.30039,-0.982794
1714,5.30039,-0.982794
1715,5.30039,-0.982794
1716,5.30039,-0.982794
1717,4.93106,-1.35213
1718,4.93106,-1.35213
1719,4.93106,-1.35213
1720,4.93106,-1.35213
1721,4.93106,-1.35213
1722,4.93106,-1.35213
1723,4.93106,-1.35213
1724,4.93106,-1.35213
1725,4.93106,-1.35213
1726,4.93106,-1.35213
1727,4.93106,-1.35213
1728,4.93106,-1.35213
1729,4.24874,-2.03444
1730,4.24874,-2.03444
1731,5.17604,-1.10715
1732,5.17604,-1.10715
1733,5.17604,-1.10715
1734,5.17604,-1.10715
1735,5.17604,-1.10715
1736,5.17604,-1.10715
1737,4.39064,-1.89255
1738,4.39064,-1.89255
1739,4.39064,-1.89255
1740,5.03414,-1.24905
1741,5.03414,-1.24905
1742,5.03414,-1.24905
1743,4.46741,-1.81577
1744,4.46741,-1.81577
1745,4.46741,-1.81577
1746,4.95737,-1.32582
1747,4.95737,-1.32582
1748,5.35589,-0.927295
1749,5.35589,-0.927295
1750,5.35589,-0.927295
1751,5.35589,-0.927295
1752,5.35589,-0.927295
1753,5.35589,-0.927295
1754,4.33188,-1.9513
1755,4.33188,-1.9513
1756,4.33188,-1.9513
1757,4.33188,-1.9513
1758,4.33188,-1.9513
1759,4.51499,-1.76819
1760,4.51499,-1.76819
1761,4.51499,-1.76819
1762,4.90978,-1.3734
1763,4.90978,-1.3734
1764,5.30039,-0.982794
1765,5.30039,-0.982794
1766,5.30039,-0.982794
1767,5.30039,-0.982794
1768,5.30039,-0.982794
1769,5.30039,-0.982794
1770,5.30039,-0.982794
1771,5.30039,-0.982794
1772,5.30039,-0.982794
1773,4.12439,-2.1588
1774,4.12439,-2.1588
1775,3.7296,-2.55359
1776,3.7296,-2.55359
1777,3.7296,-2.55359
1778,4.39064,-1.89255
1779,4.39064,-1.89255
1780,5.13061,-1.15257
1781,5.13061,-1.15257
1782,5.13061,-1.15257
1783,5.13061,-1.15257
1784,5.13061,-1.15257
1785,5.13061,-1.15257
1786,5.13061,-1.15257
1787,5.13061,-1.15257
1788,5.13061,-1.15257
1789,5.13061,-1.15257
1790,5.13061,-1.15257
1791,5.13061,-1.15257
1792,4.12439,-2.1588
1793,4.12439,-2.1588
1794,3.7296,-2.55359
1795,3.46334,-2.81984
1796,3.46334,-2.81984
1797,3.46334,-2.81984
1798,4.24874,-2.03444
1799,5.03414,-1.24905
1800,5.03414,-1.24905
1801,5.03414,-1.24905
1802,5.03414,-1.24905
1803,4.33188,-1.9513
1804,4.33188,-1.9513
1805,4.33188,-1.9513
1806,4.33188,-1.9513
1807,4.33188,-1.9513
1808,4.54724,-1.73595
1809,4.54724,-1.73595
1810,4.54724,-1.73595
1811,4.54724,-1.73595
1812,4.54724,-1.73595
1813,4.54724,-1.73595
1814,4.12439,-2.1588
1815,4.12439,-2.1588
1816,4.12439,-2.1588
1817,2.35619,2.35619
1818,2.35619,2.35619
1819,4.54724,-1.73595
1820,4.54724,-1.73595
1821,4.54724,-1.73595
1822,4.54724,-1.73595
1823,4.54724,-1.73595
1824,4.54724,-1.73595
1825,4.33188,-1.9513
1826,4.33188,-1.9513
1827,4.33188,-1.9513
1828,3.60524,-2.67795
1829,3.60524,-2.67795
1830,4.39064,-1.89255
1831,4.39064,-1.89255
1832,5.03414,-1.24905
1833,5.30039,-0.982794
1834,5.30039,-0.982794
1835,5.30039,-0.982794
1836,4.95737,-1.32582
1837,4.95737,-1.32582
1838,4.46741,-1.81577
1839,4.46741,-1.81577
1840,4.46741,-1.81577
1841,4.46741,-1.81577
1842,5.17604,-1.10715
1843,5.17604,-1.10715
1844,5.17604,-1.10715
1845,4.33188,-1.9513
1846,4.33188,-1.9513
1847,4.33188,-1.9513
1848,4.33188,-1.9513
1849,4.33188,-1.9513
1850,4.33188,-1.9513
1851,4.17197,-2.11122
1852,4.17197,-2.11122
1853,3.7296,-2.55359
1854,3.30674,-2.97644
1855,3.30674,-2.97644
1856,3.30674,-2.97644
1857,2.97644,2.97644
1858,2.97644,2.97644
1859,2.97644,2.97644
1860,2.97644,2.97644
1861,2.97644,2.97644
1862,3.60524,-2.67795
1863,3.60524,-2.67795
1864,3.60524,-2.67795
1865,3.60524,-2.67795
1866,4.24874,-2.03444
1867,5.17604,-1.10715
1868,5.17604,-1.10715
1869,5.17604,-1.10715
1870,4.24874,-2.03444
1871,3.7296,-2.55359
1872,3.7296,-2.55359
1873,3.7296,-2.55359
1874,4.12439,-2.1588
1875,4.12439,-2.1588
1876,5.17604,-1.10715
1877,5.17604,-1.10715
1878,5.17604,-1.10715
1879,3.60524,-2.67795
1880,3.60524,-2.67795
1881,4.3075,-1.97569
1882,4.3075,-1.97569
1883,4.3075,-1.97569
1884,4.3075,-1.97569
1885,4.3075,-1.97569
1886,4.3075,-1.97569
1887,4.3075,-1.97569
1888,4.3075,-1.97569
1889,4.3075,-1.97569
1890,4.3075,-1.97569
1891,4.3075,-1.97569
1892,5.30039,-0.982794
1893,5.30039,-0.982794
1894,5.69518,-0.588003
1895,5.69518,-0.588003
1896,5.69518,-0.588003
1897,5.03414,-1.24905
1898,5.03414,-1.24905
1899,5.03414,-1.24905
1900,6.11804,-0.165149
1901,6.11804,-0.165149
1902,6.11804,-0.165149
1903,6.11804,-0.165149
1904,6.11804,-0.165149
1905,6.11804,-0.165149
1906,6.11804,-0.165149
1907,3.7296,-2.55359
1908,3.7296,-2.55359
1909,3.7296,-2.55359
1910,3.7296,-2.55359
1911,3.7296,-2.55359
1912,3.7296,-2.55359
1913,3.7296,-2.55359
1914,5.81954,-0.463648
1915,5.81954,-0.463648
1916,5.03414,-1.24905
1917,5.03414,-1.24905
1918,4.39064,-1.89255
1919,3.60524,-2.67795
1920,3.60524,-2.67795
1921,4.39064,-1.89255
1922,4.39064,-1.89255
1923,4.39064,-1.89255
1924,4.39064,-1.89255
1925,4.39064,-1.89255
1926,4.95737,-1.32582
1927,4.95737,-1.32582
1928,4.95737,-1.32582
1929,4.95737,-1.32582
1930,4.95737,-1.32582
1931,4.95737,-1.32582
1932,4.95737,-1.32582
1933,4.95737,-1.32582
1934,4.95737,-1.32582
1935,4.39064,-1.89255
1936,4.39064,-1.89255
1937,4.39064,-1.89255
1938,4.39064,-1.89255
1939,4.87754,-1.40565
1940,4.87754,-1.40565
1941,4.87754,-1.40565
1942,4.87754,-1.40565
1943,4.87754,-1.40565
1944,4.87754,-1.40565
1945,4.87754,-1.40565
1946,4.87754,-1.40565
1947,5.35589,-0.927295
1948,5.35589,-0.927295
1949,5.63968,-0.643501
1950,5.63968,-0.643501
1951,6.08579,-0.197396
1952,6.08579,-0.197396
1953,6.08579,-0.197396
1954,6.08579,-0.197396
1955,6.08579,-0.197396
1956,5.63968,-0.643501
1957,5.63968,-0.643501
1958,5.35589,-0.927295
1959,5.35589,-0.927295
1960,5.35589,-0.927295
1961,5.35589,-0.927295
1962,5.35589,-0.927295
1963,5.35589,-0.927295
1964,3.60524,-2.67795
1965,2.55359,2.55359
1966,2.55359,2.55359
1967,2.55359,2.55359
1968,2.55359,2.55359
1969,2.97644,2.97644
1970,2.97644,2.97644
1971,2.97644,2.97644
1972,2.97644,2.97644
1973,2.97644,2.97644
1974,2.97644,2.97644
1975,2.97644,2.97644
1976,2.97644,2.97644
1977,4.57049,-1.71269
1978,4.57049,-1.71269
1979,4.57049,-1.71269
1980,4.57049,-1.71269
1981,4.57049,-1.71269
1982,4.57049,-1.71269
1983,4.57049,-1.71269
1984,4.57049,-1.71269
1985,4.57049,-1.71269
1986,5.49779,-0.785398
1987,5.49779,-0.785398
1988,3.92699,-2.35619
1989,3.92699,-2.35619
1990,5.49779,-0.785398
1991,5.49779,-0.785398
1992,5.49779,-0.785398
1993,5.49779,-0.785398
1994,4.39064,-1.89255
1995,4.39064,-1.89255
1996,4.39064,-1.89255
1997,4.39064,-1.89255
1998,4.39064,-1.89255
1999,4.39064,-1.89255
2000,4.39064,-1.89255
2001,5.03414,-1.24905
2002,5.30039,-0.982794
2003,5.30039,-0.982794
2004,5.30039,-0.982794
2005,5.03414,-1.24905
2006,5.03414,-1.24905
2007,4.39064,-1.89255
2008,3.60524,-2.67795
2009,3.60524,-2.67795
2010,4.46741,-1.81577
2011,4.46741,-1.81577
2012,4.95737,-1.32582
2013,4.95737,-1.32582
2014,5.35589,-0.927295
2015,5.35589,-0.927295
2016,5.63968,-0.643501
2017,5.63968,-0.643501
2018,5.63968,-0.643501
2019,5.63968,-0.643501
2020,5.63968,-0.643501
2021,5.63968,-0.643501
2022,5.63968,-0.643501
2023,3.38657,-2.89661
2024,3.38657,-2.89661
2025,2.89661,2.89661
2026,2.89661,2.89661
2027,2.89661,2.89661
2028,2.89661,2.89661
2029,4.39064,-1.89255
2030,4.39064,-1.89255
2031,5.03414,-1.24905
2032,6.11804,-0.165149
2033,6.11804,-0.165149
2034,6.11804,-0.165149
2035,6.11804,-0.165149
2036,6.11804,-0.165149
2037,6.11804,-0.165149
2038,5.63968,-0.643501
2039,5.63968,-0.643501
2040,5.63968,-0.643501
2041,5.63968,-0.643501
2042,5.63968,-0.643501
2043,3.25225,-3.03094
2044,3.25225,-3.03094
2045,3.25225,-3.03094
2046,3.25225,-3.03094
2047,3.25225,-3.03094
2048,3.25225,-3.03094
2049,3.25225,-3.03094
2050,3.25225,-3.03094
2051,3.25225,-3.03094
2052,4.39064,-1.89255
2053,4.39064,-1.89255
2054,5.03414,-1.24905
2055,5.30039,-0.982794
2056,5.69518,-0.588003
2057,6.18352,-0.0996687
2058,6.18352,-0.0996687
2059,6.18352,-0.0996687
2060,6.18352,-0.0996687
2061,6.18352,-0.0996687
2062,6.18352,-0.0996687
2063,6.18352,-0.0996687
2064,6.18352,-0.0996687
2065,6.18352,-0.0996687
2066,6.18352,-0.0996687
2067,6.18352,-0.0996687
2068,3.43305,-2.85014
2069,3.43305,-2.85014
2070,3.43305,-2.85014
2071,3.43305,-2.85014
2072,3.43305,-2.85014
2073,3.43305,-2.85014
2074,3.43305,-2.85014
2075,3.43305,-2.85014
2076,3.33899,-2.9442
2077,3.33899,-2.9442
2078,3.33899,-2.9442
2079,3.33899,-2.9442
2080,3.33899,-2.9442
2081,4.24874,-2.03444
2082,5.17604,-1.10715
2083,5.17604,-1.10715
2084,5.17604,-1.10715
2085,3.60524,-2.67795
2086,3.60524,-2.67795
2087,3.60524,-2.67795
2088,5.96143,-0.321751
2089,5.96143,-0.321751
2090,5.96143,-0.321751
2091,5.96143,-0.321751
2092,3.78509,-2.49809
2093,3.78509,-2.49809
2094,3.78509,-2.49809
2095,3.78509,-2.49809
2096,3.78509,-2.49809
2097,3.78509,-2.49809
2098,4.44614,-1.83705
2099,4.44614,-1.83705
2100,4.44614,-1.83705
2101,4.44614,-1.83705
2102,4.44614,-1.83705
2103,4.44614,-1.83705
2104,4.44614,-1.83705
2105,4.49372,-1.78947
2106,4.49372,-1.78947
2107,4.57049,-1.71269
2108,4.57049,-1.71269
2109,4.57049,-1.71269
2110,4.57049,-1.71269
2111,4.85429,-1.4289
2112,4.85429,-1.4289
2113,4.85429,-1.4289
2114,4.99069,-1.2925
2115,4.99069,-1.2925
2116,5.07116,-1.21203
2117,5.07116,-1.21203
2118,5.07116,-1.21203
2119,5.07116,-1.21203
2120,5.25281,-1.03038
2121,5.25281,-1.03038
2122,5.25281,-1.03038
2123,5.25281,-1.03038
2124,5.01089,-1.2723
2125,5.01089,-1.2723
2126,5.01089,-1.2723
2127,5.01089,-1.2723
2128,5.01089,-1.2723
2129,5.01089,-1.2723
2130,5.01089,-1.2723
2131,5.01089,-1.2723
2132,5.01089,-1.2723
2133,5.01089,-1.2723
2134,5.01089,-1.2723
2135,5.01089,-1.2723
2136,4.90978,-1.3734
2137,4.90978,-1.3734
2138,4.90978,-1.3734
2139,4.51499,-1.76819
2140,4.51499,-1.76819
2141,4.3075,-1.97569
2142,4.3075,-1.97569
2143,4.3075,-1.97569
2144,4.19324,-2.08994
2145,4.19324,-2.08994
2146,4.19324,-2.08994
2147,4.19324,-2.08994
2148,4.19324,-2.08994
2149,4.19324,-2.08994
2150,4.19324,-2.08994
2151,4.19324,-2.08994
2152,4.33188,-1.9513
2153,4.54724,-1.73595
2154,4.54724,-1.73595
2155,4.54724,-1.73595
2156,4.87754,-1.40565
2157,4.87754,-1.40565
2158,4.87754,-1.40565
2159,5.30039,-0.982794
2160,5.30039,-0.982794
2161,5.30039,-0.982794
2162,5.30039,-0.982794
2163,4.24874,-2.03444
2164,4.24874,-2.03444
2165,4.24874,-2.03444
2166,6.06452,-0.218669
2167,6.06452,-0.218669
2168,6.06452,-0.218669
2169,6.06452,-0.218669
2170,6.06452,-0.218669
2171,6.16608,-0.117109
2172,6.16608,-0.117109
2173,6.16608,-0.117109
2174,6.16608,-0.117109
2175,6.16608,-0.117109
2176,6.16608,-0.117109
2177,6.16608,-0.117109
2178,6.16608,-0.117109
2179,6.16608,-0.117109
2180,6.23323,-0.0499584
2181,6.23323,-0.0499584
2182,6.23323,-0.0499584
2183,6.23323,-0.0499584
2184,6.23323,-0.0499584
2185,6.23323,-0.0499584
2186,6.23323,-0.0499584
2187,6.23323,-0.0499584
2188,6.23323,-0.0499584
2189,6.23323,-0.0499584
2190,0.0499584,0.0499584
2191,0.0499584,0.0499584
2192,0.0499584,0.0499584
2193,0.0499584,0.0499584
2194,0.0499584,0.0499584
2195,0.0499584,0.0499584
2196,0.0499584,0.0499584
2197,0.0499584,0.0499584
2198,0.0499584,0.0499584
2199,0.0499584,0.0499584
2200,0.588003,0.588003
2201,0.588003,0.588003
2202,0.588003,0.588003
2203,2.89661,2.89661
2204,2.89661,2.89661
2205,2.89661,2.89661
2206,2.89661,2.89661
2207,1.69515,1.69515
2208,1.69515,1.69515
2209,1.69515,1.69515
2210,1.69515,1.69515
2211,1.69515,1.69515
2212,1.69515,1.69515
2213,1.69515,1.69515
2214,1.69515,1.69515
2215,1.69515,1.69515
2216,1.69515,1.69515
2217,1.69515,1.69515
2218,1.69515,1.69515
2219,1.69515,1.69515
2220,1.69515,1.69515
2221,1.69515,1.69515
2222,1.69515,1.69515
2223,1.69515,1.69515
2224,1.9513,1.9513
2225,1.9513,1.9513
2226,2.11122,2.11122
2227,2.11122,2.11122
2228,2.11122,2.11122
2229,2.11122,2.11122
2230,1.89255,1.89255
2231,1.89255,1.89255
2232,1.89255,1.89255
2233,2.2143,2.2143
2234,2.2143,2.2143
2235,2.2143,2.2143
2236,2.2143,2.2143
2237,2.2143,2.2143
2238,1.81577,1.81577
2239,1.81577,1.81577
2240,1.81577,1.81577
2241,1.81577,1.81577
2242,1.81577,1.81577
2243,1.81577,1.81577
2244,1.81577,1.81577
2245,1.81577,1.81577
2246,1.81577,1.81577
2247,1.81577,1.81577
2248,1.81577,1.81577
2249,1.10715,1.10715
2250,1.10715,1.10715
2251,1.76819,1.76819
2252,1.76819,1.76819
2253,1.76819,1.76819
2254,1.76819,1.76819
2255,1.76819,1.76819
2256,1.3734,1.3734
2257,1.3734,1.3734
2258,1.3734,1.3734
2259,1.3734,1.3734
2260,1.3734,1.3734
2261,1.81577,1.81577
2262,1.81577,1.81577
2263,2.67795,2.67795
2264,2.67795,2.67795
2265,2.67795,2.67795
2266,0.785398,0.785398
2267,0.785398,0.785398
2268,0.785398,0.785398
2269,0.785398,0.785398
2270,0.785398,0.785398
2271,0.785398,0.785398
2272,2.55359,2.55359
2273,2.55359,2.55359
2274,2.55359,2.55359
2275,2.55359,2.55359
2276,2.03444,2.03444
2277,1.32582,1.32582
2278,1.32582,1.32582
2279,1.32582,1.32582
2280,1.32582,1.32582
2281,1.81577,1.81577
2282,1.81577,1.81577
2283,1.81577,1.81577
2284,1.81577,1.81577
2285,1.47113,1.47113
2286,1.47113,1.47113
2287,1.47113,1.47113
2288,1.47113,1.47113
2289,1.47113,1.47113
2290,1.47113,1.47113
2291,1.67046,1.67046
2292,1.67046,1.67046
2293,1.67046,1.67046
2294,1.67046,1.67046
2295,1.67046,1.67046
2296,1.67046,1.67046
2297,1.67046,1.67046
2298,1.46014,1.46014
2299,1.46014,1.46014
2300,1.46014,1.46014
2301,1.46014,1.46014
2302,1.46014,1.46014
2303,1.46014,1.46014
2304,1.46014,1.46014
2305,1.68145,1.68145
2306,1.68145,1.68145
2307,1.68145,1.68145
2308,1.68145,1.68145
2309,2.1588,2.1588
2310,2.1588,2.1588
2311,2.1588,2.1588
2312,2.1588,2.1588
2313,1.24905,1.24905
2314,1.24905,1.24905
2315,1.24905,1.24905
2316,1.81577,1.81577
2317,1.81577,1.81577
2318,1.81577,1.81577
2319,1.81577,1.81577
2320,1.32582,1.32582
2321,1.32582,1.32582
2322,0.982794,0.982794
2323,0.982794,0.982794
2324,0.982794,0.982794
2325,1.4289,1.4289
2326,1.4289,1.4289
2327,1.4289,1.4289
2328,1.4289,1.4289
2329,1.4289,1.4289
2330,1.4289,1.4289
2331,1.4289,1.4289
2332,1.4289,1.4289
2333,1.4289,1.4289
2334,1.4289,1.4289
2335,1.4289,1.4289
2336,1.4289,1.4289
2337,1.71269,1.71269
2338,1.71269,1.71269
2339,1.71269,1.71269
2340,1.71269,1.71269
2341,1.71269,1.71269
2342,1.0122,1.0122
2343,1.0122,1.0122
2344,1.0122,1.0122
2345,1.0122,1.0122
2346,1.0122,1.0122
2347,1.0122,1.0122
2348,1.0122,1.0122
2349,1.0122,1.0122
2350,1.0122,1.0122
2351,1.0122,1.0122
2352,1.0122,1.0122
2353,1.0122,1.0122
2354,1.1659,1.1659
2355,1.1659,1.1659
2356,1.1659,1.1659
2357,1.1659,1.1659
2358,1.1659,1.1659
2359,1.1659,1.1659
2360,1.05165,1.05165
2361,1.05165,1.05165
2362,1.05165,1.05165
2363,1.05165,1.05165
2364,1.05165,1.05165
2365,1.05165,1.05165
2366,1.05165,1.05165
2367,2.03444,2.03444
2368,2.03444,2.03444
2369,2.03444,2.03444
2370,0.927295,0.927295
2371,0.927295,0.927295
2372,0.927295,0.927295
2373,0.927295,0.927295
2374,0.927295,0.927295
2375,0.927295,0.927295
2376,2.1588,2.1588
2377,2.1588,2.1588
2378,2.1588,2.1588
2379,2.1588,2.1588
2380,2.1588,2.1588
2381,0.785398,0.785398
2382,0.785398,0.785398
2383,0.785398,0.785398
2384,0.785398,0.785398
2385,0.785398,0.785398
2386,0.785398,0.785398
2387,0.785398,0.785398
2388,0.785398,0.785398
2389,2.35619,2.35619
2390,2.35619,2.35619
2391,2.35619,2.35619
2392,2.35619,2.35619
2393,0.785398,0.785398
2394,0.785398,0.785398
2395,0.785398,0.785398
2396,0.785398,0.785398
2397,2.9442,2.9442
2398,2.9442,2.9442
2399,2.9442,2.9442
2400,2.9442,2.9442
2401,2.9442,2.9442
2402,2.76109,2.76109
2403,2.76109,2.76109
2404,2.76109,2.76109
2405,2.2143,2.2143
2406,2.2143,2.2143
2407,2.2143,2.2143
2408,2.2143,2.2143
2409,2.2143,2.2143
2410,2.2143,2.2143
2411,2.2143,2.2143
2412,2.2143,2.2143
2413,2.2143,2.2143
2414,2.2143,2.2143
2415,2.2143,2.2143
2416,0.785398,0.785398
2417,5.49779,-0.785398
2418,5.49779,-0.785398
2419,0.380506,0.380506
2420,0.380506,0.380506
2421,0.380506,0.380506
2422,0.380506,0.380506
2423,0.0767719,0.0767719
2424,0.0767719,0.0767719
2425,0.0767719,0.0767719
2426,0.0767719,0.0767719
2427,0.0767719,0.0767719
2428,0.0767719,0.0767719
2429,0.0767719,0.0767719
2430,0.0767719,0.0767719
2431,0.0767719,0.0767719
2432,0.0767719,0.0767719
2433,0.0767719,0.0767719
2434,0.0767719,0.0767719
2435,0.0767719,0.0767719
2436,1.10715,1.10715
2437,1.10715,1.10715
2438,0.321751,0.321751
2439,0.321751,0.321751
2440,0.321751,0.321751
2441,0.982794,0.982794
2442,0.982794,0.982794
2443,0.982794,0.982794
2444,0.982794,0.982794
2445,0.982794,0.982794
2446,0.982794,0.982794
2447,2.03444,2.03444
2448,2.67795,2.67795
2449,2.67795,2.67795
2450,2.03444,2.03444
2451,1.10715,1.10715
2452,0.321751,0.321751
2453,0.321751,0.321751
2454,0.321751,0.321751
2455,0.321751,0.321751
2456,1.9513,1.9513
2457,1.9513,1.9513
2458,1.9513,1.9513
2459,1.9513,1.9513
2460,1.81577,1.81577
2461,1.81577,1.81577
2462,1.32582,1.32582
2463,1.32582,1.32582
2464,0.643501,0.643501
2465,0.643501,0.643501
2466,0.643501,0.643501
2467,0.643501,0.643501
2468,0.950547,0.950547
2469,0.950547,0.950547
2470,0.950547,0.950547
2471,0.950547,0.950547
2472,0.950547,0.950547
2473,0.950547,0.950547
2474,0.950547,0.950547
2475,1.24905,1.24905
2476,1.24905,1.24905
2477,1.24905,1.24905
2478,0.927295,0.927295
2479,0.927295,0.927295
2480,0.643501,0.643501
2481,0.643501,0.643501
2482,0.643501,0.643501
2483,0.643501,0.643501
2484,0.643501,0.643501
2485,0.982794,0.982794
2486,1.3734,1.3734
2487,1.3734,1.3734
2488,1.3734,1.3734
2489,1.3734,1.3734
2490,1.3734,1.3734
2491,1.1659,1.1659
2492,1.1659,1.1659
2493,1.1659,1.1659
2494,1.1659,1.1659
2495,1.1659,1.1659
2496,1.1659,1.1659
2497,1.1659,1.1659
2498,1.1659,1.1659
2499,1.1659,1.1659
2500,1.1659,1.1659
2501,0.588003,0.588003
2502,0.588003,0.588003
2503,0.588003,0.588003
2504,0.588003,0.588003
2505,0.588003,0.588003
2506,2.60117,2.60117
2507,2.60117,2.60117
2508,2.60117,2.60117
2509,2.60117,2.60117
2510,2.60117,2.60117
2511,2.60117,2.60117
2512,2.60117,2.60117
2513,2.03444,2.03444
2514,1.10715,1.10715
2515,0.110657,0.110657
2516,0.110657,0.110657
2517,0.110657,0.110657
2518,0.110657,0.110657
2519,0.110657,0.110657
2520,0.110657,0.110657
2521,0.110657,0.110657
2522,0.110657,0.110657
2523,0.110657,0.110657
2524,0.588003,0.588003
2525,1.03038,1.03038
2526,1.03038,1.03038
2527,1.03038,1.03038
2528,1.03038,1.03038
2529,1.03038,1.03038
2530,1.03038,1.03038
2531,0.876058,0.876058
2532,0.876058,0.876058
2533,0.876058,0.876058
2534,0.876058,0.876058
2535,0.694738,0.694738
2536,0.694738,0.694738
2537,0.694738,0.694738
2538,0.694738,0.694738
2539,0.321751,0.321751
2540,0.321751,0.321751
2541,5.96143,-0.321751
2542,5.0929,-1.19029
2543,5.0929,-1.19029
2544,5.0929,-1.19029
2545,5.0929,-1.19029
2546,5.0929,-1.19029
2547,5.0929,-1.19029
2548,5.0929,-1.19029
2549,4.77481,-1.50838
2550,4.77481,-1.50838
2551,4.77481,-1.50838
2552,4.77481,-1.50838
2553,4.77481,-1.50838
2554,4.77481,-1.50838
2555,4.77481,-1.50838
2556,4.77481,-1.50838
2557,4.77481,-1.50838
2558,4.77481,-1.50838
2559,4.77481,-1.50838
2560,4.77481,-1.50838
2561,4.77481,-1.50838
2562,4.77481,-1.50838
2563,4.77481,-1.50838
2564,4.77481,-1.50838
2565,4.77481,-1.50838
2566,4.77481,-1.50838
2567,4.12439,-2.1588
2568,4.12439,-2.1588
2569,4.12439,-2.1588
2570,4.12439,-2.1588
2571,4.58803,-1.69515
2572,4.58803,-1.69515
2573,4.58803,-1.69515
2574,4.58803,-1.69515
2575,4.58803,-1.69515
2576,4.58803,-1.69515
2577,4.58803,-1.69515
2578,4.58803,-1.69515
2579,4.06889,-2.2143
2580,4.06889,-2.2143
2581,4.06889,-2.2143
2582,4.06889,-2.2143
2583,4.06889,-2.2143
2584,4.06889,-2.2143
2585,4.95737,-1.32582
2586,4.95737,-1.32582
2587,4.95737,-1.32582
2588,4.95737,-1.32582
2589,4.46741,-1.81577
2590,4.46741,-1.81577
2591,4.33188,-1.9513
2592,4.33188,-1.9513
2593,4.17197,-2.11122
2594,4.03765,-2.24554
2595,4.03765,-2.24554
2596,4.03765,-2.24554
2597,4.03765,-2.24554
2598,4.03765,-2.24554
2599,4.03765,-2.24554
2600,4.03765,-2.24554
2601,4.51499,-1.76819
2602,4.51499,-1.76819
2603,4.51499,-1.76819
2604,4.51499,-1.76819
2605,4.51499,-1.76819
2606,4.43409,-1.8491
2607,4.43409,-1.8491
2608,4.43409,-1.8491
2609,4.43409,-1.8491
2610,4.43409,-1.8491
2611,4.43409,-1.8491
2612,4.43409,-1.8491
2613,5.03414,-1.24905
2614,5.35589,-0.927295
2615,5.35589,-0.927295
2616,5.63968,-0.643501
2617,5.63968,-0.643501
2618,5.63968,-0.643501
2619,5.63968,-0.643501
2620,5.17604,-1.10715
2621,4.24874,-2.03444
2622,3.30674,-2.97644
2623,3.30674,-2.97644
2624,3.30674,-2.97644
2625,3.30674,-2.97644
2626,3.30674,-2.97644
2627,3.30674,-2.97644
2628,4.24874,-2.03444
2629,4.24874,-2.03444
2630,4.24874,-2.03444
2631,4.24874,-2.03444
2632,5.35589,-0.927295
2633,5.35589,-0.927295
2634,5.35589,-0.927295
2635,5.63968,-0.643501
2636,5.63968,-0.643501
2637,6.17253,-0.110657
2638,6.17253,-0.110657
2639,6.17253,-0.110657
2640,6.17253,-0.110657
2641,6.17253,-0.110657
2642,6.17253,-0.110657
2643,6.17253,-0.110657
2644,6.17253,-0.110657
2645,6.17253,-0.110657
2646,6.17253,-0.110657
2647,4.17197,-2.11122
2648,4.17197,-2.11122
2649,4.17197,-2.11122
2650,4.17197,-2.11122
2651,4.17197,-2.11122
2652,4.17197,-2.11122
2653,4.06889,-2.2143
2654,4.06889,-2.2143
2655,4.06889,-2.2143
2656,4.06889,-2.2143
2657,4.06889,-2.2143
2658,4.06889,-2.2143
2659,5.03414,-1.24905
2660,5.03414,-1.24905
2661,5.03414,-1.24905
2662,4.39064,-1.89255
2663,4.39064,-1.89255
2664,4.39064,-1.89255
2665,5.30039,-0.982794
2666,5.30039,-0.982794
2667,5.30039,-0.982794
2668,5.30039,-0.982794
2669,5.30039,-0.982794
2670,4.12439,-2.1588
2671,4.12439,-2.1588
2672,4.12439,-2.1588
2673,4.12439,-2.1588
2674,4.12439,-2.1588
2675,5.30039,-0.982794
2676,5.30039,-0.982794
2677,5.30039,-0.982794
2678,5.30039,-0.982794
2679,5.30039,-0.982794
2680,3.92699,-2.35619
2681,3.92699,-2.35619
2682,4.95737,-1.32582
2683,4.95737,-1.32582
2684,4.95737,-1.32582
2685,4.95737,-1.32582
2686,4.95737,-1.32582
2687,5.30039,-0.982794
2688,5.69518,-0.588003
2689,6.03821,-0.244979
2690,6.03821,-0.244979
2691,6.03821,-0.244979
2692,6.03821,-0.244979
2693,5.90268,-0.380506
2694,5.90268,-0.380506
2695,5.90268,-0.380506
2696,4.95737,-1.32582
2697,4.95737,-1.32582
2698,4.46741,-1.81577
2699,4.46741,-1.81577
2700,3.46334,-2.81984
2701,3.46334,-2.81984
2702,3.46334,-2.81984
2703,3.46334,-2.81984
2704,5.03414,-1.24905
2705,5.03414,-1.24905
2706,5.03414,-1.24905
2707,5.03414,-1.24905
2708,5.30039,-0.982794
2709,5.30039,-0.982794
2710,5.30039,-0.982794
2711,5.30039,-0.982794
2712,5.30039,-0.982794
2713,5.30039,-0.982794
2714,5.69518,-0.588003
2715,5.69518,-0.588003
2716,5.69518,-0.588003
2717,5.69518,-0.588003
2718,5.69518,-0.588003
2719,5.69518,-0.588003
2720,5.96143,-0.321751
2721,5.96143,-0.321751
2722,5.96143,-0.321751
2723,5.63968,-0.643501
2724,5.63968,-0.643501
2725,5.35589,-0.927295
2726,5.35589,-0.927295
2727,5.03414,-1.24905
2728,5.03414,-1.24905
2729,4.39064,-1.89255
2730,3.33899,-2.9442
2731,3.33899,-2.9442
2732,3.33899,-2.9442
2733,3.33899,-2.9442
2734,3.33899,-2.9442
2735,4.39064,-1.89255
2736,4.39064,-1.89255
2737,5.03414,-1.24905
2738,5.58845,-0.694738
2739,5.58845,-0.694738
2740,5.58845,-0.694738
2741,5.58845,-0.694738
2742,5.58845,-0.694738
2743,5.58845,-0.694738
2744,5.40713,-0.876058
2745,5.40713,-0.876058
2746,5.40713,-0.876058
2747,5.40713,-0.876058
2748,4.90978,-1.3734
2749,4.90978,-1.3734
2750,4.90978,-1.3734
2751,4.51499,-1.76819
2752,4.51499,-1.76819
2753,3.60524,-2.67795
2754,3.60524,-2.67795
2755,4.46741,-1.81577
2756,4.46741,-1.81577
2757,4.95737,-1.32582
2758,4.95737,-1.32582
2759,4.95737,-1.32582
2760,4.95737,-1.32582
2761,4.24874,-2.03444
2762,4.24874,-2.03444
2763,5.0929,-1.19029
2764,5.0929,-1.19029
2765,5.0929,-1.19029
2766,5.0929,-1.19029
2767,5.0929,-1.19029
2768,4.90978,-1.3734
2769,4.90978,-1.3734
2770,4.90978,-1.3734
2771,4.90978,-1.3734
2772,4.90978,-1.3734
2773,5.30039,-0.982794
2774,5.30039,-0.982794
2775,5.30039,-0.982794
2776,4.95737,-1.32582
2777,4.95737,-1.32582
2778,4.95737,-1.32582
2779,4.95737,-1.32582
2780,5.30039,-0.982794
2781,5.30039,-0.982794
2782,5.30039,-0.982794
2783,4.95737,-1.32582
2784,4.95737,-1.32582
2785,4.95737,-1.32582
2786,4.95737,-1.32582
2787,5.35589,-0.927295
2788,5.35589,-0.927295
2789,5.35589,-0.927295
2790,5.35589,-0.927295
2791,5.35589,-0.927295
2792,5.35589,-0.927295
2793,4.39064,-1.89255
2794,4.39064,-1.89255
2795,4.39064,-1.89255
2796,4.39064,-1.89255
2797,5.03414,-1.24905
2798,5.30039,-0.982794
2799,5.30039,-0.982794
2800,5.30039,-0.982794
2801,5.30039,-0.982794
2802,4.46741,-1.81577
2803,4.46741,-1.81577
2804,4.46741,-1.81577
2805,4.95737,-1.32582
2806,4.95737,-1.32582
2807,4.95737,-1.32582
2808,4.95737,-1.32582
2809,4.95737,-1.32582
2810,4.95737,-1.32582
2811,4.95737,-1.32582
2812,5.30039,-0.982794
2813,5.30039,-0.982794
2814,5.30039,-0.982794
2815,5.30039,-0.982794
2816,5.30039,-0.982794
2817,5.30039,-0.982794
2818,5.74277,-0.54042
2819,5.74277,-0.54042
2820,5.74277,-0.54042
2821,5.74277,-0.54042
2822,5.74277,-0.54042
2823,5.74277,-0.54042
2824,5.56436,-0.71883
2825,5.56436,-0.71883
2826,5.56436,-0.71883
2827,5.56436,-0.71883
2828,5.56436,-0.71883
2829,5.56436,-0.71883
2830,5.43122,-0.851966
2831,5.43122,-0.851966
2832,5.43122,-0.851966
2833,5.43122,-0.851966
2834,5.43122,-0.851966
2835,5.43122,-0.851966
2836,5.25281,-1.03038
2837,5.25281,-1.03038
2838,5.0929,-1.19029
2839,4.90978,-1.3734
2840,4.90978,-1.3734
2841,4.90978,-1.3734
2842,4.51499,-1.76819
2843,4.51499,-1.76819
2844,4.17197,-2.11122
2845,4.17197,-2.11122
2846,4.17197,-2.11122
2847,4.17197,-2.11122
2848,4.17197,-2.11122
2849,4.33188,-1.9513
2850,4.51499,-1.76819
2851,4.51499,-1.76819
2852,4.51499,-1.76819
2853,4.51499,-1.76819
2854,4.51499,-1.76819
2855,4.51499,-1.76819
2856,4.51499,-1.76819
2857,5.63968,-0.643501
2858,5.63968,-0.643501
2859,5.63968,-0.643501
2860,5.63968,-0.643501
2861,5.74277,-0.54042
2862,5.74277,-0.54042
2863,5.92441,-0.358771
2864,5.92441,-0.358771
2865,5.92441,-0.358771
2866,6.00489,-0.2783
2867,6.00489,-0.2783
2868,6.20641,-0.0767719
2869,6.20641,-0.0767719
2870,6.20641,-0.0767719
2871,6.20641,-0.0767719
2872,6.20641,-0.0767719
2873,6.20641,-0.0767719
2874,6.20641,-0.0767719
2875,6.20641,-0.0767719
2876,6.20641,-0.0767719
2877,6.20641,-0.0767719
2878,6.20641,-0.0767719
2879,6.20641,-0.0767719
2880,6.20641,-0.0767719
2881,6.20641,-0.0767719
2882,6.20641,-0.0767719
2883,6.20641,-0.0767719
2884,6.20641,-0.0767719
2885,6.20641,-0.0767719
2886,6.20641,-0.0767719
2887,0.110657,0.110657
2888,0.110657,0.110657
2889,0.110657,0.110657
2890,0.110657,0.110657
2891,0.132552,0.132552
2892,0.132552,0.132552
2893,0.132552,0.132552
2894,0.132552,0.132552
2895,0.132552,0.132552
2896,0.132552,0.132552
2897,0.132552,0.132552
2898,0.132552,0.132552
2899,1.10715,1.10715
2900,1.76819,1.76819
2901,1.76819,1.76819
2902,1.76819,1.76819
2903,1.76819,1.76819
2904,1.76819,1.76819
2905,1.76819,1.76819
2906,1.76819,1.76819
2907,1.9513,1.9513
2908,1.9513,1.9513
2909,2.11122,2.11122
2910,2.27942,2.27942
2911,2.27942,2.27942
2912,2.27942,2.27942
2913,2.27942,2.27942
2914,2.27942,2.27942
2915,2.27942,2.27942
2916,2.27942,2.27942
2917,2.27942,2.27942
2918,2.27942,2.27942
2919,2.27942,2.27942
2920,2.27942,2.27942
2921,1.89255,1.89255
2922,1.89255,1.89255
2923,1.89255,1.89255
2924,2.1588,2.1588
2925,2.1588,2.1588
2926,2.1588,2.1588
2927,1.81577,1.81577
2928,1.81577,1.81577
2929,1.81577,1.81577
2930,1.81577,1.81577
2931,2.30361,2.30361
2932,2.30361,2.30361
2933,2.30361,2.30361
2934,2.30361,2.30361
2935,2.30361,2.30361
2936,2.30361,2.30361
2937,2.30361,2.30361
2938,2.30361,2.30361
2939,2.40878,2.40878
2940,2.40878,2.40878
2941,2.40878,2.40878
2942,2.40878,2.40878
2943,2.40878,2.40878
2944,2.40878,2.40878
2945,2.40878,2.40878
2946,2.40878,2.40878
2947,2.40878,2.40878
2948,2.40878,2.40878
2949,2.03444,2.03444
2950,2.03444,2.03444
2951,2.03444,2.03444
2952,2.03444,2.03444
2953,2.03444,2.03444
2954,2.67795,2.67795
2955,2.67795,2.67795
2956,2.03444,2.03444
2957,2.03444,2.03444
2958,2.81984,2.81984
2959,2.81984,2.81984
2960,2.81984,2.81984
2961,2.81984,2.81984
2962,0.785398,0.785398
2963,0.785398,0.785398
2964,2.03444,2.03444
2965,2.03444,2.03444
2966,1.10715,1.10715
2967,1.10715,1.10715
2968,1.10715,1.10715
2969,2.03444,2.03444
2970,2.03444,2.03444
2971,2.03444,2.03444
2972,1.10715,1.10715
2973,1.10715,1.10715
2974,1.10715,1.10715
2975,2.03444,2.03444
2976,2.67795,2.67795
2977,2.67795,2.67795
2978,1.81577,1.81577
2979,1.81577,1.81577
2980,1.81577,1.81577
2981,1.81577,1.81577
2982,2.67795,2.67795
2983,2.67795,2.67795
2984,1.9513,1.9513
2985,1.9513,1.9513
2986,1.9513,1.9513
2987,1.9513,1.9513
2988,1.9513,1.9513
2989,1.9513,1.9513
2990,1.9513,1.9513
2991,1.76819,1.76819
2992,1.76819,1.76819
2993,1.76819,1.76819
2994,1.76819,1.76819
2995,1.76819,1.76819
2996,1.8491,1.8491
2997,1.8491,1.8491
2998,1.8491,1.8491
2999,1.8491,1.8491
3000,2.07789,2.07789
3001,2.07789,2.07789
3002,2.07789,2.07789
3003,2.07789,2.07789
3004,2.07789,2.07789
3005,2.07789,2.07789
3006,2.07789,2.07789
3007,2.07789,2.07789
3008,1.98902,1.98902
3009,1.98902,1.98902
3010,1.98902,1.98902
3011,1.98902,1.98902
3012,1.98902,1.98902
3013,1.98902,1.98902
3014,1.98902,1.98902
3015,2.67795,2.67795
3016,2.67795,2.67795
3017,2.67795,2.67795
3018,1.24905,1.24905
3019,1.24905,1.24905
3020,1.24905,1.24905
3021,1.89255,1.89255
3022,1.89255,1.89255
3023,1.89255,1.89255
3024,1.24905,1.24905
3025,1.24905,1.24905
3026,1.24905,1.24905
3027,1.89255,1.89255
3028,2.1588,2.1588
3029,2.1588,2.1588
3030,2.1588,2.1588
3031,1.69515,1.69515
3032,1.69515,1.69515
3033,1.69515,1.69515
3034,1.69515,1.69515
3035,1.69515,1.69515
3036,1.69515,1.69515
3037,1.69515,1.69515
3038,1.69515,1.69515
3039,2.2143,2.2143
3040,2.2143,2.2143
3041,2.2143,2.2143
3042,2.2143,2.2143
3043,2.2143,2.2143
3044,1.73595,1.73595
3045,1.73595,1.73595
3046,1.73595,1.73595
3047,1.73595,1.73595
3048,1.73595,1.73595
3049,1.73595,1.73595
3050,2.1588,2.1588
3051,2.1588,2.1588
3052,2.1588,2.1588
3053,1.8491,1.8491
3054,1.8491,1.8491
3055,1.8491,1.8491
3056,1.8491,1.8491
3057,1.8491,1.8491
3058,1.8491,1.8491
3059,1.32582,1.32582
3060,1.32582,1.32582
3061,1.03038,1.03038
3062,1.03038,1.03038
3063,1.03038,1.03038
3064,1.03038,1.03038
3065,1.03038,1.03038
3066,1.19029,1.19029
3067,1.19029,1.19029
3068,1.19029,1.19029
3069,1.19029,1.19029
3070,1.19029,1.19029
3071,1.19029,1.19029
3072,1.73595,1.73595
3073,1.73595,1.73595
3074,1.73595,1.73595
3075,1.73595,1.73595
3076,1.40565,1.40565
3077,1.40565,1.40565
3078,1.40565,1.40565
3079,1.40565,1.40565
3080,1.40565,1.40565
3081,2.49809,2.49809
3082,2.49809,2.49809
3083,2.49809,2.49809
3084,2.49809,2.49809
3085,2.2143,2.2143
3086,2.2143,2.2143
3087,2.2143,2.2143
3088,1.10715,1.10715
3089,0.463648,0.463648
3090,0.463648,0.463648
3091,1.10715,1.10715
3092,1.81577,1.81577
3093,1.81577,1.81577
3094,1.81577,1.81577
3095,1.81577,1.81577
3096,1.32582,1.32582
3097,1.32582,1.32582
3098,0.982794,0.982794
3099,0.588003,0.588003
3100,0.588003,0.588003
3101,0.588003,0.588003
3102,1.19029,1.19029
3103,1.19029,1.19029
3104,1.19029,1.19029
3105,1.19029,1.19029
3106,1.19029,1.19029
3107,1.19029,1.19029
3108,1.03038,1.03038
3109,1.03038,1.03038
3110,1.03038,1.03038
3111,1.03038,1.03038
3112,1.03038,1.03038
3113,1.03038,1.03038
3114,1.03038,1.03038
3115,2.03444,2.03444
3116,2.03444,2.03444
3117,2.03444,2.03444
3118,1.24905,1.24905
3119,1.24905,1.24905
3120,1.24905,1.24905
3121,1.89255,1.89255
3122,2.81984,2.81984
3123,2.81984,2.81984
3124,2.81984,2.81984
3125,2.81984,2.81984
3126,0.588003,0.588003
3127,0.588003,0.588003
3128,0.588003,0.588003
3129,0.588003,0.588003
3130,0.588003,0.588003
3131,0.588003,0.588003
3132,0.588003,0.588003
3133,0.321751,0.321751
3134,0.321751,0.321751
3135,0.321751,0.321751
3136,0.982794,0.982794
3137,0.982794,0.982794
3138,0.982794,0.982794
3139,0.982794,0.982794
3140,0.982794,0.982794
3141,1.32582,1.32582
3142,1.32582,1.32582
3143,1.81577,1.81577
3144,1.81577,1.81577
3145,1.81577,1.81577
3146,1.81577,1.81577
3147,0.785398,0.785398
3148,0.785398,0.785398
3149,2.03444,2.03444
3150,2.03444,2.03444
3151,1.10715,1.10715
3152,0.588003,0.588003
3153,0.588003,0.588003
3154,0.588003,0.588003
3155,1.03038,1.03038
3156,1.03038,1.03038
3157,1.03038,1.03038
3158,1.21203,1.21203
3159,1.21203,1.21203
3160,1.21203,1.21203
3161,1.2925,1.2925
3162,1.2925,1.2925
3163,1.40565,1.40565
3164,1.40565,1.40565
3165,1.40565,1.40565
3166,1.40565,1.40565
3167,1.40565,1.40565
3168,1.40565,1.40565
3169,0.982794,0.982794
3170,0.982794,0.982794
3171,0.982794,0.982794
3172,1.24905,1.24905
3173,1.24905,1.24905
3174,1.89255,1.89255
3175,1.89255,1.89255
3176,1.89255,1.89255
3177,0.982794,0.982794
3178,0.982794,0.982794
3179,0.982794,0.982794
3180,1.32582,1.32582
3181,1.32582,1.32582
3182,1.32582,1.32582
3183,1.32582,1.32582
3184,1.32582,1.32582
3185,1.32582,1.32582
3186,1.32582,1.32582
3187,1.89255,1.89255
3188,1.89255,1.89255
3189,1.89255,1.89255
3190,0.982794,0.982794
3191,0.982794,0.982794
3192,0.982794,0.982794
3193,0.982794,0.982794
3194,0.982794,0.982794
3195,0.982794,0.982794
3196,1.3734,1.3734
3197,1.3734,1.3734
3198,1.3734,1.3734
3199,1.3734,1.3734
3200,1.3734,1.3734
3201,0.982794,0.982794
3202,0.982794,0.982794
3203,0.982794,0.982794
3204,0.982794,0.982794
3205,2.03444,2.03444
3206,2.03444,2.03444
3207,1.10715,1.10715
3208,0.380506,0.380506
3209,0.380506,0.380506
3210,0.380506,0.380506
3211,0.197396,0.197396
3212,0.197396,0.197396
3213,0.197396,0.197396
3214,0.197396,0.197396
3215,0.197396,0.197396
3216,0.380506,0.380506
3217,0.380506,0.380506
3218,0.380506,0.380506
3219,0.380506,0.380506
3220,0.244979,0.244979
3221,0.244979,0.244979
3222,0.244979,0.244979
3223,0.244979,0.244979
3224,0.244979,0.244979
3225,0.244979,0.244979
3226,0.244979,0.244979
3227,5.92441,-0.358771
3228,5.92441,-0.358771
3229,5.92441,-0.358771
3230,5.92441,-0.358771
3231,5.92441,-0.358771
3232,5.92441,-0.358771
3233,5.92441,-0.358771
3234,5.92441,-0.358771
3235,5.92441,-0.358771
3236,6.11804,-0.165149
3237,6.11804,-0.165149
3238,6.11804,-0.165149
3239,6.11804,-0.165149
3240,6.11804,-0.165149
3241,6.11804,-0.165149
3242,5.63968,-0.643501
3243,5.63968,-0.643501
3244,5.63968,-0.643501
3245,5.63968,-0.643501
3246,5.63968,-0.643501
3247,6.03821,-0.244979
3248,6.03821,-0.244979
3249,6.03821,-0.244979
3250,6.03821,-0.244979
3251,5.69518,-0.588003
3252,5.69518,-0.588003
3253,5.69518,-0.588003
3254,6.03821,-0.244979
3255,6.03821,-0.244979
3256,6.03821,-0.244979
3257,6.03821,-0.244979
3258,5.90268,-0.380506
3259,5.90268,-0.380506
3260,5.90268,-0.380506
3261,5.90268,-0.380506
3262,6.05639,-0.226799
3263,6.05639,-0.226799
3264,6.05639,-0.226799
3265,6.05639,-0.226799
3266,6.05639,-0.226799
3267,6.05639,-0.226799
3268,6.05639,-0.226799
3269,6.05639,-0.226799
3270,6.05639,-0.226799
3271,6.05639,-0.226799
3272,6.18352,-0.0996687
3273,6.18352,-0.0996687
3274,6.18352,-0.0996687
3275,6.18352,-0.0996687
3276,6.18352,-0.0996687
3277,6.18352,-0.0996687
3278,6.18352,-0.0996687
3279,6.18352,-0.0996687
3280,6.18352,-0.0996687
3281,6.18352,-0.0996687
3282,6.13054,-0.152649
3283,6.13054,-0.152649
3284,6.13054,-0.152649
3285,6.13054,-0.152649
3286,6.13054,-0.152649
3287,6.13054,-0.152649
3288,6.13054,-0.152649
3289,6.00489,-0.2783
3290,6.00489,-0.2783
3291,6.00489,-0.2783
3292,6.00489,-0.2783
3293,6.00489,-0.2783
3294,6.22443,-0.0587558
3295,6.22443,-0.0587558
3296,6.22443,-0.0587558
3297,6.22443,-0.0587558
3298,6.22443,-0.0587558
3299,6.22443,-0.0587558
3300,6.22443,-0.0587558
3301,6.22443,-0.0587558
3302,6.22443,-0.0587558
3303,6.22443,-0.0587558
3304,6.22443,-0.0587558
3305,6.22443,-0.0587558
3306,6.22443,-0.0587558
3307,6.22443,-0.0587558
3308,6.22443,-0.0587558
3309,6.22443,-0.0587558
3310,6.22443,-0.0587558
3311,6.20336,-0.07983
3312,6.20336,-0.07983
3313,6.20336,-0.07983
3314,6.20336,-0.07983
3315,6.20336,-0.07983
3316,6.20336,-0.07983
3317,6.20336,-0.07983
3318,6.20336,-0.07983
3319,6.20336,-0.07983
3320,6.20336,-0.07983
3321,6.20336,-0.07983
3322,6.20336,-0.07983
3323,6.20336,-0.07983
3324,6.20336,-0.07983
3325,6.24474,-0.0384426
3326,6.24474,-0.0384426
3327,6.24474,-0.0384426
3328,6.24474,-0.0384426
3329,6.24474,-0.0384426
3330,6.24474,-0.0384426
3331,6.24474,-0.0384426
3332,6.24474,-0.0384426
3333,6.24474,-0.0384426
3334,6.24474,-0.0384426
3335,6.24474,-0.0384426
3336,6.24474,-0.0384426
3337,6.24474,-0.0384426
3338,6.24474,-0.0384426
3339,6.24474,-0.0384426
3340,6.24474,-0.0384426
3341,6.24474,-0.0384426
3342,6.24474,-0.0384426
3343,6.24474,-0.0384426
3344,6.24474,-0.0384426
3345,6.24474,-0.0384426
3346,6.24474,-0.0384426
3347,6.24474,-0.0384426
3348,6.24474,-0.0384426
3349,6.24474,-0.0384426
3350,6.24474,-0.0384426
3351,6.13054,-0.152649
3352,6.13054,-0.152649
3353,6.13054,-0.152649
3354,6.13054,-0.152649
3355,6.13054,-0.152649
3356,6.13054,-0.152649
3357,6.13054,-0.152649
3358,6.06452,-0.218669
3359,6.06452,-0.218669
3360,6.06452,-0.218669
3361,6.06452,-0.218669
3362,6.06452,-0.218669
3363,5.90268,-0.380506
3364,5.90268,-0.380506
3365,5.74277,-0.54042
3366,5.58845,-0.694738
3367,5.58845,-0.694738
3368,5.58845,-0.694738
3369,5.58845,-0.694738
3370,5.40713,-0.876058
3371,5.40713,-0.876058
3372,5.40713,-0.876058
3373,5.40713,-0.876058
3374,5.33264,-0.950547
3375,5.33264,-0.950547
3376,5.33264,-0.950547
3377,5.33264,-0.950547
3378,5.33264,-0.950547
3379,5.33264,-0.950547
3380,4.24874,-2.03444
3381,3.60524,-2.67795
3382,3.60524,-2.67795
3383,4.39064,-1.89255
3384,4.39064,-1.89255
3385,5.03414,-1.24905
3386,5.03414,-1.24905
3387,5.03414,-1.24905
3388,5.03414,-1.24905
3389,4.39064,-1.89255
3390,4.39064,-1.89255
3391,4.39064,-1.89255
3392,4.39064,-1.89255
3393,5.03414,-1.24905
3394,5.40713,-0.876058
3395,5.40713,-0.876058
3396,5.40713,-0.876058
3397,5.40713,-0.876058
3398,5.40713,-0.876058
3399,5.40713,-0.876058
3400,5.40713,-0.876058
3401,5.40713,-0.876058
3402,5.40713,-0.876058
3403,5.40713,-0.876058
3404,4.24874,-2.03444
3405,3.60524,-2.67795
3406,2.49809,2.49809
3407,2.49809,2.49809
3408,2.49809,2.49809
3409,2.49809,2.49809
3410,2.49809,2.49809
3411,2.49809,2.49809
3412,2.49809,2.49809
3413,4.39064,-1.89255
3414,4.39064,-1.89255
3415,5.0929,-1.19029
3416,5.0929,-1.19029
3417,5.0929,-1.19029
3418,5.0929,-1.19029
3419,5.0929,-1.19029
3420,4.95737,-1.32582
3421,4.95737,-1.32582
3422,4.46741,-1.81577
3423,4.46741,-1.81577
3424,4.46741,-1.81577
3425,4.46741,-1.81577
3426,5.25281,-1.03038
3427,5.25281,-1.03038
3428,5.25281,-1.03038
3429,5.25281,-1.03038
3430,5.33264,-0.950547
3431,5.33264,-0.950547
3432,5.33264,-0.950547
3433,5.33264,-0.950547
3434,5.33264,-0.950547
3435,5.33264,-0.950547
3436,5.33264,-0.950547
3437,5.33264,-0.950547
3438,5.33264,-0.950547
3439,5.33264,-0.950547
3440,5.33264,-0.950547
3441,4.24874,-2.03444
3442,3.46334,-2.81984
3443,3.46334,-2.81984
3444,3.46334,-2.81984
3445,3.46334,-2.81984
3446,5.49779,-0.785398
3447,5.49779,-0.785398
3448,5.49779,-0.785398
3449,5.49779,-0.785398
3450,4.12439,-2.1588
3451,4.12439,-2.1588
3452,4.12439,-2.1588
3453,4.39064,-1.89255
3454,4.39064,-1.89255
3455,5.03414,-1.24905
3456,5.38713,-0.896055
3457,5.38713,-0.896055
3458,5.38713,-0.896055
3459,5.38713,-0.896055
3460,5.38713,-0.896055
3461,5.38713,-0.896055
3462,5.38713,-0.896055
3463,5.38713,-0.896055
3464,3.92699,-2.35619
3465,3.92699,-2.35619
3466,3.92699,-2.35619
3467,3.92699,-2.35619
3468,5.35589,-0.927295
3469,5.35589,-0.927295
3470,5.35589,-0.927295
3471,5.35589,-0.927295
3472,5.35589,-0.927295
3473,5.35589,-0.927295
3474,4.24874,-2.03444
3475,4.24874,-2.03444
3476,2.67795,2.67795
3477,2.67795,2.67795
3478,3.60524,-2.67795
3479,4.24874,-2.03444
3480,5.30039,-0.982794
3481,5.30039,-0.982794
3482,5.69518,-0.588003
3483,5.69518,-0.588003
3484,5.69518,-0.588003
3485,5.03414,-1.24905
3486,5.03414,-1.24905
3487,4.39064,-1.89255
3488,3.46334,-2.81984
3489,3.46334,-2.81984
3490,3.46334,-2.81984
3491,4.39064,-1.89255
3492,4.39064,-1.89255
3493,5.03414,-1.24905
3494,5.30039,-0.982794
3495,5.30039,-0.982794
3496,5.30039,-0.982794
3497,5.03414,-1.24905
3498,5.03414,-1.24905
3499,4.39064,-1.89255
3500,4.39064,-1.89255
3501,4.39064,-1.89255
3502,4.39064,-1.89255
3503,5.0929,-1.19029
3504,5.0929,-1.19029
3505,5.0929,-1.19029
3506,5.0929,-1.19029
3507,5.0929,-1.19029
3508,5.0929,-1.19029
3509,4.24874,-2.03444
3510,3.60524,-2.67795
3511,3.60524,-2.67795
3512,4.39064,-1.89255
3513,4.39064,-1.89255
3514,4.90978,-1.3734
3515,4.90978,-1.3734
3516,4.90978,-1.3734
3517,4.90978,-1.3734
3518,4.90978,-1.3734
3519,4.51499,-1.76819
3520,4.51499,-1.76819
3521,4.51499,-1.76819
3522,4.51499,-1.76819
3523,4.51499,-1.76819
3524,5.03414,-1.24905
3525,5.03414,-1.24905
3526,5.03414,-1.24905
3527,5.03414,-1.24905
3528,5.03414,-1.24905
3529,5.03414,-1.24905
3530,5.03414,-1.24905
3531,4.46741,-1.81577
3532,4.46741,-1.81577
3533,4.46741,-1.81577
3534,4.46741,-1.81577
3535,4.95737,-1.32582
3536,4.95737,-1.32582
3537,5.30039,-0.982794
3538,5.30039,-0.982794
3539,5.30039,-0.982794
3540,5.30039,-0.982794
3541,4.12439,-2.1588
3542,4.12439,-2.1588
3543,4.12439,-2.1588
3544,4.12439,-2.1588
3545,4.39064,-1.89255
3546,4.39064,-1.89255
3547,5.03414,-1.24905
3548,5.35589,-0.927295
3549,5.35589,-0.927295
3550,5.35589,-0.927295
3551,5.35589,-0.927295
3552,5.35589,-0.927295
3553,5.35589,-0.927295
3554,4.39064,-1.89255
3555,4.39064,-1.89255
3556,4.39064,-1.89255
3557,5.03414,-1.24905
3558,5.42102,-0.86217
3559,5.42102,-0.86217
3560,5.42102,-0.86217
3561,5.42102,-0.86217
3562,5.42102,-0.86217
3563,5.42102,-0.86217
3564,5.42102,-0.86217
3565,5.42102,-0.86217
3566,5.42102,-0.86217
3567,5.42102,-0.86217
3568,5.42102,-0.86217
3569,5.42102,-0.86217
3570,3.92699,-2.35619
3571,2.81984,2.81984
3572,2.81984,2.81984
3573,2.81984,2.81984
3574,3.46334,-2.81984
3575,4.24874,-2.03444
3576,5.17604,-1.10715
3577,5.17604,-1.10715
3578,5.17604,-1.10715
3579,4.33188,-1.9513
3580,4.33188,-1.9513
3581,4.33188,-1.9513
3582,4.33188,-1.9513
3583,4.33188,-1.9513
3584,4.51499,-1.76819
3585,4.51499,-1.76819
3586,4.51499,-1.76819
3587,4.90978,-1.3734
3588,4.90978,-1.3734
3589,5.35589,-0.927295
3590,5.35589,-0.927295
3591,5.35589,-0.927295
3592,5.35589,-0.927295
3593,5.35589,-0.927295
3594,5.35589,-0.927295
3595,4.24874,-2.03444
3596,4.24874,-2.03444
3597,2.67795,2.67795
3598,2.67795,2.67795
3599,3.60524,-2.67795
3600,4.24874,-2.03444
3601,5.30039,-0.982794
3602,5.30039,-0.982794
3603,5.30039,-0.982794
3604,5.30039,-0.982794
3605,5.30039,-0.982794
3606,3.60524,-2.67795
3607,3.60524,-2.67795
3608,4.39064,-1.89255
3609,4.39064,-1.89255
3610,4.39064,-1.89255
3611,4.12439,-2.1588
3612,4.12439,-2.1588
3613,4.12439,-2.1588
3614,4.12439,-2.1588
3615,4.90978,-1.3734
3616,4.90978,-1.3734
3617,4.90978,-1.3734
3618,4.90978,-1.3734
3619,4.90978,-1.3734
3620,4.90978,-1.3734
3621,5.30039,-0.982794
3622,5.69518,-0.588003
3623,6.17253,-0.110657
3624,6.17253,-0.110657
3625,6.17253,-0.110657
3626,6.17253,-0.110657
3627,6.17253,-0.110657
3628,6.17253,-0.110657
3629,6.17253,-0.110657
3630,6.17253,-0.110657
3631,6.17253,-0.110657
3632,5.17604,-1.10715
3633,4.24874,-2.03444
3634,3.32145,-2.96174
3635,3.32145,-2.96174
3636,3.32145,-2.96174
3637,3.32145,-2.96174
3638,3.32145,-2.96174
3639,3.32145,-2.96174
3640,3.32145,-2.96174
3641,3.32145,-2.96174
3642,3.32145,-2.96174
3643,3.32145,-2.96174
3644,3.32145,-2.96174
3645,3.32145,-2.96174
3646,4.51499,-1.76819
3647,4.51499,-1.76819
3648,4.51499,-1.76819
3649,4.90978,-1.3734
3650,4.90978,-1.3734
3651,6.03821,-0.244979
3652,6.03821,-0.244979
3653,6.03821,-0.244979
3654,6.03821,-0.244979
3655,6.03821,-0.244979
3656,3.78509,-2.49809
3657,3.78509,-2.49809
3658,3.78509,-2.49809
3659,3.78509,-2.49809
3660,3.46334,-2.81984
3661,3.46334,-2.81984
3662,3.46334,-2.81984
3663,3.7296,-2.55359
3664,4.12439,-2.1588
3665,4.49372,-1.78947
3666,4.49372,-1.78947
3667,4.49372,-1.78947
3668,4.49372,-1.78947
3669,4.49372,-1.78947
3670,4.58803,-1.69515
3671,4.58803,-1.69515
3672,4.58803,-1.69515
3673,4.58803,-1.69515
3674,4.83674,-1.44644
3675,4.83674,-1.44644
3676,4.83674,-1.44644
3677,4.83674,-1.44644
3678,5.11728,-1.1659
3679,5.11728,-1.1659
3680,5.11728,-1.1659
3681,5.23154,-1.05165
3682,5.23154,-1.05165
3683,5.23154,-1.05165
3684,5.35589,-0.927295
3685,5.35589,-0.927295
3686,5.35589,-0.927295
3687,5.35589,-0.927295
3688,5.35589,-0.927295
3689,5.25281,-1.03038
3690,5.25281,-1.03038
3691,5.06116,-1.22203
3692,5.06116,-1.22203
3693,5.06116,-1.22203
3694,5.06116,-1.22203
3695,5.06116,-1.22203
3696,5.00385,-1.27934
3697,5.00385,-1.27934
3698,5.00385,-1.27934
3699,5.00385,-1.27934
3700,4.87754,-1.40565
3701,4.87754,-1.40565
3702,4.87754,-1.40565
3703,4.54724,-1.73595
3704,4.54724,-1.73595
3705,4.54724,-1.73595
3706,4.43409,-1.8491
3707,4.43409,-1.8491
3708,4.35362,-1.92957
3709,4.35362,-1.92957
3710,4.35362,-1.92957
3711,4.35362,-1.92957
3712,4.17197,-2.11122
3713,4.17197,-2.11122
3714,4.17197,-2.11122
3715,4.17197,-2.11122
3716,4.17197,-2.11122
3717,4.17197,-2.11122
3718,4.33188,-1.9513
3719,4.33188,-1.9513
3720,4.33188,-1.9513
3721,4.33188,-1.9513
