n,tangent,t2
0,4.95737,-1.32582
1,4.95737,-1.32582
2,4.95737,-1.32582
3,4.95737,-1.32582
4,4.95737,-1.32582
5,4.95737,-1.32582
6,4.95737,-1.32582
7,4.95737,-1.32582
8,4.95737,-1.32582
9,5.11728,-1.1659
10,5.11728,-1.1659
11,5.11728,-1.1659
12,5.11728,-1.1659
13,5.11728,-1.1659
14,5.11728,-1.1659
15,5.11728,-1.1659
16,5.11728,-1.1659
17,5.11728,-1.1659
18,5.11728,-1.1659
19,5.11728,-1.1659
20,5.11728,-1.1659
21,5.27099,-1.0122
22,5.27099,-1.0122
23,5.27099,-1.0122
24,5.27099,-1.0122
25,5.33264,-0.950547
26,5.33264,-0.950547
27,5.43122,-0.851966
28,5.43122,-0.851966
29,5.43122,-0.851966
30,5.43122,-0.851966
31,5.43122,-0.851966
32,5.43122,-0.851966
33,5.56436,-0.71883
34,5.56436,-0.71883
35,5.56436,-0.71883
36,5.56436,-0.71883
37,5.56436,-0.71883
38,5.56436,-0.71883
39,5.59746,-0.68573
40,5.59746,-0.68573
41,5.59746,-0.68573
42,5.59746,-0.68573
43,5.59746,-0.68573
44,5.59746,-0.68573
45,5.59746,-0.68573
46,5.59746,-0.68573
47,5.59746,-0.68573
48,5.66294,-0.620249
49,5.66294,-0.620249
50,5.66294,-0.620249
51,5.66294,-0.620249
52,5.66294,-0.620249
53,5.92441,-0.358771
54,5.92441,-0.358771
55,5.92441,-0.358771
56,5.92441,-0.358771
57,5.92441,-0.358771
58,5.92441,-0.358771
59,5.92441,-0.358771
60,5.87829,-0.404892
61,5.87829,-0.404892
62,5.87829,-0.404892
63,5.87829,-0.404892
64,5.87829,-0.404892
65,5.87829,-0.404892
66,5.87829,-0.404892
67,5.87829,-0.404892
68,5.87829,-0.404892
69,5.87829,-0.404892
70,5.87829,-0.404892
71,5.87829,-0.404892
72,5.87829,-0.404892
73,5.87829,-0.404892
74,5.87829,-0.404892
75,5.87829,-0.404892
76,5.87829,-0.404892
77,5.87829,-0.404892
78,5.87829,-0.404892
79,5.87829,-0.404892
80,5.87829,-0.404892
81,5.87829,-0.404892
82,5.87829,-0.404892
83,5.87829,-0.404892
84,5.87829,-0.404892
85,5.87829,-0.404892
86,5.87829,-0.404892
87,6.08579,-0.197396
88,6.08579,-0.197396
89,6.08579,-0.197396
90,6.08579,-0.197396
91,6.08579,-0.197396
92,6.00489,-0.2783
93,6.00489,-0.2783
94,5.92441,-0.358771
95,5.92441,-0.358771
96,5.87077,-0.41241
97,5.87077,-0.41241
98,5.87077,-0.41241
99,5.87077,-0.41241
100,5.87077,-0.41241
101,5.87077,-0.41241
102,5.87077,-0.41241
103,5.87077,-0.41241
104,5.87077,-0.41241
105,5.87077,-0.41241
106,5.87077,-0.41241
107,5.87077,-0.41241
108,5.87077,-0.41241
109,5.87077,-0.41241
110,5.87077,-0.41241
111,5.77609,-0.507099
112,5.77609,-0.507099
113,5.77609,-0.507099
114,5.77609,-0.507099
115,5.58845,-0.694738
116,5.58845,-0.694738
117,5.58845,-0.694738
118,5.58845,-0.694738
119,5.58845,-0.694738
120,5.58845,-0.694738
121,5.58845,-0.694738
122,5.58845,-0.694738
123,5.58845,-0.694738
124,5.66294,-0.620249
125,5.66294,-0.620249
126,5.66294,-0.620249
127,5.72459,-0.558599
128,5.72459,-0.558599
129,5.72459,-0.558599
130,5.72459,-0.558599
131,5.90268,-0.380506
132,6.20004,-0.0831412
133,6.20004,-0.0831412
134,6.20004,-0.0831412
135,6.20004,-0.0831412
136,6.20004,-0.0831412
137,6.20004,-0.0831412
138,6.20004,-0.0831412
139,6.20004,-0.0831412
140,6.20004,-0.0831412
141,6.20004,-0.0831412
142,6.20004,-0.0831412
143,6.20004,-0.0831412
144,5.86496,-0.418224
145,5.86496,-0.418224
146,5.86496,-0.418224
147,5.86496,-0.418224
148,5.86496,-0.418224
149,5.77609,-0.507099
150,5.77609,-0.507099
151,5.77609,-0.507099
152,5.77609,-0.507099
153,5.77609,-0.507099
154,5.77609,-0.507099
155,5.77609,-0.507099
156,5.90268,-0.380506
157,5.90268,-0.380506
158,5.90268,-0.380506
159,5.90268,-0.380506
160,5.90268,-0.380506
161,5.90268,-0.380506
162,5.90268,-0.380506
163,5.90268,-0.380506
164,5.90268,-0.380506
165,5.90268,-0.380506
166,5.74277,-0.54042
167,5.74277,-0.54042
168,5.74277,-0.54042
169,5.74277,-0.54042
170,5.74277,-0.54042
171,5.92441,-0.358771
172,5.92441,-0.358771
173,5.92441,-0.358771
174,6.00489,-0.2783
175,6.00489,-0.2783
176,6.08579,-0.197396
177,6.08579,-0.197396
178,6.08579,-0.197396
179,6.08579,-0.197396
180,6.08579,-0.197396
181,5.99173,-0.291457
182,5.99173,-0.291457
183,5.99173,-0.291457
184,5.99173,-0.291457
185,5.93019,-0.35299
186,5.93019,-0.35299
187,5.93019,-0.35299
188,5.93019,-0.35299
189,5.93019,-0.35299
190,5.93019,-0.35299
191,5.93019,-0.35299
192,5.93019,-0.35299
193,5.93019,-0.35299
194,5.93019,-0.35299
195,5.93019,-0.35299
196,5.93019,-0.35299
197,5.93019,-0.35299
198,5.93019,-0.35299
199,5.93019,-0.35299
200,5.86496,-0.418224
201,5.86496,-0.418224
202,5.86496,-0.418224
203,5.86496,-0.418224
204,5.86496,-0.418224
205,5.86496,-0.418224
206,5.86496,-0.418224
207,5.86496,-0.418224
208,5.86496,-0.418224
209,5.86496,-0.418224
210,5.92441,-0.358771
211,5.92441,-0.358771
212,5.92441,-0.358771
213,5.92441,-0.358771
214,5.92441,-0.358771
215,5.92441,-0.358771
216,5.92441,-0.358771
217,5.92441,-0.358771
218,5.92441,-0.358771
219,5.92441,-0.358771
220,5.92441,-0.358771
221,5.92441,-0.358771
222,5.92441,-0.358771
223,6.00489,-0.2783
224,6.00489,-0.2783
225,6.11804,-0.165149
226,6.11804,-0.165149
227,6.11804,-0.165149
228,0.179853,0.179853
229,0.179853,0.179853
230,0.179853,0.179853
231,0.179853,0.179853
232,0.179853,0.179853
233,0.179853,0.179853
234,0.179853,0.179853
235,0.179853,0.179853
236,0.179853,0.179853
237,0.2783,0.2783
238,0.2783,0.2783
239,0.2783,0.2783
240,0.2783,0.2783
241,0.507099,0.507099
242,0.507099,0.507099
243,0.507099,0.507099
244,0.507099,0.507099
245,0.507099,0.507099
246,0.507099,0.507099
247,0.507099,0.507099
248,0.507099,0.507099
249,0.507099,0.507099
250,0.507099,0.507099
251,0.507099,0.507099
252,0.507099,0.507099
253,0.507099,0.507099
254,0.507099,0.507099
255,0.71883,0.71883
256,0.71883,0.71883
257,0.71883,0.71883
258,0.71883,0.71883
259,0.71883,0.71883
260,0.71883,0.71883
261,0.832981,0.832981
262,0.832981,0.832981
263,0.832981,0.832981
264,0.832981,0.832981
265,0.832981,0.832981
266,0.832981,0.832981
267,0.832981,0.832981
268,0.832981,0.832981
269,0.832981,0.832981
270,0.832981,0.832981
271,0.832981,0.832981
272,0.832981,0.832981
273,0.832981,0.832981
274,0.832981,0.832981
275,0.832981,0.832981
276,0.832981,0.832981
277,0.832981,0.832981
278,0.832981,0.832981
279,0.832981,0.832981
280,0.832981,0.832981
281,0.832981,0.832981
282,0.832981,0.832981
283,0.832981,0.832981
284,0.832981,0.832981
285,0.832981,0.832981
286,0.832981,0.832981
287,0.832981,0.832981
288,0.950547,0.950547
289,0.950547,0.950547
290,0.950547,0.950547
291,0.950547,0.950547
292,0.950547,0.950547
293,1.24905,1.24905
294,1.24905,1.24905
295,1.24905,1.24905
296,1.05165,1.05165
297,1.05165,1.05165
298,1.05165,1.05165
299,1.05165,1.05165
300,1.05165,1.05165
301,1.05165,1.05165
302,1.05165,1.05165
303,1.05165,1.05165
304,1.05165,1.05165
305,1.05165,1.05165
306,1.05165,1.05165
307,1.05165,1.05165
308,1.05165,1.05165
309,1.05165,1.05165
310,1.19029,1.19029
311,1.19029,1.19029
312,1.19029,1.19029
313,1.19029,1.19029
314,1.19029,1.19029
315,1.00407,1.00407
316,1.00407,1.00407
317,1.00407,1.00407
318,1.00407,1.00407
319,1.00407,1.00407
320,1.00407,1.00407
321,1.00407,1.00407
322,1.00407,1.00407
323,1.00407,1.00407
324,1.00407,1.00407
325,1.00407,1.00407
326,1.00407,1.00407
327,1.00407,1.00407
328,1.00407,1.00407
329,1.19029,1.19029
330,1.19029,1.19029
331,1.19029,1.19029
332,1.19029,1.19029
333,1.19029,1.19029
334,1.05165,1.05165
335,1.05165,1.05165
336,1.05165,1.05165
337,1.05165,1.05165
338,1.05165,1.05165
339,1.05165,1.05165
340,1.05165,1.05165
341,1.05165,1.05165
342,1.05165,1.05165
343,1.05165,1.05165
344,1.05165,1.05165
345,1.05165,1.05165
346,0.950547,0.950547
347,0.950547,0.950547
348,0.950547,0.950547
349,0.950547,0.950547
350,0.950547,0.950547
351,0.950547,0.950547
352,0.950547,0.950547
353,0.950547,0.950547
354,0.950547,0.950547
355,0.950547,0.950547
356,1.2925,1.2925
357,1.2925,1.2925
358,1.2925,1.2925
359,1.2925,1.2925
360,1.2925,1.2925
361,1.2925,1.2925
362,1.21203,1.21203
363,1.21203,1.21203
364,1.1659,1.1659
365,1.1659,1.1659
366,1.1659,1.1659
367,1.05165,1.05165
368,1.05165,1.05165
369,1.05165,1.05165
370,0.96007,0.96007
371,0.96007,0.96007
372,0.96007,0.96007
373,0.96007,0.96007
374,0.96007,0.96007
375,0.96007,0.96007
376,0.96007,0.96007
377,0.96007,0.96007
378,0.96007,0.96007
379,0.96007,0.96007
380,1.00407,1.00407
381,1.00407,1.00407
382,1.00407,1.00407
383,1.00407,1.00407
384,1.00407,1.00407
385,1.0637,1.0637
386,1.0637,1.0637
387,1.0637,1.0637
388,1.0637,1.0637
389,1.0637,1.0637
390,1.15257,1.15257
391,1.15257,1.15257
392,1.15257,1.15257
393,1.15257,1.15257
394,1.17601,1.17601
395,1.17601,1.17601
396,1.17601,1.17601
397,1.17601,1.17601
398,1.20362,1.20362
399,1.20362,1.20362
400,1.20362,1.20362
401,1.22777,1.22777
402,1.22777,1.22777
403,1.22777,1.22777
404,1.22777,1.22777
405,1.22777,1.22777
406,1.22777,1.22777
407,1.22777,1.22777
408,1.22777,1.22777
409,1.22777,1.22777
410,1.22777,1.22777
411,1.22777,1.22777
412,1.22777,1.22777
413,1.22777,1.22777
414,1.22777,1.22777
415,1.22777,1.22777
416,1.13417,1.13417
417,1.13417,1.13417
418,1.13417,1.13417
419,1.13417,1.13417
420,1.13417,1.13417
421,1.13417,1.13417
422,1.13417,1.13417
423,1.13417,1.13417
424,1.13417,1.13417
425,1.13417,1.13417
426,1.13417,1.13417
427,1.13417,1.13417
428,1.13417,1.13417
429,1.13417,1.13417
430,1.13417,1.13417
431,1.13417,1.13417
432,1.13417,1.13417
433,1.13417,1.13417
434,1.13417,1.13417
435,1.21203,1.21203
436,1.21203,1.21203
437,1.2925,1.2925
438,1.2925,1.2925
439,1.33971,1.33971
440,1.33971,1.33971
441,1.33971,1.33971
442,1.33971,1.33971
443,1.33971,1.33971
444,1.33971,1.33971
445,1.33971,1.33971
446,1.33971,1.33971
447,1.33971,1.33971
448,1.33971,1.33971
449,1.33971,1.33971
450,1.33971,1.33971
451,1.33971,1.33971
452,1.31347,1.31347
453,1.31347,1.31347
454,1.31347,1.31347
455,1.31347,1.31347
456,1.31347,1.31347
457,1.31347,1.31347
458,1.31347,1.31347
459,1.31347,1.31347
460,1.31347,1.31347
461,1.21203,1.21203
462,1.21203,1.21203
463,1.14417,1.14417
464,1.14417,1.14417
465,1.14417,1.14417
466,1.14417,1.14417
467,1.14417,1.14417
468,1.14417,1.14417
469,1.14417,1.14417
470,1.14417,1.14417
471,1.14417,1.14417
472,1.14417,1.14417
473,1.14417,1.14417
474,1.14417,1.14417
475,1.14417,1.14417
476,1.14417,1.14417
477,1.14417,1.14417
478,1.14417,1.14417
479,0.463648,0.463648
480,0.463648,0.463648
481,1.1659,1.1659
482,1.1659,1.1659
483,1.1659,1.1659
484,1.1659,1.1659
485,1.1659,1.1659
486,1.1659,1.1659
487,1.0637,1.0637
488,1.0637,1.0637
489,1.0637,1.0637
490,1.0637,1.0637
491,1.0637,1.0637
492,1.0637,1.0637
493,1.0637,1.0637
494,1.0637,1.0637
495,1.0637,1.0637
496,1.0637,1.0637
497,1.0637,1.0637
498,1.15257,1.15257
499,1.15257,1.15257
500,1.15257,1.15257
501,1.15257,1.15257
502,1.15257,1.15257
503,1.15257,1.15257
504,1.15257,1.15257
505,1.15257,1.15257
506,1.15257,1.15257
507,1.15257,1.15257
508,1.15257,1.15257
509,1.15257,1.15257
510,1.15257,1.15257
511,1.15257,1.15257
512,1.15257,1.15257
513,1.15257,1.15257
514,1.15257,1.15257
515,1.22777,1.22777
516,1.22777,1.22777
517,1.22777,1.22777
518,1.22777,1.22777
519,1.22777,1.22777
520,1.22777,1.22777
521,1.2723,1.2723
522,1.2723,1.2723
523,1.2723,1.2723
524,1.2723,1.2723
525,1.2723,1.2723
526,1.2723,1.2723
527,1.30454,1.30454
528,1.30454,1.30454
529,1.30454,1.30454
530,1.30454,1.30454
531,1.30454,1.30454
532,1.30454,1.30454
533,1.30454,1.30454
534,1.30454,1.30454
535,1.30454,1.30454
536,1.30454,1.30454
537,1.30454,1.30454
538,1.30454,1.30454
539,1.30454,1.30454
540,1.30454,1.30454
541,1.30454,1.30454
542,1.30454,1.30454
543,1.30454,1.30454
544,1.30454,1.30454
545,1.13839,1.13839
546,1.13839,1.13839
547,1.13839,1.13839
548,1.13839,1.13839
549,1.13839,1.13839
550,1.13839,1.13839
551,1.13839,1.13839
552,1.13839,1.13839
553,1.07685,1.07685
554,1.07685,1.07685
555,1.07685,1.07685
556,1.07685,1.07685
557,1.07685,1.07685
558,1.07685,1.07685
559,1.07685,1.07685
560,1.04272,1.04272
561,1.04272,1.04272
562,1.04272,1.04272
563,1.04272,1.04272
564,1.04272,1.04272
565,1.04272,1.04272
566,1.04272,1.04272
567,1.04272,1.04272
568,0.927295,0.927295
569,0.927295,0.927295
570,0.927295,0.927295
571,0.927295,0.927295
572,0.927295,0.927295
573,1.03038,1.03038
574,1.03038,1.03038
575,1.03038,1.03038
576,1.03038,1.03038
577,1.03038,1.03038
578,0.927295,0.927295
579,0.927295,0.927295
580,0.927295,0.927295
581,0.927295,0.927295
582,0.927295,0.927295
583,1.13095,1.13095
584,1.13095,1.13095
585,1.13095,1.13095
586,1.13095,1.13095
587,1.13095,1.13095
588,1.13095,1.13095
589,1.13095,1.13095
590,1.13095,1.13095
591,1.13095,1.13095
592,1.13095,1.13095
593,1.13095,1.13095
594,1.13095,1.13095
595,1.13095,1.13095
596,1.13095,1.13095
597,1.13095,1.13095
598,1.13095,1.13095
599,1.13095,1.13095
600,1.13095,1.13095
601,1.13095,1.13095
602,1.13095,1.13095
603,1.13095,1.13095
604,1.13095,1.13095
605,1.13095,1.13095
606,1.13095,1.13095
607,1.13095,1.13095
608,1.13095,1.13095
609,1.13095,1.13095
610,1.13095,1.13095
611,1.07145,1.07145
612,1.07145,1.07145
613,1.07145,1.07145
614,1.07145,1.07145
615,1.07145,1.07145
616,1.07145,1.07145
617,1.07145,1.07145
618,1.07145,1.07145
619,1.07145,1.07145
620,1.07145,1.07145
621,1.07145,1.07145
622,1.07145,1.07145
623,1.07145,1.07145
624,1.07145,1.07145
625,1.07145,1.07145
626,1.07145,1.07145
627,1.07145,1.07145
628,1.0122,1.0122
629,1.0122,1.0122
630,1.0122,1.0122
631,1.0122,1.0122
632,1.0122,1.0122
633,1.0122,1.0122
634,1.0122,1.0122
635,1.0122,1.0122
636,1.05165,1.05165
637,1.05165,1.05165
638,1.05165,1.05165
639,1.1659,1.1659
640,1.1659,1.1659
641,1.1659,1.1659
642,1.2925,1.2925
643,1.2925,1.2925
644,1.2925,1.2925
645,1.2925,1.2925
646,1.2925,1.2925
647,1.2925,1.2925
648,1.21203,1.21203
649,1.21203,1.21203
650,1.1659,1.1659
651,1.1659,1.1659
652,1.1659,1.1659
653,1.1659,1.1659
654,1.1659,1.1659
655,1.1659,1.1659
656,1.1659,1.1659
657,1.21203,1.21203
658,1.21203,1.21203
659,1.21203,1.21203
660,1.21203,1.21203
661,1.21203,1.21203
662,1.21203,1.21203
663,1.21203,1.21203
664,1.14103,1.14103
665,1.14103,1.14103
666,1.14103,1.14103
667,1.14103,1.14103
668,1.14103,1.14103
669,1.14103,1.14103
670,1.14103,1.14103
671,1.14103,1.14103
672,1.14103,1.14103
673,1.14103,1.14103
674,1.14103,1.14103
675,1.14103,1.14103
676,1.14103,1.14103
677,1.14103,1.14103
678,1.14103,1.14103
679,1.14103,1.14103
680,1.14103,1.14103
681,1.14103,1.14103
682,1.14103,1.14103
683,1.14103,1.14103
684,1.14103,1.14103
685,1.14103,1.14103
686,1.14103,1.14103
687,1.14103,1.14103
688,1.14103,1.14103
689,1.14103,1.14103
690,1.14103,1.14103
691,1.14103,1.14103
692,1.14103,1.14103
693,1.14103,1.14103
694,1.14103,1.14103
695,1.14103,1.14103
696,1.14103,1.14103
697,1.14103,1.14103
698,1.14103,1.14103
699,1.14103,1.14103
700,1.14103,1.14103
701,1.14103,1.14103
702,1.14103,1.14103
703,1.14103,1.14103
704,1.14103,1.14103
705,1.07145,1.07145
706,1.07145,1.07145
707,1.07145,1.07145
708,1.07145,1.07145
709,1.07145,1.07145
710,1.07145,1.07145
711,0.927295,0.927295
712,0.927295,0.927295
713,0.927295,0.927295
714,0.927295,0.927295
715,0.927295,0.927295
716,1.32582,1.32582
717,1.32582,1.32582
718,1.32582,1.32582
719,1.32582,1.32582
720,1.17601,1.17601
721,1.17601,1.17601
722,1.17601,1.17601
723,1.17601,1.17601
724,1.17601,1.17601
725,1.17601,1.17601
726,1.17601,1.17601
727,1.14794,1.14794
728,1.14794,1.14794
729,1.14794,1.14794
730,1.14794,1.14794
731,1.14794,1.14794
732,1.14794,1.14794
733,1.14794,1.14794
734,1.14794,1.14794
735,1.14794,1.14794
736,1.14794,1.14794
737,1.14794,1.14794
738,1.14794,1.14794
739,1.14794,1.14794
740,1.13417,1.13417
741,1.13417,1.13417
742,1.13417,1.13417
743,1.13417,1.13417
744,1.13417,1.13417
745,1.13417,1.13417
746,1.13417,1.13417
747,1.13417,1.13417
748,1.13417,1.13417
749,1.13417,1.13417
750,1.13417,1.13417
751,1.13417,1.13417
752,1.13417,1.13417
753,1.13417,1.13417
754,1.13417,1.13417
755,1.13417,1.13417
756,1.13417,1.13417
757,1.13417,1.13417
758,1.13417,1.13417
759,1.13417,1.13417
760,1.13417,1.13417
761,1.13417,1.13417
762,1.0122,1.0122
763,1.0122,1.0122
764,1.0122,1.0122
765,1.0122,1.0122
766,1.0122,1.0122
767,1.0122,1.0122
768,1.0122,1.0122
769,1.0122,1.0122
770,1.07685,1.07685
771,1.07685,1.07685
772,1.07685,1.07685
773,1.07685,1.07685
774,1.07685,1.07685
775,1.07685,1.07685
776,1.07685,1.07685
777,1.07685,1.07685
778,1.13839,1.13839
779,1.13839,1.13839
780,1.13839,1.13839
781,1.13839,1.13839
782,1.13839,1.13839
783,1.13839,1.13839
784,1.13839,1.13839
785,1.15839,1.15839
786,1.15839,1.15839
787,1.15839,1.15839
788,1.15839,1.15839
789,1.15839,1.15839
790,1.15839,1.15839
791,1.15839,1.15839
792,1.15839,1.15839
793,1.15839,1.15839
794,1.15839,1.15839
795,1.21203,1.21203
796,1.21203,1.21203
797,1.21203,1.21203
798,1.21203,1.21203
799,1.21203,1.21203
800,1.21203,1.21203
801,1.21203,1.21203
802,1.1659,1.1659
803,1.1659,1.1659
804,1.1659,1.1659
805,1.1659,1.1659
806,1.1659,1.1659
807,1.1659,1.1659
808,1.1659,1.1659
809,1.1659,1.1659
810,1.1659,1.1659
811,1.1659,1.1659
812,1.1659,1.1659
813,1.1659,1.1659
814,1.1659,1.1659
815,1.1659,1.1659
816,1.1659,1.1659
817,1.1659,1.1659
818,1.1659,1.1659
819,1.2925,1.2925
820,1.2925,1.2925
821,1.2925,1.2925
822,1.2925,1.2925
823,1.2925,1.2925
824,1.2925,1.2925
825,1.2925,1.2925
826,1.2925,1.2925
827,1.2925,1.2925
828,1.49949,1.49949
829,1.49949,1.49949
830,1.49949,1.49949
831,1.49949,1.49949
832,1.49949,1.49949
833,1.49949,1.49949
834,1.49949,1.49949
835,1.49949,1.49949
836,1.49949,1.49949
837,1.49949,1.49949
838,1.49949,1.49949
839,1.49949,1.49949
840,1.49949,1.49949
841,1.49949,1.49949
842,1.35213,1.35213
843,1.35213,1.35213
844,1.35213,1.35213
845,1.30454,1.30454
846,1.30454,1.30454
847,1.30454,1.30454
848,1.30454,1.30454
849,1.21203,1.21203
850,1.21203,1.21203
851,1.21203,1.21203
852,1.21203,1.21203
853,1.21203,1.21203
854,1.21203,1.21203
855,1.21203,1.21203
856,1.21203,1.21203
857,1.21203,1.21203
858,1.21203,1.21203
859,1.21203,1.21203
860,1.21203,1.21203
861,1.89255,1.89255
862,1.89255,1.89255
863,1.89255,1.89255
864,1.89255,1.89255
865,1.4289,1.4289
866,1.4289,1.4289
867,1.4289,1.4289
868,1.4289,1.4289
869,1.4289,1.4289
870,1.4289,1.4289
871,1.4289,1.4289
872,1.4289,1.4289
873,1.4289,1.4289
874,1.35213,1.35213
875,1.35213,1.35213
876,1.35213,1.35213
877,1.35213,1.35213
878,1.35213,1.35213
879,1.21203,1.21203
880,1.21203,1.21203
881,1.21203,1.21203
882,1.21203,1.21203
883,1.21203,1.21203
884,1.21203,1.21203
885,1.2925,1.2925
886,1.2925,1.2925
887,1.47113,1.47113
888,1.47113,1.47113
889,1.47113,1.47113
890,1.47113,1.47113
891,1.47113,1.47113
892,1.67046,1.67046
893,1.67046,1.67046
894,1.67046,1.67046
895,1.67046,1.67046
896,1.67046,1.67046
897,1.8491,1.8491
898,1.8491,1.8491
899,1.92957,1.92957
900,1.92957,1.92957
901,1.92957,1.92957
902,1.92957,1.92957
903,2.11122,2.11122
904,2.2143,2.2143
905,2.2143,2.2143
906,2.2143,2.2143
907,2.2143,2.2143
908,2.2143,2.2143
909,2.2143,2.2143
910,2.2143,2.2143
911,2.2143,2.2143
912,2.2143,2.2143
913,2.49809,2.49809
914,2.49809,2.49809
915,2.62245,2.62245
916,2.62245,2.62245
917,2.62245,2.62245
918,2.7367,2.7367
919,2.7367,2.7367
920,2.7367,2.7367
921,2.9997,2.9997
922,2.9997,2.9997
923,2.9997,2.9997
924,2.9997,2.9997
925,3.28349,-2.9997
926,3.28349,-2.9997
927,3.28349,-2.9997
928,3.41989,-2.86329
929,3.41989,-2.86329
930,3.50036,-2.78282
931,3.50036,-2.78282
932,3.50036,-2.78282
933,3.50036,-2.78282
934,3.68201,-2.60117
935,3.83633,-2.44685
936,3.83633,-2.44685
937,3.83633,-2.44685
938,3.83633,-2.44685
939,3.83633,-2.44685
940,3.83633,-2.44685
941,3.83633,-2.44685
942,3.83633,-2.44685
943,3.83633,-2.44685
944,3.83633,-2.44685
945,3.83633,-2.44685
946,4.06889,-2.2143
947,4.06889,-2.2143
948,4.06889,-2.2143
949,4.06889,-2.2143
950,3.74714,-2.53605
951,3.74714,-2.53605
952,3.74714,-2.53605
953,3.74714,-2.53605
954,3.74714,-2.53605
955,3.74714,-2.53605
956,3.74714,-2.53605
957,3.74714,-2.53605
958,3.74714,-2.53605
959,3.74714,-2.53605
960,3.71293,-2.57026
961,3.71293,-2.57026
962,3.71293,-2.57026
963,3.71293,-2.57026
964,3.71293,-2.57026
965,3.71293,-2.57026
966,3.71293,-2.57026
967,3.66074,-2.62245
968,3.66074,-2.62245
969,3.66074,-2.62245
970,3.53638,-2.7468
971,3.53638,-2.7468
972,3.53638,-2.7468
973,3.53638,-2.7468
974,3.53638,-2.7468
975,3.53638,-2.7468
976,3.53638,-2.7468
977,3.53638,-2.7468
978,3.53638,-2.7468
979,3.53638,-2.7468
980,3.20816,-3.07502
981,3.20816,-3.07502
982,3.20816,-3.07502
983,3.20816,-3.07502
984,3.20816,-3.07502
985,3.20816,-3.07502
986,3.20816,-3.07502
987,3.20816,-3.07502
988,3.07502,3.07502
989,3.07502,3.07502
990,3.07502,3.07502
991,3.07502,3.07502
992,3.07502,3.07502
993,3.07502,3.07502
994,3.07502,3.07502
995,2.86329,2.86329
996,2.86329,2.86329
997,2.86329,2.86329
998,2.86329,2.86329
999,2.86329,2.86329
1000,2.86329,2.86329
1001,2.86329,2.86329
1002,2.86329,2.86329
1003,2.86329,2.86329
1004,2.86329,2.86329
1005,2.86329,2.86329
1006,2.86329,2.86329
1007,2.86329,2.86329
1008,2.53087,2.53087
1009,2.53087,2.53087
1010,2.53087,2.53087
1011,2.53087,2.53087
1012,2.53087,2.53087
1013,2.53087,2.53087
1014,2.53087,2.53087
1015,2.53087,2.53087
1016,2.53087,2.53087
1017,2.53087,2.53087
1018,2.53087,2.53087
1019,2.53087,2.53087
1020,2.53087,2.53087
1021,2.53087,2.53087
1022,2.53087,2.53087
1023,2.53087,2.53087
1024,2.53087,2.53087
1025,2.53087,2.53087
1026,2.58299,2.58299
1027,2.58299,2.58299
1028,2.65469,2.65469
1029,2.65469,2.65469
1030,2.65469,2.65469
1031,2.65469,2.65469
1032,2.65469,2.65469
1033,2.65469,2.65469
1034,2.65469,2.65469
1035,2.65469,2.65469
1036,2.65469,2.65469
1037,2.65469,2.65469
1038,2.65469,2.65469
1039,2.70175,2.70175
1040,2.70175,2.70175
1041,2.70175,2.70175
1042,2.70175,2.70175
1043,2.70175,2.70175
1044,2.70175,2.70175
1045,2.70175,2.70175
1046,2.70175,2.70175
1047,2.70175,2.70175
1048,2.70175,2.70175
1049,2.72918,2.72918
1050,2.72918,2.72918
1051,2.72918,2.72918
1052,2.72918,2.72918
1053,2.72918,2.72918
1054,2.72918,2.72918
1055,2.72918,2.72918
1056,2.72918,2.72918
1057,2.72918,2.72918
1058,2.72918,2.72918
1059,3.03094,3.03094
1060,3.03094,3.03094
1061,3.03094,3.03094
1062,3.03094,3.03094
1063,3.03094,3.03094
1064,3.03094,3.03094
1065,3.03094,3.03094
1066,3.03094,3.03094
1067,3.03094,3.03094
1068,2.43297,2.43297
1069,2.43297,2.43297
1070,2.43297,2.43297
1071,2.43297,2.43297
1072,2.43297,2.43297
1073,2.43297,2.43297
1074,2.43297,2.43297
1075,2.43297,2.43297
1076,2.43297,2.43297
1077,2.43297,2.43297
1078,2.43297,2.43297
1079,2.53087,2.53087
1080,2.53087,2.53087
1081,2.53087,2.53087
1082,2.53087,2.53087
1083,2.53087,2.53087
1084,2.57486,2.57486
1085,2.57486,2.57486
1086,2.57486,2.57486
1087,2.57486,2.57486
1088,2.57486,2.57486
1089,2.65164,2.65164
1090,2.65164,2.65164
1091,2.65164,2.65164
1092,2.65164,2.65164
1093,2.65164,2.65164
1094,2.65164,2.65164
1095,2.65164,2.65164
1096,2.65164,2.65164
1097,2.65164,2.65164
1098,2.70497,2.70497
1099,2.70497,2.70497
1100,2.70497,2.70497
1101,2.70497,2.70497
1102,2.70497,2.70497
1103,2.70497,2.70497
1104,2.70497,2.70497
1105,2.70497,2.70497
1106,2.70497,2.70497
1107,2.78282,2.78282
1108,2.78282,2.78282
1109,2.78282,2.78282
1110,2.78282,2.78282
1111,2.78282,2.78282
1112,2.78282,2.78282
1113,2.78282,2.78282
1114,2.72337,2.72337
1115,2.72337,2.72337
1116,2.72337,2.72337
1117,2.72337,2.72337
1118,2.72337,2.72337
1119,2.63449,2.63449
1120,2.63449,2.63449
1121,2.63449,2.63449
1122,2.63449,2.63449
1123,2.63449,2.63449
1124,2.63449,2.63449
1125,2.63449,2.63449
1126,2.81984,2.81984
1127,2.81984,2.81984
1128,2.81984,2.81984
1129,2.55359,2.55359
1130,2.55359,2.55359
1131,2.55359,2.55359
1132,2.92292,2.92292
1133,2.92292,2.92292
1134,2.92292,2.92292
1135,2.92292,2.92292
1136,2.92292,2.92292
1137,3.04192,3.04192
1138,3.04192,3.04192
1139,3.04192,3.04192
1140,3.04192,3.04192
1141,3.04192,3.04192
1142,3.24126,-3.04192
1143,3.24126,-3.04192
1144,3.24126,-3.04192
1145,3.24126,-3.04192
1146,3.24126,-3.04192
1147,3.41989,-2.86329
1148,3.41989,-2.86329
1149,3.41989,-2.86329
1150,3.41989,-2.86329
1151,3.41989,-2.86329
1152,3.41989,-2.86329
1153,3.41989,-2.86329
1154,3.41989,-2.86329
1155,3.41989,-2.86329
1156,3.54648,-2.7367
1157,3.54648,-2.7367
1158,3.54648,-2.7367
1159,3.66074,-2.62245
1160,3.66074,-2.62245
1161,3.66074,-2.62245
1162,3.85022,-2.43297
1163,3.85022,-2.43297
1164,3.85022,-2.43297
1165,3.85022,-2.43297
1166,3.85022,-2.43297
1167,4.00376,-2.27942
1168,4.00376,-2.27942
1169,4.00376,-2.27942
1170,4.00376,-2.27942
1171,4.00376,-2.27942
1172,4.28576,-1.99742
1173,4.28576,-1.99742
1174,4.28576,-1.99742
1175,4.28576,-1.99742
1176,4.28576,-1.99742
1177,4.28576,-1.99742
1178,4.28576,-1.99742
1179,4.28576,-1.99742
1180,4.28576,-1.99742
1181,4.28576,-1.99742
1182,4.28576,-1.99742
1183,4.28576,-1.99742
1184,4.28576,-1.99742
1185,4.28576,-1.99742
1186,4.28576,-1.99742
1187,4.28576,-1.99742
1188,4.28576,-1.99742
1189,4.28576,-1.99742
1190,4.28576,-1.99742
1191,4.28576,-1.99742
1192,4.28576,-1.99742
1193,4.28576,-1.99742
1194,4.28576,-1.99742
1195,4.28576,-1.99742
1196,4.28576,-1.99742
1197,4.21304,-2.07014
1198,4.21304,-2.07014
1199,4.21304,-2.07014
1200,4.21304,-2.07014
1201,4.21304,-2.07014
1202,4.21304,-2.07014
1203,4.18431,-2.09887
1204,4.18431,-2.09887
1205,4.18431,-2.09887
1206,4.18431,-2.09887
1207,4.18431,-2.09887
1208,4.18431,-2.09887
1209,4.18431,-2.09887
1210,4.18431,-2.09887
1211,4.09214,-2.19105
1212,4.09214,-2.19105
1213,4.09214,-2.19105
1214,4.09214,-2.19105
1215,4.09214,-2.19105
1216,4.09214,-2.19105
1217,4.09214,-2.19105
1218,4.09214,-2.19105
1219,4.15379,-2.1294
1220,4.15379,-2.1294
1221,4.15379,-2.1294
1222,4.15379,-2.1294
1223,4.15379,-2.1294
1224,4.15379,-2.1294
1225,4.15379,-2.1294
1226,4.15379,-2.1294
1227,4.15379,-2.1294
1228,5.49779,-0.785398
1229,5.49779,-0.785398
1230,4.06889,-2.2143
1231,4.06889,-2.2143
1232,4.06889,-2.2143
1233,4.06889,-2.2143
1234,4.06889,-2.2143
1235,4.25604,-2.02714
1236,4.25604,-2.02714
1237,4.25604,-2.02714
1238,4.25604,-2.02714
1239,4.25604,-2.02714
1240,4.25604,-2.02714
1241,4.25604,-2.02714
1242,4.25604,-2.02714
1243,4.25604,-2.02714
1244,4.25604,-2.02714
1245,4.25604,-2.02714
1246,4.25604,-2.02714
1247,4.25604,-2.02714
1248,4.25604,-2.02714
1249,4.25604,-2.02714
1250,4.25604,-2.02714
1251,4.25604,-2.02714
1252,4.25604,-2.02714
1253,4.25604,-2.02714
1254,4.25604,-2.02714
1255,4.25604,-2.02714
1256,4.25604,-2.02714
1257,4.25604,-2.02714
1258,4.25604,-2.02714
1259,4.25604,-2.02714
1260,4.25604,-2.02714
1261,4.25604,-2.02714
1262,4.25604,-2.02714
1263,4.25604,-2.02714
1264,4.25604,-2.02714
1265,4.25604,-2.02714
1266,4.25604,-2.02714
1267,4.25604,-2.02714
1268,4.25604,-2.02714
1269,4.25604,-2.02714
1270,4.25604,-2.02714
1271,4.25604,-2.02714
1272,4.25604,-2.02714
1273,4.25604,-2.02714
1274,4.25604,-2.02714
1275,4.25604,-2.02714
1276,4.25604,-2.02714
1277,4.25604,-2.02714
1278,4.25604,-2.02714
1279,4.25604,-2.02714
1280,4.25604,-2.02714
1281,4.25604,-2.02714
1282,4.25604,-2.02714
1283,4.25604,-2.02714
1284,4.25604,-2.02714
1285,4.25604,-2.02714
1286,4.25604,-2.02714
1287,4.25604,-2.02714
1288,4.25604,-2.02714
1289,4.25604,-2.02714
1290,4.25604,-2.02714
1291,4.25604,-2.02714
1292,4.25604,-2.02714
1293,4.25604,-2.02714
1294,4.25604,-2.02714
1295,4.25604,-2.02714
1296,4.25604,-2.02714
1297,4.25604,-2.02714
1298,4.25604,-2.02714
1299,4.25604,-2.02714
1300,4.25604,-2.02714
1301,4.25604,-2.02714
1302,4.25604,-2.02714
1303,4.25604,-2.02714
1304,4.25604,-2.02714
1305,4.25604,-2.02714
1306,4.25604,-2.02714
1307,4.25604,-2.02714
1308,4.25604,-2.02714
1309,4.25604,-2.02714
1310,4.25604,-2.02714
1311,4.25604,-2.02714
1312,4.25604,-2.02714
1313,4.25604,-2.02714
1314,4.25604,-2.02714
1315,4.25604,-2.02714
1316,4.25604,-2.02714
1317,4.26424,-2.01894
1318,4.26424,-2.01894
1319,4.26424,-2.01894
1320,4.26424,-2.01894
1321,4.26424,-2.01894
1322,4.26424,-2.01894
1323,4.26424,-2.01894
1324,4.26424,-2.01894
1325,4.26424,-2.01894
1326,4.26424,-2.01894
1327,4.26424,-2.01894
1328,4.26424,-2.01894
1329,4.26424,-2.01894
1330,4.26424,-2.01894
1331,4.26424,-2.01894
1332,4.26424,-2.01894
1333,4.26424,-2.01894
1334,4.26424,-2.01894
1335,4.26424,-2.01894
1336,4.26424,-2.01894
1337,4.26424,-2.01894
1338,4.26424,-2.01894
1339,4.26424,-2.01894
1340,4.26424,-2.01894
1341,4.26424,-2.01894
1342,4.26424,-2.01894
1343,4.26424,-2.01894
1344,4.26424,-2.01894
1345,4.26424,-2.01894
1346,4.26424,-2.01894
1347,4.26424,-2.01894
1348,4.26424,-2.01894
1349,4.26424,-2.01894
1350,4.26424,-2.01894
1351,4.26424,-2.01894
1352,4.26424,-2.01894
1353,4.26424,-2.01894
1354,4.3176,-1.96559
1355,4.3176,-1.96559
1356,4.3176,-1.96559
1357,4.3176,-1.96559
1358,4.3176,-1.96559
1359,4.3176,-1.96559
1360,4.3176,-1.96559
1361,4.3176,-1.96559
1362,4.3176,-1.96559
1363,4.3176,-1.96559
1364,4.3176,-1.96559
1365,4.3176,-1.96559
1366,4.3176,-1.96559
1367,4.3176,-1.96559
1368,4.3176,-1.96559
1369,4.3176,-1.96559
1370,4.3176,-1.96559
1371,4.35362,-1.92957
1372,4.35362,-1.92957
1373,4.35362,-1.92957
1374,4.35362,-1.92957
1375,4.35362,-1.92957
1376,4.35362,-1.92957
1377,4.35362,-1.92957
1378,4.3075,-1.97569
1379,4.3075,-1.97569
1380,4.3075,-1.97569
1381,4.3075,-1.97569
1382,4.3075,-1.97569
1383,4.3075,-1.97569
1384,4.3075,-1.97569
1385,4.35362,-1.92957
1386,4.35362,-1.92957
1387,4.35362,-1.92957
1388,4.35362,-1.92957
1389,4.35362,-1.92957
1390,4.35362,-1.92957
1391,4.35362,-1.92957
1392,4.35362,-1.92957
1393,4.35362,-1.92957
1394,4.35362,-1.92957
1395,4.35362,-1.92957
1396,4.44614,-1.83705
1397,4.44614,-1.83705
1398,4.44614,-1.83705
1399,4.44614,-1.83705
1400,4.44614,-1.83705
1401,4.44614,-1.83705
1402,4.44614,-1.83705
1403,4.44614,-1.83705
1404,4.44614,-1.83705
1405,4.44614,-1.83705
1406,4.44614,-1.83705
1407,4.44614,-1.83705
1408,4.44614,-1.83705
1409,4.44614,-1.83705
1410,4.44614,-1.83705
1411,4.44614,-1.83705
1412,4.44614,-1.83705
1413,4.44614,-1.83705
1414,4.35362,-1.92957
1415,4.35362,-1.92957
1416,4.35362,-1.92957
1417,4.35362,-1.92957
1418,4.35362,-1.92957
1419,4.35362,-1.92957
1420,4.35362,-1.92957
1421,4.35362,-1.92957
1422,4.35362,-1.92957
1423,4.35362,-1.92957
1424,4.35362,-1.92957
1425,4.35362,-1.92957
1426,4.35362,-1.92957
1427,4.35362,-1.92957
1428,4.35362,-1.92957
1429,4.35362,-1.92957
1430,4.35362,-1.92957
1431,4.35362,-1.92957
1432,4.01765,-2.26553
1433,4.01765,-2.26553
1434,4.01765,-2.26553
1435,4.01765,-2.26553
1436,3.83633,-2.44685
1437,3.83633,-2.44685
1438,3.83633,-2.44685
1439,3.83633,-2.44685
1440,3.83633,-2.44685
1441,3.83633,-2.44685
1442,4.39064,-1.89255
1443,4.39064,-1.89255
1444,4.39064,-1.89255
1445,3.60524,-2.67795
1446,3.60524,-2.67795
1447,4.28576,-1.99742
1448,4.28576,-1.99742
1449,4.28576,-1.99742
1450,4.28576,-1.99742
1451,4.28576,-1.99742
1452,4.28576,-1.99742
1453,4.28576,-1.99742
1454,4.28576,-1.99742
1455,4.28576,-1.99742
1456,4.28576,-1.99742
1457,4.28576,-1.99742
1458,4.28576,-1.99742
1459,4.28576,-1.99742
1460,4.28576,-1.99742
1461,4.28576,-1.99742
1462,4.28576,-1.99742
1463,4.35362,-1.92957
1464,4.35362,-1.92957
1465,4.35362,-1.92957
1466,4.35362,-1.92957
1467,4.35362,-1.92957
1468,4.35362,-1.92957
1469,4.35362,-1.92957
1470,4.3075,-1.97569
1471,4.3075,-1.97569
1472,4.3075,-1.97569
1473,4.18431,-2.09887
1474,4.18431,-2.09887
1475,4.18431,-2.09887
1476,4.18431,-2.09887
1477,4.18431,-2.09887
1478,4.18431,-2.09887
1479,4.18431,-2.09887
1480,4.18431,-2.09887
1481,4.18431,-2.09887
1482,4.18431,-2.09887
1483,4.18431,-2.09887
1484,4.18431,-2.09887
1485,4.18431,-2.09887
1486,4.18431,-2.09887
1487,4.18431,-2.09887
1488,4.18431,-2.09887
1489,4.27772,-2.00547
1490,4.27772,-2.00547
1491,4.27772,-2.00547
1492,4.27772,-2.00547
1493,4.27772,-2.00547
1494,4.27772,-2.00547
1495,4.27772,-2.00547
1496,4.27772,-2.00547
1497,4.27772,-2.00547
1498,4.27772,-2.00547
1499,4.27772,-2.00547
1500,4.27772,-2.00547
1501,4.27772,-2.00547
1502,4.27772,-2.00547
1503,4.27772,-2.00547
1504,4.27772,-2.00547
1505,4.27772,-2.00547
1506,4.27772,-2.00547
1507,4.27772,-2.00547
1508,4.27772,-2.00547
1509,4.27772,-2.00547
1510,4.27772,-2.00547
1511,4.27772,-2.00547
1512,4.27001,-2.01317
1513,4.27001,-2.01317
1514,4.27001,-2.01317
1515,4.27001,-2.01317
1516,4.27001,-2.01317
1517,4.27001,-2.01317
1518,4.27001,-2.01317
1519,4.27001,-2.01317
1520,4.27001,-2.01317
1521,4.27001,-2.01317
1522,4.27001,-2.01317
1523,4.27001,-2.01317
1524,4.27001,-2.01317
1525,4.27001,-2.01317
1526,4.27001,-2.01317
1527,4.27001,-2.01317
1528,4.27001,-2.01317
1529,4.27001,-2.01317
1530,4.27001,-2.01317
1531,4.27001,-2.01317
1532,4.27001,-2.01317
1533,4.27001,-2.01317
1534,4.27001,-2.01317
1535,4.27001,-2.01317
1536,4.27001,-2.01317
1537,4.29998,-1.98321
1538,4.29998,-1.98321
1539,4.29998,-1.98321
1540,4.29998,-1.98321
1541,4.29998,-1.98321
1542,4.29998,-1.98321
1543,4.29998,-1.98321
1544,4.29998,-1.98321
1545,4.29998,-1.98321
1546,4.29998,-1.98321
1547,4.29998,-1.98321
1548,4.29998,-1.98321
1549,4.29998,-1.98321
1550,4.27255,-2.01064
1551,4.27255,-2.01064
1552,4.27255,-2.01064
1553,4.27255,-2.01064
1554,4.27255,-2.01064
1555,4.27255,-2.01064
1556,4.27255,-2.01064
1557,4.27255,-2.01064
1558,4.27255,-2.01064
1559,4.27255,-2.01064
1560,4.27255,-2.01064
1561,4.27255,-2.01064
1562,4.27255,-2.01064
1563,4.27255,-2.01064
1564,4.27255,-2.01064
1565,4.27255,-2.01064
1566,4.27255,-2.01064
1567,4.27255,-2.01064
1568,4.27255,-2.01064
1569,4.27255,-2.01064
1570,4.27255,-2.01064
1571,4.27255,-2.01064
1572,4.29998,-1.98321
1573,4.29998,-1.98321
1574,4.29998,-1.98321
1575,4.29998,-1.98321
1576,4.29998,-1.98321
1577,4.29998,-1.98321
1578,4.29998,-1.98321
1579,4.29998,-1.98321
1580,4.29998,-1.98321
1581,4.29998,-1.98321
1582,4.29998,-1.98321
1583,4.29998,-1.98321
1584,4.29998,-1.98321
1585,4.29998,-1.98321
1586,4.29998,-1.98321
1587,4.29998,-1.98321
1588,4.29998,-1.98321
1589,4.29998,-1.98321
1590,4.29998,-1.98321
1591,4.29998,-1.98321
1592,4.29998,-1.98321
1593,4.29998,-1.98321
1594,4.29998,-1.98321
1595,4.3176,-1.96559
1596,4.3176,-1.96559
1597,4.3176,-1.96559
1598,4.3176,-1.96559
1599,4.3176,-1.96559
1600,4.3176,-1.96559
1601,4.3176,-1.96559
1602,4.3176,-1.96559
1603,4.3176,-1.96559
1604,4.3176,-1.96559
1605,4.28576,-1.99742
1606,4.28576,-1.99742
1607,4.28576,-1.99742
1608,4.28576,-1.99742
1609,4.28576,-1.99742
1610,4.28576,-1.99742
1611,4.28576,-1.99742
1612,4.28576,-1.99742
1613,4.28576,-1.99742
1614,4.28576,-1.99742
1615,4.28576,-1.99742
1616,4.28576,-1.99742
1617,4.28576,-1.99742
1618,4.35362,-1.92957
1619,4.35362,-1.92957
1620,4.35362,-1.92957
1621,4.35362,-1.92957
1622,4.35362,-1.92957
1623,4.35362,-1.92957
1624,4.35362,-1.92957
1625,4.27998,-2.0032
1626,4.27998,-2.0032
1627,4.27998,-2.0032
1628,4.27998,-2.0032
1629,4.27998,-2.0032
1630,4.27998,-2.0032
1631,4.27998,-2.0032
1632,4.27998,-2.0032
1633,4.27998,-2.0032
1634,4.27998,-2.0032
1635,4.27998,-2.0032
1636,4.27998,-2.0032
1637,4.27998,-2.0032
1638,4.27998,-2.0032
1639,4.27998,-2.0032
1640,4.27998,-2.0032
1641,4.34522,-1.93797
1642,4.34522,-1.93797
1643,4.34522,-1.93797
1644,4.34522,-1.93797
1645,4.34522,-1.93797
1646,4.34522,-1.93797
1647,4.34522,-1.93797
1648,4.34522,-1.93797
1649,4.34522,-1.93797
1650,4.34522,-1.93797
1651,4.34522,-1.93797
1652,4.3176,-1.96559
1653,4.3176,-1.96559
1654,4.3176,-1.96559
1655,4.28819,-1.99499
1656,4.28819,-1.99499
1657,4.28819,-1.99499
1658,4.28819,-1.99499
1659,4.28819,-1.99499
1660,4.28819,-1.99499
1661,4.28819,-1.99499
1662,4.28819,-1.99499
1663,4.28819,-1.99499
1664,4.28819,-1.99499
1665,4.28819,-1.99499
1666,4.28819,-1.99499
1667,4.28819,-1.99499
1668,4.28819,-1.99499
1669,4.28819,-1.99499
1670,4.28819,-1.99499
1671,4.28819,-1.99499
1672,4.28819,-1.99499
1673,4.28819,-1.99499
1674,4.28819,-1.99499
1675,4.28819,-1.99499
1676,4.28819,-1.99499
1677,4.28819,-1.99499
1678,4.28819,-1.99499
1679,4.28819,-1.99499
1680,4.28819,-1.99499
1681,4.28819,-1.99499
1682,4.28819,-1.99499
1683,4.28819,-1.99499
1684,4.28819,-1.99499
1685,4.28819,-1.99499
1686,4.28819,-1.99499
1687,4.28819,-1.99499
1688,4.28819,-1.99499
1689,4.28819,-1.99499
1690,4.28819,-1.99499
1691,4.28819,-1.99499
1692,4.28819,-1.99499
1693,4.28819,-1.99499
1694,4.28819,-1.99499
1695,4.28819,-1.99499
1696,4.28819,-1.99499
1697,4.3176,-1.96559
1698,4.3176,-1.96559
1699,4.3176,-1.96559
1700,4.3176,-1.96559
1701,4.3176,-1.96559
1702,4.3176,-1.96559
1703,4.3176,-1.96559
1704,4.3176,-1.96559
1705,4.3176,-1.96559
1706,4.3176,-1.96559
1707,4.28576,-1.99742
1708,4.28576,-1.99742
1709,4.28576,-1.99742
1710,4.28576,-1.99742
1711,4.28576,-1.99742
1712,4.28576,-1.99742
1713,4.28576,-1.99742
1714,4.28576,-1.99742
1715,4.28576,-1.99742
1716,4.28576,-1.99742
1717,4.28576,-1.99742
1718,4.28576,-1.99742
1719,4.28576,-1.99742
1720,4.45179,-1.8314
1721,4.45179,-1.8314
1722,4.45179,-1.8314
1723,4.45179,-1.8314
1724,4.45179,-1.8314
1725,4.45179,-1.8314
1726,4.45179,-1.8314
1727,4.45179,-1.8314
1728,4.45179,-1.8314
1729,4.45179,-1.8314
1730,4.45179,-1.8314
1731,4.45179,-1.8314
1732,4.45179,-1.8314
1733,4.45179,-1.8314
1734,4.48559,-1.7976
1735,4.48559,-1.7976
1736,4.48559,-1.7976
1737,4.48559,-1.7976
1738,4.48559,-1.7976
1739,4.54724,-1.73595
1740,4.54724,-1.73595
1741,4.54724,-1.73595
1742,4.54724,-1.73595
1743,4.54724,-1.73595
1744,4.54724,-1.73595
1745,4.49372,-1.78947
1746,4.49372,-1.78947
1747,4.49372,-1.78947
1748,4.49372,-1.78947
1749,4.49372,-1.78947
1750,4.49372,-1.78947
1751,4.49372,-1.78947
1752,4.49372,-1.78947
1753,4.49372,-1.78947
