n,tangent,t2
0,5.11728,-1.1659
1,5.11728,-1.1659
2,5.11728,-1.1659
3,5.11728,-1.1659
4,5.11728,-1.1659
5,5.11728,-1.1659
6,5.11728,-1.1659
7,5.23154,-1.05165
8,5.23154,-1.05165
9,5.23154,-1.05165
10,5.35589,-0.927295
11,5.35589,-0.927295
12,5.35589,-0.927295
13,5.35589,-0.927295
14,5.35589,-0.927295
15,5.03414,-1.24905
16,5.03414,-1.24905
17,4.43409,-1.8491
18,4.43409,-1.8491
19,4.43409,-1.8491
20,4.43409,-1.8491
21,4.43409,-1.8491
22,4.43409,-1.8491
23,4.43409,-1.8491
24,4.43409,-1.8491
25,4.95737,-1.32582
26,4.95737,-1.32582
27,5.30039,-0.982794
28,5.76404,-0.519146
29,5.76404,-0.519146
30,5.76404,-0.519146
31,5.76404,-0.519146
32,5.87829,-0.404892
33,5.87829,-0.404892
34,5.87829,-0.404892
35,5.87829,-0.404892
36,5.87829,-0.404892
37,5.87829,-0.404892
38,5.87829,-0.404892
39,5.87829,-0.404892
40,5.87829,-0.404892
41,5.87829,-0.404892
42,5.87829,-0.404892
43,5.87829,-0.404892
44,5.87829,-0.404892
45,5.87829,-0.404892
46,5.87829,-0.404892
47,5.87829,-0.404892
48,5.30039,-0.982794
49,5.30039,-0.982794
50,5.30039,-0.982794
51,5.69518,-0.588003
52,5.88466,-0.398522
53,5.88466,-0.398522
54,5.88466,-0.398522
55,5.88466,-0.398522
56,5.88466,-0.398522
57,5.88466,-0.398522
58,5.88466,-0.398522
59,5.88466,-0.398522
60,5.88466,-0.398522
61,5.88466,-0.398522
62,5.88466,-0.398522
63,5.88466,-0.398522
64,5.88466,-0.398522
65,5.88466,-0.398522
66,5.88466,-0.398522
67,5.88466,-0.398522
68,5.88466,-0.398522
69,5.88466,-0.398522
70,5.88466,-0.398522
71,5.88466,-0.398522
72,5.88466,-0.398522
73,5.88466,-0.398522
74,5.88466,-0.398522
75,5.88466,-0.398522
76,5.88466,-0.398522
77,5.88466,-0.398522
78,5.88466,-0.398522
79,5.88466,-0.398522
80,5.88466,-0.398522
81,5.88466,-0.398522
82,5.88466,-0.398522
83,5.88466,-0.398522
84,5.88466,-0.398522
85,5.88466,-0.398522
86,5.88466,-0.398522
87,5.88466,-0.398522
88,5.88466,-0.398522
89,5.88466,-0.398522
90,0.321751,0.321751
91,0.321751,0.321751
92,0.321751,0.321751
93,0.321751,0.321751
94,5.96143,-0.321751
95,5.77609,-0.507099
96,5.77609,-0.507099
97,5.77609,-0.507099
98,5.77609,-0.507099
99,5.77609,-0.507099
100,5.77609,-0.507099
101,5.77609,-0.507099
102,5.77609,-0.507099
103,5.86496,-0.418224
104,5.86496,-0.418224
105,5.86496,-0.418224
106,5.86496,-0.418224
107,5.86496,-0.418224
108,5.86496,-0.418224
109,5.86496,-0.418224
110,5.86496,-0.418224
111,5.86496,-0.418224
112,5.86496,-0.418224
113,5.86496,-0.418224
114,5.86496,-0.418224
115,5.86496,-0.418224
116,5.86496,-0.418224
117,5.86496,-0.418224
118,5.86496,-0.418224
119,5.86496,-0.418224
120,5.89258,-0.390607
121,5.89258,-0.390607
122,5.89258,-0.390607
123,5.89258,-0.390607
124,5.89258,-0.390607
125,5.89258,-0.390607
126,5.89258,-0.390607
127,5.89258,-0.390607
128,5.89258,-0.390607
129,5.89258,-0.390607
130,5.89258,-0.390607
131,5.89258,-0.390607
132,5.89258,-0.390607
133,5.89258,-0.390607
134,6.03821,-0.244979
135,6.03821,-0.244979
136,6.03821,-0.244979
137,6.03821,-0.244979
138,5.76404,-0.519146
139,5.76404,-0.519146
140,5.76404,-0.519146
141,5.76404,-0.519146
142,5.76404,-0.519146
143,5.76404,-0.519146
144,5.88466,-0.398522
145,5.88466,-0.398522
146,5.88466,-0.398522
147,5.88466,-0.398522
148,5.88466,-0.398522
149,5.88466,-0.398522
150,5.88466,-0.398522
151,5.88466,-0.398522
152,5.88466,-0.398522
153,5.88466,-0.398522
154,5.88466,-0.398522
155,5.88466,-0.398522
156,5.88466,-0.398522
157,5.88466,-0.398522
158,5.88466,-0.398522
159,5.88466,-0.398522
160,5.88466,-0.398522
161,5.88466,-0.398522
162,5.88466,-0.398522
163,5.88466,-0.398522
164,5.88466,-0.398522
165,5.88466,-0.398522
166,5.88466,-0.398522
167,5.88466,-0.398522
168,5.88466,-0.398522
169,5.88466,-0.398522
170,5.88466,-0.398522
171,5.88466,-0.398522
172,5.87077,-0.41241
173,5.87077,-0.41241
174,5.87077,-0.41241
175,5.87077,-0.41241
176,5.87077,-0.41241
177,5.87077,-0.41241
178,5.87077,-0.41241
179,5.87077,-0.41241
180,5.87077,-0.41241
181,5.87077,-0.41241
182,5.87077,-0.41241
183,5.87077,-0.41241
184,5.87077,-0.41241
185,5.87077,-0.41241
186,5.87077,-0.41241
187,6.03821,-0.244979
188,6.03821,-0.244979
189,6.03821,-0.244979
190,6.03821,-0.244979
191,5.89258,-0.390607
192,5.89258,-0.390607
193,5.89258,-0.390607
194,5.89258,-0.390607
195,5.89258,-0.390607
196,5.89258,-0.390607
197,5.89258,-0.390607
198,5.89258,-0.390607
199,5.89258,-0.390607
200,5.89258,-0.390607
201,5.89258,-0.390607
202,5.89258,-0.390607
203,5.89258,-0.390607
204,5.89258,-0.390607
205,5.89258,-0.390607
206,5.89258,-0.390607
207,5.89258,-0.390607
208,5.89258,-0.390607
209,5.89258,-0.390607
210,5.89258,-0.390607
211,5.89258,-0.390607
212,5.89258,-0.390607
213,5.89258,-0.390607
214,5.89258,-0.390607
215,5.89258,-0.390607
216,5.89258,-0.390607
217,5.89258,-0.390607
218,5.89258,-0.390607
219,5.89258,-0.390607
220,5.89258,-0.390607
221,5.89258,-0.390607
222,5.86496,-0.418224
223,5.86496,-0.418224
224,5.86496,-0.418224
225,5.86496,-0.418224
226,5.86496,-0.418224
227,5.86496,-0.418224
228,5.86496,-0.418224
229,5.86496,-0.418224
230,5.86496,-0.418224
231,5.86496,-0.418224
232,5.88839,-0.394791
233,5.88839,-0.394791
234,5.88839,-0.394791
235,5.88839,-0.394791
236,5.88839,-0.394791
237,5.88839,-0.394791
238,5.88839,-0.394791
239,6.08579,-0.197396
240,6.08579,-0.197396
241,6.08579,-0.197396
242,0.197396,0.197396
243,0.197396,0.197396
244,0.674741,0.674741
245,0.674741,0.674741
246,0.674741,0.674741
247,0.896055,0.896055
248,0.896055,0.896055
249,0.896055,0.896055
250,1.24905,1.24905
251,1.24905,1.24905
252,1.24905,1.24905
253,0.927295,0.927295
254,0.927295,0.927295
255,0.643501,0.643501
256,0.643501,0.643501
257,0.321751,0.321751
258,0.321751,0.321751
259,0.321751,0.321751
260,0.321751,0.321751
261,0.321751,0.321751
262,0.321751,0.321751
263,0.321751,0.321751
264,0.71883,0.71883
265,0.71883,0.71883
266,0.71883,0.71883
267,0.71883,0.71883
268,0.71883,0.71883
269,0.71883,0.71883
270,0.851966,0.851966
271,0.851966,0.851966
272,0.851966,0.851966
273,0.851966,0.851966
274,0.851966,0.851966
275,0.851966,0.851966
276,0.950547,0.950547
277,0.950547,0.950547
278,0.950547,0.950547
279,0.950547,0.950547
280,0.950547,0.950547
281,1.24905,1.24905
282,1.24905,1.24905
283,1.24905,1.24905
284,0.982794,0.982794
285,0.519146,0.519146
286,0.519146,0.519146
287,0.519146,0.519146
288,0.519146,0.519146
289,0.519146,0.519146
290,0.519146,0.519146
291,0.519146,0.519146
292,0.519146,0.519146
293,0.519146,0.519146
294,0.896055,0.896055
295,0.896055,0.896055
296,0.896055,0.896055
297,0.896055,0.896055
298,0.896055,0.896055
299,0.896055,0.896055
300,0.896055,0.896055
301,0.896055,0.896055
302,0.896055,0.896055
303,0.950547,0.950547
304,0.950547,0.950547
305,0.950547,0.950547
306,0.950547,0.950547
307,0.950547,0.950547
308,1.19029,1.19029
309,1.19029,1.19029
310,1.19029,1.19029
311,1.19029,1.19029
312,1.19029,1.19029
313,1.03038,1.03038
314,1.03038,1.03038
315,1.03038,1.03038
316,1.03038,1.03038
317,1.24905,1.24905
318,1.24905,1.24905
319,1.24905,1.24905
320,0.982794,0.982794
321,0.982794,0.982794
322,0.982794,0.982794
323,1.1659,1.1659
324,1.1659,1.1659
325,1.1659,1.1659
326,1.1659,1.1659
327,1.1659,1.1659
328,1.1659,1.1659
329,1.05165,1.05165
330,1.05165,1.05165
331,1.05165,1.05165
332,0.927295,0.927295
333,0.927295,0.927295
334,0.927295,0.927295
335,0.927295,0.927295
336,0.927295,0.927295
337,1.03038,1.03038
338,1.03038,1.03038
339,1.03038,1.03038
340,1.03038,1.03038
341,1.03038,1.03038
342,1.03038,1.03038
343,1.03038,1.03038
344,2.03444,2.03444
345,2.03444,2.03444
346,1.14417,1.14417
347,1.14417,1.14417
348,1.14417,1.14417
349,1.14417,1.14417
350,1.14417,1.14417
351,1.14417,1.14417
352,1.14417,1.14417
353,1.14417,1.14417
354,1.14417,1.14417
355,1.14417,1.14417
356,1.14417,1.14417
357,1.14417,1.14417
358,1.14417,1.14417
359,1.14417,1.14417
360,1.14417,1.14417
361,1.14417,1.14417
362,1.14417,1.14417
363,1.03038,1.03038
364,1.03038,1.03038
365,1.03038,1.03038
366,1.03038,1.03038
367,1.03038,1.03038
368,1.03038,1.03038
369,1.03038,1.03038
370,1.03038,1.03038
371,1.03038,1.03038
372,1.03038,1.03038
373,1.03038,1.03038
374,1.12842,1.12842
375,1.12842,1.12842
376,1.12842,1.12842
377,1.12842,1.12842
378,1.12842,1.12842
379,1.12842,1.12842
380,1.12842,1.12842
381,1.12842,1.12842
382,1.12842,1.12842
383,1.12842,1.12842
384,1.12842,1.12842
385,1.12842,1.12842
386,1.12842,1.12842
387,1.12842,1.12842
388,1.12842,1.12842
389,1.12842,1.12842
390,1.12842,1.12842
391,1.12842,1.12842
392,1.12842,1.12842
393,1.12842,1.12842
394,1.12842,1.12842
395,1.12842,1.12842
396,1.12842,1.12842
397,1.12842,1.12842
398,1.12842,1.12842
399,1.12842,1.12842
400,1.12842,1.12842
401,1.12842,1.12842
402,1.14103,1.14103
403,1.14103,1.14103
404,1.14103,1.14103
405,1.14103,1.14103
406,1.14103,1.14103
407,1.14103,1.14103
408,1.14103,1.14103
409,1.14103,1.14103
410,1.14103,1.14103
411,1.14103,1.14103
412,1.14103,1.14103
413,1.14103,1.14103
414,1.14103,1.14103
415,1.14103,1.14103
416,1.14103,1.14103
417,1.14103,1.14103
418,1.14103,1.14103
419,1.14103,1.14103
420,1.14103,1.14103
421,1.13095,1.13095
422,1.13095,1.13095
423,1.13095,1.13095
424,1.13095,1.13095
425,1.13095,1.13095
426,1.13095,1.13095
427,1.13095,1.13095
428,1.13095,1.13095
429,1.13095,1.13095
430,1.13095,1.13095
431,1.13095,1.13095
432,1.13095,1.13095
433,1.13095,1.13095
434,1.13095,1.13095
435,1.13095,1.13095
436,1.13095,1.13095
437,1.13095,1.13095
438,1.13095,1.13095
439,1.13095,1.13095
440,1.13095,1.13095
441,1.13095,1.13095
442,1.13095,1.13095
443,1.14794,1.14794
444,1.14794,1.14794
445,1.14794,1.14794
446,1.14794,1.14794
447,1.14794,1.14794
448,1.14794,1.14794
449,1.14794,1.14794
450,1.15629,1.15629
451,1.15629,1.15629
452,1.15629,1.15629
453,1.15629,1.15629
454,1.15629,1.15629
455,1.15629,1.15629
456,1.15629,1.15629
457,1.15629,1.15629
458,1.15629,1.15629
459,1.15629,1.15629
460,1.15629,1.15629
461,1.17227,1.17227
462,1.17227,1.17227
463,1.17227,1.17227
464,1.17227,1.17227
465,1.17227,1.17227
466,1.17227,1.17227
467,1.17227,1.17227
468,1.17227,1.17227
469,1.17227,1.17227
470,1.20362,1.20362
471,1.20362,1.20362
472,1.20362,1.20362
473,1.20362,1.20362
474,1.20362,1.20362
475,1.20362,1.20362
476,1.20362,1.20362
477,1.20362,1.20362
478,1.20362,1.20362
479,1.20362,1.20362
480,1.1659,1.1659
481,1.1659,1.1659
482,1.1659,1.1659
483,1.05165,1.05165
484,1.05165,1.05165
485,1.05165,1.05165
486,1.05165,1.05165
487,1.05165,1.05165
488,1.05165,1.05165
489,1.05165,1.05165
490,1.05165,1.05165
491,1.21203,1.21203
492,1.21203,1.21203
493,1.21203,1.21203
494,1.21203,1.21203
495,1.21203,1.21203
496,1.21203,1.21203
497,1.21203,1.21203
498,1.21203,1.21203
499,0.982794,0.982794
500,0.588003,0.588003
501,0.588003,0.588003
502,0.588003,0.588003
503,1.15257,1.15257
504,1.15257,1.15257
505,1.15257,1.15257
506,1.15257,1.15257
507,1.15257,1.15257
508,1.15257,1.15257
509,1.15257,1.15257
510,1.15257,1.15257
511,1.15257,1.15257
512,1.15257,1.15257
513,1.15257,1.15257
514,1.15257,1.15257
515,1.15257,1.15257
516,1.15257,1.15257
517,1.15257,1.15257
518,1.15257,1.15257
519,1.15257,1.15257
520,1.15257,1.15257
521,1.15257,1.15257
522,1.15257,1.15257
523,1.15257,1.15257
524,1.15257,1.15257
525,1.15257,1.15257
526,1.15257,1.15257
527,1.15257,1.15257
528,1.15257,1.15257
529,1.15257,1.15257
530,1.15257,1.15257
531,1.15257,1.15257
532,1.15257,1.15257
533,1.15257,1.15257
534,1.15257,1.15257
535,1.15257,1.15257
536,1.15257,1.15257
537,1.15257,1.15257
538,1.15257,1.15257
539,1.15257,1.15257
540,1.15257,1.15257
541,1.15257,1.15257
542,1.22203,1.22203
543,1.22203,1.22203
544,1.22203,1.22203
545,1.22203,1.22203
546,1.27934,1.27934
547,1.27934,1.27934
548,1.27934,1.27934
549,1.27934,1.27934
550,1.44644,1.44644
551,1.44644,1.44644
552,1.44644,1.44644
553,1.44644,1.44644
554,1.44644,1.44644
555,1.44644,1.44644
556,1.44644,1.44644
557,1.44644,1.44644
558,1.44644,1.44644
559,1.44644,1.44644
560,2.35619,2.35619
561,2.35619,2.35619
562,0.982794,0.982794
563,0.982794,0.982794
564,0.982794,0.982794
565,1.19029,1.19029
566,1.19029,1.19029
567,1.19029,1.19029
568,1.19029,1.19029
569,1.19029,1.19029
570,1.19029,1.19029
571,1.19029,1.19029
572,1.19029,1.19029
573,1.19029,1.19029
574,1.19029,1.19029
575,0.982794,0.982794
576,0.982794,0.982794
577,0.982794,0.982794
578,1.24905,1.24905
579,1.24905,1.24905
580,1.24905,1.24905
581,0.896055,0.896055
582,0.896055,0.896055
583,0.896055,0.896055
584,0.694738,0.694738
585,0.694738,0.694738
586,0.694738,0.694738
587,0.694738,0.694738
588,0.694738,0.694738
589,0.694738,0.694738
590,0.694738,0.694738
591,0.694738,0.694738
592,0.694738,0.694738
593,0.876058,0.876058
594,0.876058,0.876058
595,0.876058,0.876058
596,0.876058,0.876058
597,1.32582,1.32582
598,1.32582,1.32582
599,1.32582,1.32582
600,1.32582,1.32582
601,1.32582,1.32582
602,1.32582,1.32582
603,1.32582,1.32582
604,1.32582,1.32582
605,1.32582,1.32582
606,0.876058,0.876058
607,0.876058,0.876058
608,0.876058,0.876058
609,0.876058,0.876058
610,0.876058,0.876058
611,0.876058,0.876058
612,0.876058,0.876058
613,0.876058,0.876058
614,0.876058,0.876058
615,1.03038,1.03038
616,1.03038,1.03038
617,1.19029,1.19029
618,1.19029,1.19029
619,1.19029,1.19029
620,1.19029,1.19029
621,1.03038,1.03038
622,1.03038,1.03038
623,1.03038,1.03038
624,1.03038,1.03038
625,1.03038,1.03038
626,1.19029,1.19029
627,1.19029,1.19029
628,1.19029,1.19029
629,1.19029,1.19029
630,1.19029,1.19029
631,1.19029,1.19029
632,1.19029,1.19029
633,1.19029,1.19029
634,1.19029,1.19029
635,1.19029,1.19029
636,1.19029,1.19029
637,1.19029,1.19029
638,1.19029,1.19029
639,1.0122,1.0122
640,1.0122,1.0122
641,1.0122,1.0122
642,1.0122,1.0122
643,1.0122,1.0122
644,1.0122,1.0122
645,1.0122,1.0122
646,1.0122,1.0122
647,1.0122,1.0122
648,1.15839,1.15839
649,1.15839,1.15839
650,1.15839,1.15839
651,1.15839,1.15839
652,1.15839,1.15839
653,1.15839,1.15839
654,1.15839,1.15839
655,1.15839,1.15839
656,1.15839,1.15839
657,1.15839,1.15839
658,1.15839,1.15839
659,1.15839,1.15839
660,1.15839,1.15839
661,1.13839,1.13839
662,1.13839,1.13839
663,1.13839,1.13839
664,1.13839,1.13839
665,1.13839,1.13839
666,1.13839,1.13839
667,1.13839,1.13839
668,1.13839,1.13839
669,1.13839,1.13839
670,1.13839,1.13839
671,1.13839,1.13839
672,1.13839,1.13839
673,1.13839,1.13839
674,1.13839,1.13839
675,1.13839,1.13839
676,1.13839,1.13839
677,1.22203,1.22203
678,1.22203,1.22203
679,1.22203,1.22203
680,1.22203,1.22203
681,1.27934,1.27934
682,1.27934,1.27934
683,1.27934,1.27934
684,1.27934,1.27934
685,1.3734,1.3734
686,1.3734,1.3734
687,1.3734,1.3734
688,1.3734,1.3734
689,1.3734,1.3734
690,0.896055,0.896055
691,0.896055,0.896055
692,0.896055,0.896055
693,0.896055,0.896055
694,0.896055,0.896055
695,0.896055,0.896055
696,0.896055,0.896055
697,1.32582,1.32582
698,1.32582,1.32582
699,1.32582,1.32582
700,1.32582,1.32582
701,1.03038,1.03038
702,1.03038,1.03038
703,1.03038,1.03038
704,1.03038,1.03038
705,1.03038,1.03038
706,1.19029,1.19029
707,1.32582,1.32582
708,1.32582,1.32582
709,1.32582,1.32582
710,1.32582,1.32582
711,0.927295,0.927295
712,0.927295,0.927295
713,0.927295,0.927295
714,0.927295,0.927295
715,0.927295,0.927295
716,1.05165,1.05165
717,1.05165,1.05165
718,1.05165,1.05165
719,1.15257,1.15257
720,1.15257,1.15257
721,1.15257,1.15257
722,1.15257,1.15257
723,1.15257,1.15257
724,1.15257,1.15257
725,1.15257,1.15257
726,1.15257,1.15257
727,1.15257,1.15257
728,1.15257,1.15257
729,1.15257,1.15257
730,1.0637,1.0637
731,1.0637,1.0637
732,1.0637,1.0637
733,1.0637,1.0637
734,1.0637,1.0637
735,1.0637,1.0637
736,1.0637,1.0637
737,1.2925,1.2925
738,1.2925,1.2925
739,1.2925,1.2925
740,1.2925,1.2925
741,1.2925,1.2925
742,1.2925,1.2925
743,1.2925,1.2925
744,1.2925,1.2925
745,0.982794,0.982794
746,0.982794,0.982794
747,0.982794,0.982794
748,1.13839,1.13839
749,1.13839,1.13839
750,1.13839,1.13839
751,1.13839,1.13839
752,1.13839,1.13839
753,1.13839,1.13839
754,1.13839,1.13839
755,1.13839,1.13839
756,1.13839,1.13839
757,1.13839,1.13839
758,1.13839,1.13839
759,1.13839,1.13839
760,1.13839,1.13839
761,1.13839,1.13839
762,1.13839,1.13839
763,1.13839,1.13839
764,1.13839,1.13839
765,1.13839,1.13839
766,1.13839,1.13839
767,1.13839,1.13839
768,1.13839,1.13839
769,1.13839,1.13839
770,1.13839,1.13839
771,1.13839,1.13839
772,1.13839,1.13839
773,1.13839,1.13839
774,1.13839,1.13839
775,1.13839,1.13839
776,1.13839,1.13839
777,1.13839,1.13839
778,1.13839,1.13839
779,1.13839,1.13839
780,1.13839,1.13839
781,1.13839,1.13839
782,0.463648,0.463648
783,0.463648,0.463648
784,0.463648,0.463648
785,2.35619,2.35619
786,2.35619,2.35619
787,1.14417,1.14417
788,1.14417,1.14417
789,1.14417,1.14417
790,1.14417,1.14417
791,1.14417,1.14417
792,1.14417,1.14417
793,1.14417,1.14417
794,1.14417,1.14417
795,1.14417,1.14417
796,1.14417,1.14417
797,1.14417,1.14417
798,1.14417,1.14417
799,1.14417,1.14417
800,1.14417,1.14417
801,1.14417,1.14417
802,1.14417,1.14417
803,1.14417,1.14417
804,1.14417,1.14417
805,1.14417,1.14417
806,1.14417,1.14417
807,1.14417,1.14417
808,1.14417,1.14417
809,1.14417,1.14417
810,1.14417,1.14417
811,1.14417,1.14417
812,1.14417,1.14417
813,1.32582,1.32582
814,1.32582,1.32582
815,1.32582,1.32582
816,1.32582,1.32582
817,1.1659,1.1659
818,1.1659,1.1659
819,1.1659,1.1659
820,1.1659,1.1659
821,1.1659,1.1659
822,1.1659,1.1659
823,1.1659,1.1659
824,1.1659,1.1659
825,1.1659,1.1659
826,1.1659,1.1659
827,1.1659,1.1659
828,1.1659,1.1659
829,1.1659,1.1659
830,1.1659,1.1659
831,1.1659,1.1659
832,1.1659,1.1659
833,1.1659,1.1659
834,1.22777,1.22777
835,1.22777,1.22777
836,1.22777,1.22777
837,1.22777,1.22777
838,1.22777,1.22777
839,1.22777,1.22777
840,1.2723,1.2723
841,1.2723,1.2723
842,1.2723,1.2723
843,1.2723,1.2723
844,1.2723,1.2723
845,1.2723,1.2723
846,1.44644,1.44644
847,1.44644,1.44644
848,1.44644,1.44644
849,1.44644,1.44644
850,1.69515,1.69515
851,1.69515,1.69515
852,1.69515,1.69515
853,1.69515,1.69515
854,1.69515,1.69515
855,1.69515,1.69515
856,1.69515,1.69515
857,1.69515,1.69515
858,1.3734,1.3734
859,1.3734,1.3734
860,1.2925,1.2925
861,1.2925,1.2925
862,1.20362,1.20362
863,1.20362,1.20362
864,1.20362,1.20362
865,1.20362,1.20362
866,1.20362,1.20362
867,1.20362,1.20362
868,1.20362,1.20362
869,1.20362,1.20362
870,1.20362,1.20362
871,1.20362,1.20362
872,1.20362,1.20362
873,1.20362,1.20362
874,1.20362,1.20362
875,1.20362,1.20362
876,2.11122,2.11122
877,2.11122,2.11122
878,2.11122,2.11122
879,2.11122,2.11122
880,2.26553,2.26553
881,2.26553,2.26553
882,2.26553,2.26553
883,2.26553,2.26553
884,2.26553,2.26553
885,2.26553,2.26553
886,2.26553,2.26553
887,2.26553,2.26553
888,2.26553,2.26553
889,2.26553,2.26553
890,0.982794,0.982794
891,0.982794,0.982794
892,0.982794,0.982794
893,0.982794,0.982794
894,1.24905,1.24905
895,1.24905,1.24905
896,1.24905,1.24905
897,0.927295,0.927295
898,0.927295,0.927295
899,0.927295,0.927295
900,0.927295,0.927295
901,0.927295,0.927295
902,1.40565,1.40565
903,1.40565,1.40565
904,1.40565,1.40565
905,1.40565,1.40565
906,1.40565,1.40565
907,1.40565,1.40565
908,1.2925,1.2925
909,1.2925,1.2925
910,1.2925,1.2925
911,1.2925,1.2925
912,1.2925,1.2925
913,1.35213,1.35213
914,1.35213,1.35213
915,1.35213,1.35213
916,1.35213,1.35213
917,1.35213,1.35213
918,1.35213,1.35213
919,1.35213,1.35213
920,1.35213,1.35213
921,1.35213,1.35213
922,1.35213,1.35213
923,1.35213,1.35213
924,1.35213,1.35213
925,1.76819,1.76819
926,1.76819,1.76819
927,1.76819,1.76819
928,1.76819,1.76819
929,1.76819,1.76819
930,1.76819,1.76819
931,2.1588,2.1588
932,2.1588,2.1588
933,2.1588,2.1588
934,1.81577,1.81577
935,1.81577,1.81577
936,1.81577,1.81577
937,1.81577,1.81577
938,2.1588,2.1588
939,2.1588,2.1588
940,2.1588,2.1588
941,2.1588,2.1588
942,2.1588,2.1588
943,2.67795,2.67795
944,3.7296,-2.55359
945,3.7296,-2.55359
946,4.12439,-2.1588
947,4.12439,-2.1588
948,4.12439,-2.1588
949,4.12439,-2.1588
950,3.7296,-2.55359
951,3.7296,-2.55359
952,2.81984,2.81984
953,2.81984,2.81984
954,2.81984,2.81984
955,2.81984,2.81984
956,3.33899,-2.9442
957,3.33899,-2.9442
958,3.33899,-2.9442
959,3.33899,-2.9442
960,3.33899,-2.9442
961,3.33899,-2.9442
962,3.33899,-2.9442
963,3.87441,-2.40878
964,3.87441,-2.40878
965,3.87441,-2.40878
966,3.87441,-2.40878
967,3.87441,-2.40878
968,3.87441,-2.40878
969,3.87441,-2.40878
970,3.87441,-2.40878
971,3.97957,-2.30361
972,3.97957,-2.30361
973,3.97957,-2.30361
974,3.97957,-2.30361
975,3.97957,-2.30361
976,3.97957,-2.30361
977,3.97957,-2.30361
978,3.97957,-2.30361
979,3.97957,-2.30361
980,3.97957,-2.30361
981,3.97957,-2.30361
982,3.97957,-2.30361
983,3.97957,-2.30361
984,3.97957,-2.30361
985,3.97957,-2.30361
986,3.85022,-2.43297
987,3.85022,-2.43297
988,3.85022,-2.43297
989,3.85022,-2.43297
990,3.85022,-2.43297
991,3.46334,-2.81984
992,3.46334,-2.81984
993,3.46334,-2.81984
994,4.46741,-1.81577
995,4.46741,-1.81577
996,4.46741,-1.81577
997,4.46741,-1.81577
998,4.46741,-1.81577
999,4.46741,-1.81577
1000,5.17604,-1.10715
1001,5.17604,-1.10715
1002,5.17604,-1.10715
1003,3.60524,-2.67795
1004,2.86329,2.86329
1005,2.86329,2.86329
1006,2.86329,2.86329
1007,2.86329,2.86329
1008,2.86329,2.86329
1009,2.86329,2.86329
1010,3.01724,3.01724
1011,3.01724,3.01724
1012,3.01724,3.01724
1013,3.01724,3.01724
1014,3.26595,-3.01724
1015,3.26595,-3.01724
1016,3.26595,-3.01724
1017,3.26595,-3.01724
1018,3.5221,-2.76109
1019,3.5221,-2.76109
1020,3.68201,-2.60117
1021,3.78509,-2.49809
1022,3.78509,-2.49809
1023,3.78509,-2.49809
1024,3.78509,-2.49809
1025,3.78509,-2.49809
1026,3.46334,-2.81984
1027,3.46334,-2.81984
1028,2.70497,2.70497
1029,2.70497,2.70497
1030,2.70497,2.70497
1031,2.70497,2.70497
1032,2.70497,2.70497
1033,2.70497,2.70497
1034,2.70497,2.70497
1035,2.70497,2.70497
1036,2.70497,2.70497
1037,2.70497,2.70497
1038,2.65164,2.65164
1039,2.65164,2.65164
1040,2.65164,2.65164
1041,2.65164,2.65164
1042,2.65164,2.65164
1043,2.65164,2.65164
1044,2.65164,2.65164
1045,2.65164,2.65164
1046,2.65164,2.65164
1047,2.65164,2.65164
1048,2.65164,2.65164
1049,2.65164,2.65164
1050,2.76109,2.76109
1051,2.76109,2.76109
1052,2.76109,2.76109
1053,2.76109,2.76109
1054,2.76109,2.76109
1055,2.62245,2.62245
1056,2.62245,2.62245
1057,2.62245,2.62245
1058,2.62245,2.62245
1059,2.62245,2.62245
1060,2.62245,2.62245
1061,2.62245,2.62245
1062,2.7367,2.7367
1063,2.7367,2.7367
1064,2.7367,2.7367
1065,2.7367,2.7367
1066,2.7367,2.7367
1067,2.7367,2.7367
1068,2.7367,2.7367
1069,2.7367,2.7367
1070,2.60117,2.60117
1071,2.60117,2.60117
1072,2.60117,2.60117
1073,2.60117,2.60117
1074,2.81984,2.81984
1075,2.81984,2.81984
1076,2.81984,2.81984
1077,2.60117,2.60117
1078,2.60117,2.60117
1079,2.60117,2.60117
1080,2.60117,2.60117
1081,2.60117,2.60117
1082,2.76109,2.76109
1083,2.76109,2.76109
1084,2.76109,2.76109
1085,2.76109,2.76109
1086,2.55359,2.55359
1087,2.55359,2.55359
1088,2.55359,2.55359
1089,2.81984,2.81984
1090,2.81984,2.81984
1091,2.81984,2.81984
1092,2.63449,2.63449
1093,2.63449,2.63449
1094,2.63449,2.63449
1095,2.63449,2.63449
1096,2.63449,2.63449
1097,2.63449,2.63449
1098,2.63449,2.63449
1099,2.63449,2.63449
1100,2.72337,2.72337
1101,2.72337,2.72337
1102,2.72337,2.72337
1103,2.72337,2.72337
1104,2.72337,2.72337
1105,2.72337,2.72337
1106,2.72337,2.72337
1107,2.72337,2.72337
1108,2.72337,2.72337
1109,2.72337,2.72337
1110,2.72337,2.72337
1111,2.72337,2.72337
1112,2.63449,2.63449
1113,2.63449,2.63449
1114,2.63449,2.63449
1115,2.63449,2.63449
1116,2.63449,2.63449
1117,2.63449,2.63449
1118,2.63449,2.63449
1119,2.63449,2.63449
1120,2.63449,2.63449
1121,2.69922,2.69922
1122,2.69922,2.69922
1123,2.69922,2.69922
1124,2.69922,2.69922
1125,2.69922,2.69922
1126,2.69922,2.69922
1127,2.69922,2.69922
1128,2.69922,2.69922
1129,2.69922,2.69922
1130,2.69922,2.69922
1131,2.69922,2.69922
1132,2.69922,2.69922
1133,2.69922,2.69922
1134,2.69922,2.69922
1135,2.69922,2.69922
1136,2.69922,2.69922
1137,2.69922,2.69922
1138,2.69922,2.69922
1139,2.69922,2.69922
1140,2.69922,2.69922
1141,2.69922,2.69922
1142,2.69922,2.69922
1143,2.69922,2.69922
1144,2.69922,2.69922
1145,2.69922,2.69922
1146,2.69922,2.69922
1147,2.69922,2.69922
1148,2.69922,2.69922
1149,2.69922,2.69922
1150,2.69922,2.69922
1151,2.69922,2.69922
1152,2.69922,2.69922
1153,2.69922,2.69922
1154,2.69922,2.69922
1155,2.69922,2.69922
1156,2.62245,2.62245
1157,2.62245,2.62245
1158,2.62245,2.62245
1159,2.62245,2.62245
1160,2.62245,2.62245
1161,2.62245,2.62245
1162,2.62245,2.62245
1163,2.62245,2.62245
1164,2.62245,2.62245
1165,2.72337,2.72337
1166,2.72337,2.72337
1167,2.72337,2.72337
1168,2.72337,2.72337
1169,2.72337,2.72337
1170,2.72337,2.72337
1171,2.72337,2.72337
1172,2.72337,2.72337
1173,2.72337,2.72337
1174,2.72337,2.72337
1175,2.72337,2.72337
1176,2.72337,2.72337
1177,2.72337,2.72337
1178,2.72337,2.72337
1179,2.72337,2.72337
1180,2.72337,2.72337
1181,2.78282,2.78282
1182,2.78282,2.78282
1183,2.86329,2.86329
1184,2.86329,2.86329
1185,3.05093,3.05093
1186,3.05093,3.05093
1187,3.05093,3.05093
1188,3.05093,3.05093
1189,3.05093,3.05093
1190,3.05093,3.05093
1191,3.23225,-3.05093
1192,3.23225,-3.05093
1193,3.23225,-3.05093
1194,3.23225,-3.05093
1195,3.23225,-3.05093
1196,3.41989,-2.86329
1197,3.41989,-2.86329
1198,3.50036,-2.78282
1199,3.50036,-2.78282
1200,3.54648,-2.7367
1201,3.54648,-2.7367
1202,3.54648,-2.7367
1203,3.66074,-2.62245
1204,3.66074,-2.62245
1205,3.66074,-2.62245
1206,3.86823,-2.41495
1207,3.86823,-2.41495
1208,3.86823,-2.41495
1209,3.86823,-2.41495
1210,3.86823,-2.41495
1211,3.86823,-2.41495
1212,3.86823,-2.41495
1213,3.98575,-2.29744
1214,3.98575,-2.29744
1215,3.98575,-2.29744
1216,3.98575,-2.29744
1217,3.98575,-2.29744
1218,3.98575,-2.29744
1219,3.98575,-2.29744
1220,4.09214,-2.19105
1221,4.09214,-2.19105
1222,4.09214,-2.19105
1223,4.09214,-2.19105
1224,4.09214,-2.19105
1225,4.39064,-1.89255
1226,4.39064,-1.89255
1227,4.39064,-1.89255
1228,4.06889,-2.2143
1229,4.06889,-2.2143
1230,4.06889,-2.2143
1231,4.06889,-2.2143
1232,4.06889,-2.2143
1233,4.06889,-2.2143
1234,4.06889,-2.2143
1235,4.06889,-2.2143
1236,4.06889,-2.2143
1237,4.06889,-2.2143
1238,4.06889,-2.2143
1239,5.17604,-1.10715
1240,5.17604,-1.10715
1241,4.12439,-2.1588
1242,4.12439,-2.1588
1243,3.7296,-2.55359
1244,3.7296,-2.55359
1245,3.7296,-2.55359
1246,4.33188,-1.9513
1247,4.33188,-1.9513
1248,4.33188,-1.9513
1249,4.51499,-1.76819
1250,4.51499,-1.76819
1251,4.51499,-1.76819
1252,4.51499,-1.76819
1253,4.51499,-1.76819
1254,4.12439,-2.1588
1255,3.78509,-2.49809
1256,3.78509,-2.49809
1257,3.78509,-2.49809
1258,3.78509,-2.49809
1259,3.78509,-2.49809
1260,4.06889,-2.2143
1261,4.06889,-2.2143
1262,4.21845,-2.06474
1263,4.21845,-2.06474
1264,4.21845,-2.06474
1265,4.21845,-2.06474
1266,4.21845,-2.06474
1267,4.21845,-2.06474
1268,4.21845,-2.06474
1269,4.21845,-2.06474
1270,4.27998,-2.0032
1271,4.27998,-2.0032
1272,4.27998,-2.0032
1273,4.27998,-2.0032
1274,4.27998,-2.0032
1275,4.27998,-2.0032
1276,4.27998,-2.0032
1277,4.46741,-1.81577
1278,4.46741,-1.81577
1279,4.95737,-1.32582
1280,4.95737,-1.32582
1281,4.95737,-1.32582
1282,4.95737,-1.32582
1283,4.95737,-1.32582
1284,4.46741,-1.81577
1285,4.46741,-1.81577
1286,4.28576,-1.99742
1287,4.28576,-1.99742
1288,4.28576,-1.99742
1289,4.28576,-1.99742
1290,4.28576,-1.99742
1291,4.28576,-1.99742
1292,4.28576,-1.99742
1293,4.28576,-1.99742
1294,4.28576,-1.99742
1295,4.28576,-1.99742
1296,4.28576,-1.99742
1297,4.28576,-1.99742
1298,4.28576,-1.99742
1299,4.3176,-1.96559
1300,4.3176,-1.96559
1301,4.3176,-1.96559
1302,4.3176,-1.96559
1303,4.3176,-1.96559
1304,4.3176,-1.96559
1305,4.3176,-1.96559
1306,4.3176,-1.96559
1307,4.3176,-1.96559
1308,4.3176,-1.96559
1309,4.12439,-2.1588
1310,4.12439,-2.1588
1311,4.12439,-2.1588
1312,4.12439,-2.1588
1313,4.12439,-2.1588
1314,3.7296,-2.55359
1315,3.7296,-2.55359
1316,3.7296,-2.55359
1317,3.7296,-2.55359
1318,3.7296,-2.55359
1319,3.7296,-2.55359
1320,3.7296,-2.55359
1321,4.20529,-2.07789
1322,4.20529,-2.07789
1323,4.20529,-2.07789
1324,4.20529,-2.07789
1325,4.20529,-2.07789
1326,4.20529,-2.07789
1327,4.20529,-2.07789
1328,4.20529,-2.07789
1329,4.20529,-2.07789
1330,4.20529,-2.07789
1331,4.20529,-2.07789
1332,4.20529,-2.07789
1333,4.20529,-2.07789
1334,4.20529,-2.07789
1335,4.39064,-1.89255
1336,4.39064,-1.89255
1337,4.39064,-1.89255
1338,4.39064,-1.89255
1339,4.39064,-1.89255
1340,4.39064,-1.89255
1341,4.39064,-1.89255
1342,4.12439,-2.1588
1343,4.12439,-2.1588
1344,4.12439,-2.1588
1345,4.27998,-2.0032
1346,4.27998,-2.0032
1347,4.27998,-2.0032
1348,4.27998,-2.0032
1349,4.27998,-2.0032
1350,4.27998,-2.0032
1351,4.27998,-2.0032
1352,4.27998,-2.0032
1353,4.27998,-2.0032
1354,4.27998,-2.0032
1355,4.27998,-2.0032
1356,4.27998,-2.0032
1357,4.27998,-2.0032
1358,4.27998,-2.0032
1359,4.27998,-2.0032
1360,4.27998,-2.0032
1361,4.27998,-2.0032
1362,4.27998,-2.0032
1363,4.27998,-2.0032
1364,4.27998,-2.0032
1365,4.27998,-2.0032
1366,4.27998,-2.0032
1367,4.12439,-2.1588
1368,4.12439,-2.1588
1369,4.12439,-2.1588
1370,4.27576,-2.00742
1371,4.27576,-2.00742
1372,4.27576,-2.00742
1373,4.27576,-2.00742
1374,4.27576,-2.00742
1375,4.27576,-2.00742
1376,4.27576,-2.00742
1377,4.27576,-2.00742
1378,4.27576,-2.00742
1379,4.27576,-2.00742
1380,4.27576,-2.00742
1381,4.27576,-2.00742
1382,4.27576,-2.00742
1383,4.27576,-2.00742
1384,4.27576,-2.00742
1385,4.27576,-2.00742
1386,4.27576,-2.00742
1387,4.27576,-2.00742
1388,4.27576,-2.00742
1389,4.27576,-2.00742
1390,4.27576,-2.00742
1391,4.27576,-2.00742
1392,4.27576,-2.00742
1393,4.27576,-2.00742
1394,4.27576,-2.00742
1395,4.12439,-2.1588
1396,4.12439,-2.1588
1397,4.12439,-2.1588
1398,4.29998,-1.98321
1399,4.29998,-1.98321
1400,4.29998,-1.98321
1401,4.29998,-1.98321
1402,4.29998,-1.98321
1403,4.29998,-1.98321
1404,4.29998,-1.98321
1405,4.29998,-1.98321
1406,4.29998,-1.98321
1407,4.29998,-1.98321
1408,4.29998,-1.98321
1409,4.29998,-1.98321
1410,4.29998,-1.98321
1411,4.29998,-1.98321
1412,4.29998,-1.98321
1413,4.29998,-1.98321
1414,4.29998,-1.98321
1415,4.29998,-1.98321
1416,4.29998,-1.98321
1417,4.29998,-1.98321
1418,4.29998,-1.98321
1419,4.29998,-1.98321
1420,4.29998,-1.98321
1421,4.29998,-1.98321
1422,4.29998,-1.98321
1423,4.29998,-1.98321
1424,4.21304,-2.07014
1425,4.21304,-2.07014
1426,4.21304,-2.07014
1427,4.21304,-2.07014
1428,4.21304,-2.07014
1429,4.21304,-2.07014
1430,4.21304,-2.07014
1431,4.21304,-2.07014
1432,4.21304,-2.07014
1433,4.28576,-1.99742
1434,4.28576,-1.99742
1435,4.28576,-1.99742
1436,4.28576,-1.99742
1437,4.28576,-1.99742
1438,4.28576,-1.99742
1439,4.51499,-1.76819
1440,4.51499,-1.76819
1441,4.51499,-1.76819
1442,4.51499,-1.76819
1443,4.51499,-1.76819
1444,4.29097,-1.99222
1445,4.29097,-1.99222
1446,4.29097,-1.99222
1447,4.29097,-1.99222
1448,4.29097,-1.99222
1449,4.29097,-1.99222
1450,4.29097,-1.99222
1451,4.29097,-1.99222
1452,4.29097,-1.99222
1453,4.29097,-1.99222
1454,4.29097,-1.99222
1455,4.29097,-1.99222
1456,4.29097,-1.99222
1457,4.29097,-1.99222
1458,4.29097,-1.99222
1459,4.29097,-1.99222
1460,4.29097,-1.99222
1461,4.29097,-1.99222
1462,4.29097,-1.99222
1463,4.29097,-1.99222
1464,4.29097,-1.99222
1465,4.29097,-1.99222
1466,4.29097,-1.99222
1467,4.29097,-1.99222
1468,4.29097,-1.99222
1469,4.29097,-1.99222
1470,4.29097,-1.99222
1471,4.29097,-1.99222
1472,4.29097,-1.99222
1473,4.29097,-1.99222
1474,4.29097,-1.99222
1475,4.29097,-1.99222
1476,4.21304,-2.07014
1477,4.21304,-2.07014
1478,4.21304,-2.07014
1479,4.21304,-2.07014
1480,4.21304,-2.07014
1481,4.21304,-2.07014
1482,4.15379,-2.1294
1483,4.15379,-2.1294
1484,4.15379,-2.1294
1485,4.15379,-2.1294
1486,4.15379,-2.1294
1487,4.15379,-2.1294
1488,4.15379,-2.1294
1489,4.15379,-2.1294
1490,4.26797,-2.01522
1491,4.26797,-2.01522
1492,4.26797,-2.01522
1493,4.26797,-2.01522
1494,4.26797,-2.01522
1495,4.26797,-2.01522
1496,4.26797,-2.01522
1497,4.26797,-2.01522
1498,4.26797,-2.01522
1499,4.26797,-2.01522
1500,4.26797,-2.01522
1501,4.26797,-2.01522
1502,4.26797,-2.01522
1503,4.26797,-2.01522
1504,4.26797,-2.01522
1505,4.26797,-2.01522
1506,4.26797,-2.01522
1507,4.22988,-2.05331
1508,4.22988,-2.05331
1509,4.22988,-2.05331
1510,4.22988,-2.05331
1511,4.22988,-2.05331
1512,4.22988,-2.05331
1513,4.22988,-2.05331
1514,4.22988,-2.05331
1515,4.22988,-2.05331
1516,4.22988,-2.05331
1517,4.22988,-2.05331
1518,4.22988,-2.05331
1519,4.22988,-2.05331
1520,4.22988,-2.05331
1521,4.22988,-2.05331
1522,4.22988,-2.05331
1523,4.22988,-2.05331
1524,4.22988,-2.05331
1525,4.22988,-2.05331
1526,4.22988,-2.05331
1527,4.22988,-2.05331
1528,4.22988,-2.05331
1529,4.22988,-2.05331
1530,4.22988,-2.05331
1531,4.22988,-2.05331
1532,4.22988,-2.05331
1533,4.22988,-2.05331
1534,4.27255,-2.01064
1535,4.27255,-2.01064
1536,4.27255,-2.01064
1537,4.27255,-2.01064
1538,4.27255,-2.01064
1539,4.27255,-2.01064
1540,4.27255,-2.01064
1541,4.27255,-2.01064
1542,4.27255,-2.01064
1543,4.27255,-2.01064
1544,4.3176,-1.96559
1545,4.3176,-1.96559
1546,4.3176,-1.96559
1547,4.3176,-1.96559
1548,4.3176,-1.96559
1549,4.3176,-1.96559
1550,4.3176,-1.96559
1551,4.3176,-1.96559
1552,4.3176,-1.96559
1553,4.3176,-1.96559
1554,4.29416,-1.98902
1555,4.29416,-1.98902
1556,4.29416,-1.98902
1557,4.29416,-1.98902
1558,4.29416,-1.98902
1559,4.29416,-1.98902
1560,4.29416,-1.98902
1561,4.29416,-1.98902
1562,4.29416,-1.98902
1563,4.29416,-1.98902
1564,4.29416,-1.98902
1565,4.29416,-1.98902
1566,4.29416,-1.98902
1567,4.29416,-1.98902
1568,4.29416,-1.98902
1569,4.17197,-2.11122
1570,4.17197,-2.11122
1571,4.17197,-2.11122
1572,4.17197,-2.11122
1573,4.3176,-1.96559
1574,4.3176,-1.96559
1575,4.3176,-1.96559
1576,4.3176,-1.96559
1577,4.3176,-1.96559
1578,4.3176,-1.96559
1579,4.3176,-1.96559
1580,4.3176,-1.96559
1581,4.3176,-1.96559
1582,4.3176,-1.96559
1583,4.28576,-1.99742
1584,4.28576,-1.99742
1585,4.28576,-1.99742
1586,4.28576,-1.99742
1587,4.28576,-1.99742
1588,4.28576,-1.99742
1589,4.28576,-1.99742
1590,4.28576,-1.99742
1591,4.28576,-1.99742
1592,4.28576,-1.99742
1593,4.28576,-1.99742
1594,4.28576,-1.99742
1595,4.28576,-1.99742
1596,4.28576,-1.99742
1597,4.28576,-1.99742
1598,4.28576,-1.99742
1599,4.28576,-1.99742
1600,4.28576,-1.99742
1601,4.28576,-1.99742
1602,4.19324,-2.08994
1603,4.19324,-2.08994
1604,4.19324,-2.08994
1605,4.19324,-2.08994
1606,4.19324,-2.08994
1607,4.19324,-2.08994
1608,4.19324,-2.08994
1609,4.19324,-2.08994
1610,4.34522,-1.93797
1611,4.34522,-1.93797
1612,4.34522,-1.93797
1613,4.34522,-1.93797
1614,4.34522,-1.93797
1615,4.34522,-1.93797
1616,4.34522,-1.93797
1617,4.34522,-1.93797
1618,4.34522,-1.93797
1619,4.34522,-1.93797
1620,4.34522,-1.93797
1621,4.34522,-1.93797
1622,4.3176,-1.96559
1623,4.3176,-1.96559
1624,4.3176,-1.96559
1625,4.28576,-1.99742
1626,4.28576,-1.99742
1627,4.28576,-1.99742
1628,4.28576,-1.99742
1629,4.28576,-1.99742
1630,4.28576,-1.99742
1631,4.28576,-1.99742
1632,4.28576,-1.99742
1633,4.28576,-1.99742
1634,4.28576,-1.99742
1635,4.28576,-1.99742
1636,4.28576,-1.99742
1637,4.28576,-1.99742
1638,4.2987,-1.98449
1639,4.2987,-1.98449
1640,4.2987,-1.98449
1641,4.2987,-1.98449
1642,4.2987,-1.98449
1643,4.2987,-1.98449
1644,4.2987,-1.98449
1645,4.2987,-1.98449
1646,4.2987,-1.98449
1647,4.2987,-1.98449
1648,4.2987,-1.98449
1649,4.2987,-1.98449
1650,4.2987,-1.98449
1651,4.2987,-1.98449
1652,4.2987,-1.98449
1653,4.2987,-1.98449
1654,4.2987,-1.98449
1655,4.2987,-1.98449
1656,4.2987,-1.98449
1657,4.2987,-1.98449
1658,4.2987,-1.98449
1659,4.2987,-1.98449
1660,4.2987,-1.98449
1661,4.2987,-1.98449
1662,4.2987,-1.98449
1663,4.2987,-1.98449
1664,4.2987,-1.98449
1665,4.2987,-1.98449
1666,4.2987,-1.98449
1667,4.2987,-1.98449
1668,4.2987,-1.98449
1669,4.2987,-1.98449
1670,4.2987,-1.98449
1671,4.2987,-1.98449
1672,4.2987,-1.98449
1673,4.2987,-1.98449
1674,4.2987,-1.98449
1675,4.2987,-1.98449
1676,4.2987,-1.98449
1677,4.2987,-1.98449
1678,4.2987,-1.98449
1679,4.2987,-1.98449
1680,4.2987,-1.98449
1681,4.2987,-1.98449
1682,4.2987,-1.98449
1683,4.2987,-1.98449
1684,4.2987,-1.98449
1685,4.2987,-1.98449
1686,4.30132,-1.98186
1687,4.30132,-1.98186
1688,4.30132,-1.98186
1689,4.30132,-1.98186
1690,4.30132,-1.98186
1691,4.30132,-1.98186
1692,4.30132,-1.98186
1693,4.30132,-1.98186
1694,4.30132,-1.98186
1695,4.30132,-1.98186
1696,4.30132,-1.98186
1697,4.30424,-1.97895
1698,4.30424,-1.97895
1699,4.30424,-1.97895
1700,4.30424,-1.97895
1701,4.30424,-1.97895
1702,4.30424,-1.97895
1703,4.30424,-1.97895
1704,4.30424,-1.97895
1705,4.30424,-1.97895
1706,4.30424,-1.97895
1707,4.30424,-1.97895
1708,4.30424,-1.97895
1709,4.30424,-1.97895
1710,4.30424,-1.97895
1711,4.30424,-1.97895
1712,4.30424,-1.97895
1713,4.30424,-1.97895
1714,4.30424,-1.97895
1715,4.30424,-1.97895
1716,4.30424,-1.97895
1717,4.30424,-1.97895
1718,4.30424,-1.97895
1719,4.30424,-1.97895
1720,4.30424,-1.97895
1721,4.30424,-1.97895
1722,4.30424,-1.97895
1723,4.30424,-1.97895
1724,4.30424,-1.97895
1725,4.30424,-1.97895
1726,4.30424,-1.97895
1727,4.30424,-1.97895
1728,4.30424,-1.97895
1729,4.30424,-1.97895
1730,4.30424,-1.97895
1731,4.30424,-1.97895
1732,4.30424,-1.97895
1733,4.30424,-1.97895
1734,4.30424,-1.97895
1735,4.30424,-1.97895
1736,4.30424,-1.97895
1737,4.30424,-1.97895
1738,4.30424,-1.97895
1739,4.30424,-1.97895
1740,4.30424,-1.97895
1741,4.30424,-1.97895
1742,4.30424,-1.97895
1743,4.30424,-1.97895
1744,4.30424,-1.97895
1745,4.30424,-1.97895
1746,4.30424,-1.97895
1747,4.30424,-1.97895
1748,4.30424,-1.97895
1749,4.30424,-1.97895
1750,4.30424,-1.97895
1751,4.30424,-1.97895
1752,4.30424,-1.97895
1753,4.30424,-1.97895
1754,4.30424,-1.97895
1755,4.30424,-1.97895
1756,4.30424,-1.97895
1757,4.30424,-1.97895
1758,4.30424,-1.97895
1759,4.30424,-1.97895
1760,4.36937,-1.91382
1761,4.36937,-1.91382
1762,4.36937,-1.91382
1763,4.36937,-1.91382
1764,4.36937,-1.91382
1765,4.36937,-1.91382
1766,4.36937,-1.91382
1767,4.36937,-1.91382
1768,4.36937,-1.91382
1769,4.36937,-1.91382
1770,4.36937,-1.91382
1771,4.36937,-1.91382
1772,4.36937,-1.91382
1773,4.36937,-1.91382
1774,4.36937,-1.91382
1775,4.36937,-1.91382
1776,4.36937,-1.91382
1777,4.36937,-1.91382
1778,4.36937,-1.91382
1779,4.49372,-1.78947
1780,4.49372,-1.78947
1781,4.49372,-1.78947
1782,4.49372,-1.78947
1783,4.49372,-1.78947
1784,4.49372,-1.78947
1785,4.49372,-1.78947
1786,4.49372,-1.78947
1787,4.49372,-1.78947
1788,4.49372,-1.78947
1789,4.49372,-1.78947
1790,4.49372,-1.78947
1791,4.49372,-1.78947
1792,4.49372,-1.78947
1793,4.49372,-1.78947
1794,4.49372,-1.78947
1795,4.57049,-1.71269
1796,4.57049,-1.71269
1797,4.57049,-1.71269
1798,4.57049,-1.71269
1799,4.57049,-1.71269
1800,4.57049,-1.71269
1801,4.57049,-1.71269
