#Grabcut execution time: 0s 393ms 393106us 
0.0000              69.3060             
1.0000              62.7810             
2.0000              62.5551             
3.0000              62.9930             
4.0000              63.4928             
5.0000              63.7974             
6.0000              63.7813             
7.0000              64.2101             
8.0000              64.1720             
9.0000              64.5050             
10.0000             64.2517             
11.0000             64.5750             
12.0000             64.8279             
13.0000             64.9599             
14.0000             65.1943             
15.0000             65.2318             
16.0000             65.0739             
17.0000             65.2890             
18.0000             65.0990             
19.0000             65.0757             
20.0000             64.8616             
21.0000             65.1685             
22.0000             64.8454             
23.0000             65.1821             
24.0000             64.8452             
25.0000             65.1821             
26.0000             64.8452             
27.0000             65.1821             
28.0000             64.8452             
29.0000             65.1821             
30.0000             64.8452             
31.0000             64.8452             
#Execution time: 85s 85134ms 85134697us 
