#Grabcut execution time: 0s 342ms 342755us 
0.0000              719.8870            
1.0000              555.9649            
2.0000              552.3395            
3.0000              546.1315            
4.0000              548.5752            
5.0000              547.0170            
6.0000              547.8678            
7.0000              548.2241            
8.0000              549.3267            
9.0000              550.5966            
10.0000             549.7618            
11.0000             548.6357            
12.0000             547.4332            
13.0000             547.5098            
14.0000             546.8944            
15.0000             548.3137            
16.0000             547.1388            
17.0000             544.9855            
18.0000             546.8499            
19.0000             545.2869            
20.0000             544.7958            
21.0000             545.4433            
22.0000             544.4685            
23.0000             546.0228            
24.0000             546.6286            
25.0000             546.3157            
26.0000             546.6971            
27.0000             547.5436            
28.0000             547.2896            
29.0000             545.8916            
30.0000             546.8769            
31.0000             546.8769            
#Execution time: 39s 39961ms 39961701us 
