#Grabcut execution time: 0s 345ms 345824us 
0.0000              25.7181             
1.0000              27.3489             
2.0000              28.4730             
3.0000              29.2606             
4.0000              29.7682             
5.0000              30.1824             
6.0000              30.6156             
7.0000              31.1289             
8.0000              31.4716             
9.0000              31.7638             
10.0000             31.9587             
11.0000             32.1149             
12.0000             32.2202             
13.0000             32.3784             
14.0000             32.4619             
15.0000             32.5102             
16.0000             32.5567             
17.0000             32.5728             
18.0000             32.5727             
19.0000             32.5727             
20.0000             32.5727             
21.0000             32.5727             
22.0000             32.5727             
23.0000             32.5727             
24.0000             32.5727             
25.0000             32.5727             
26.0000             32.5727             
27.0000             32.5727             
28.0000             32.5727             
29.0000             32.5727             
30.0000             32.5727             
31.0000             32.5727             
#Execution time: 92s 92568ms 92568526us 
