#Grabcut execution time: 0s 352ms 352241us 
0.0000              46.2580             
1.0000              29.1452             
2.0000              27.4448             
3.0000              27.2362             
4.0000              27.6297             
5.0000              27.2695             
6.0000              27.4060             
7.0000              27.4021             
8.0000              27.6342             
9.0000              27.5530             
10.0000             27.4762             
11.0000             27.6523             
12.0000             27.4933             
13.0000             27.6196             
14.0000             27.7287             
15.0000             27.6047             
16.0000             27.7040             
17.0000             27.6537             
18.0000             27.7229             
19.0000             27.6632             
20.0000             27.7812             
21.0000             27.6405             
22.0000             27.8125             
23.0000             27.6783             
24.0000             27.8738             
25.0000             27.6817             
26.0000             27.8788             
27.0000             27.6998             
28.0000             27.8886             
29.0000             27.6983             
30.0000             27.8887             
31.0000             27.8887             
#Execution time: 70s 70126ms 70126640us 
