#Grabcut execution time: 0s 350ms 350358us 
0.0000              69.1983             
1.0000              17.6676             
2.0000              15.9484             
3.0000              15.4747             
4.0000              15.4614             
5.0000              15.5420             
6.0000              15.4968             
7.0000              15.5039             
8.0000              15.5883             
9.0000              15.6574             
10.0000             15.6720             
11.0000             15.6851             
12.0000             15.7123             
13.0000             15.5532             
14.0000             15.5736             
15.0000             15.4851             
16.0000             15.5052             
17.0000             15.4766             
18.0000             15.4613             
19.0000             15.4974             
20.0000             15.4815             
21.0000             15.5231             
22.0000             15.4507             
23.0000             15.4979             
24.0000             15.5376             
25.0000             15.5471             
26.0000             15.5183             
27.0000             15.5053             
28.0000             15.4942             
29.0000             15.4960             
30.0000             15.4903             
31.0000             15.4903             
#Execution time: 64s 64874ms 64874053us 
