#Grabcut execution time: 0s 345ms 345228us 
0.0000              101.9591            
1.0000              40.5010             
2.0000              38.5642             
3.0000              38.1151             
4.0000              37.9011             
5.0000              37.9971             
6.0000              37.8018             
7.0000              37.8020             
8.0000              38.0528             
9.0000              37.9625             
10.0000             38.1178             
11.0000             37.9339             
12.0000             38.1051             
13.0000             38.0138             
14.0000             38.1921             
15.0000             38.1022             
16.0000             38.2855             
17.0000             38.1981             
18.0000             38.3522             
19.0000             38.3300             
20.0000             38.4861             
21.0000             38.5156             
22.0000             38.5415             
23.0000             38.6543             
24.0000             38.4594             
25.0000             38.6026             
26.0000             38.4807             
27.0000             38.7808             
28.0000             38.6789             
29.0000             38.8235             
30.0000             38.8540             
31.0000             38.8540             
#Execution time: 54s 54633ms 54633586us 
