#Grabcut execution time: 0s 401ms 401943us 
0.0000              208.2905            
1.0000              121.2375            
2.0000              117.7883            
3.0000              116.8349            
4.0000              115.4498            
5.0000              114.7047            
6.0000              114.8254            
7.0000              114.3816            
8.0000              114.3664            
9.0000              114.3709            
10.0000             114.3207            
11.0000             114.0641            
12.0000             114.0514            
13.0000             113.9636            
14.0000             113.9781            
15.0000             113.9281            
16.0000             113.9360            
17.0000             113.7580            
18.0000             113.7287            
19.0000             113.7293            
20.0000             113.8095            
21.0000             113.7426            
22.0000             113.9285            
23.0000             113.8352            
24.0000             113.7272            
25.0000             113.7227            
26.0000             113.6745            
27.0000             113.6867            
28.0000             113.6221            
29.0000             113.6441            
30.0000             113.6490            
31.0000             113.6490            
#Execution time: 13s 13374ms 13374220us 
