#Grabcut execution time: 0s 338ms 338236us 
0.0000              411.1870            
1.0000              237.8811            
2.0000              231.0537            
3.0000              229.1814            
4.0000              226.4392            
5.0000              224.9680            
6.0000              225.2140            
7.0000              224.3449            
8.0000              224.3182            
9.0000              224.3251            
10.0000             224.2324            
11.0000             223.7294            
12.0000             223.7018            
13.0000             223.5384            
14.0000             223.5618            
15.0000             223.4606            
16.0000             223.4819            
17.0000             223.1373            
18.0000             223.0792            
19.0000             223.0804            
20.0000             223.2370            
21.0000             223.1048            
22.0000             223.4794            
23.0000             223.2923            
24.0000             223.0801            
25.0000             223.0718            
26.0000             222.9763            
27.0000             222.9975            
28.0000             222.8736            
29.0000             222.9175            
30.0000             222.9273            
31.0000             222.9273            
#Execution time: 11s 11552ms 11552028us 
