#Grabcut execution time: 0s 340ms 340076us 
0.0000              70.5258             
1.0000              72.1566             
2.0000              73.0727             
3.0000              73.7972             
4.0000              74.2575             
5.0000              74.6379             
6.0000              75.0279             
7.0000              75.5102             
8.0000              75.8368             
9.0000              76.1179             
10.0000             76.3039             
11.0000             76.4536             
12.0000             76.5566             
13.0000             76.7131             
14.0000             76.7935             
15.0000             76.8390             
16.0000             76.8846             
17.0000             76.9003             
18.0000             76.9000             
19.0000             76.9000             
20.0000             76.9000             
21.0000             76.9000             
22.0000             76.9000             
23.0000             76.9000             
24.0000             76.9000             
25.0000             76.9000             
26.0000             76.9000             
27.0000             76.9000             
28.0000             76.9000             
29.0000             76.9000             
30.0000             76.9000             
31.0000             76.9000             
#Execution time: 46s 46932ms 46932250us 
