#Grabcut execution time: 0s 337ms 337721us 
0.0000              57.4181             
1.0000              4.6278              
2.0000              2.9317              
3.0000              2.4616              
4.0000              2.1499              
5.0000              1.9085              
6.0000              1.6947              
7.0000              1.5391              
8.0000              1.3987              
9.0000              1.2935              
10.0000             1.1810              
11.0000             1.1095              
12.0000             0.9657              
13.0000             0.9149              
14.0000             0.8931              
15.0000             0.8424              
16.0000             0.8209              
17.0000             0.7895              
18.0000             0.7765              
19.0000             0.7551              
20.0000             0.7394              
21.0000             0.7390              
22.0000             0.6865              
23.0000             0.6719              
24.0000             0.6661              
25.0000             0.6442              
26.0000             0.6512              
27.0000             0.6270              
28.0000             0.6178              
29.0000             0.5843              
30.0000             0.5554              
31.0000             0.5554              
#Execution time: 67s 67826ms 67826471us 
