n,tangent,t2
0,5.07116,-1.21203
1,5.07116,-1.21203
2,5.07116,-1.21203
3,5.07116,-1.21203
4,5.07116,-1.21203
5,5.07116,-1.21203
6,5.07116,-1.21203
7,5.07116,-1.21203
8,5.13061,-1.15257
9,5.13061,-1.15257
10,5.13061,-1.15257
11,5.13061,-1.15257
12,5.13061,-1.15257
13,5.21949,-1.0637
14,5.21949,-1.0637
15,5.21949,-1.0637
16,5.21949,-1.0637
17,5.37343,-0.909753
18,5.37343,-0.909753
19,5.37343,-0.909753
20,5.37343,-0.909753
21,5.37343,-0.909753
22,5.37343,-0.909753
23,5.37343,-0.909753
24,5.46077,-0.822418
25,5.46077,-0.822418
26,5.46077,-0.822418
27,5.46077,-0.822418
28,5.46077,-0.822418
29,5.46077,-0.822418
30,5.46077,-0.822418
31,5.46077,-0.822418
32,5.46077,-0.822418
33,5.46077,-0.822418
34,5.46077,-0.822418
35,5.46077,-0.822418
36,5.53481,-0.748378
37,5.53481,-0.748378
38,5.53481,-0.748378
39,5.53481,-0.748378
40,5.53481,-0.748378
41,5.53481,-0.748378
42,5.53481,-0.748378
43,5.53481,-0.748378
44,5.53481,-0.748378
45,5.53481,-0.748378
46,5.53481,-0.748378
47,5.53481,-0.748378
48,5.62214,-0.661043
49,5.62214,-0.661043
50,5.62214,-0.661043
51,5.62214,-0.661043
52,5.62214,-0.661043
53,5.62214,-0.661043
54,5.62214,-0.661043
55,5.77609,-0.507099
56,5.77609,-0.507099
57,5.77609,-0.507099
58,5.77609,-0.507099
59,5.77609,-0.507099
60,5.86496,-0.418224
61,5.86496,-0.418224
62,5.86496,-0.418224
63,5.86496,-0.418224
64,6.20641,-0.0767719
65,6.20641,-0.0767719
66,6.20641,-0.0767719
67,6.20641,-0.0767719
68,6.20641,-0.0767719
69,6.20641,-0.0767719
70,6.20641,-0.0767719
71,0.0767719,0.0767719
72,0.0767719,0.0767719
73,0.0767719,0.0767719
74,0.0767719,0.0767719
75,0.0767719,0.0767719
76,0.0767719,0.0767719
77,0.298499,0.298499
78,0.298499,0.298499
79,0.298499,0.298499
80,0.298499,0.298499
81,0.298499,0.298499
82,0.298499,0.298499
83,0.298499,0.298499
84,0.298499,0.298499
85,0.298499,0.298499
86,0.298499,0.298499
87,0.298499,0.298499
88,0.298499,0.298499
89,0.588003,0.588003
90,0.588003,0.588003
91,0.588003,0.588003
92,0.588003,0.588003
93,5.49779,-0.785398
94,5.49779,-0.785398
95,0.588003,0.588003
96,0.588003,0.588003
97,0.588003,0.588003
98,0.165149,0.165149
99,0.165149,0.165149
100,0.165149,0.165149
101,0.165149,0.165149
102,0.165149,0.165149
103,0.165149,0.165149
104,0.380506,0.380506
105,0.380506,0.380506
106,0.380506,0.380506
107,0.380506,0.380506
108,0.165149,0.165149
109,0.165149,0.165149
110,0.165149,0.165149
111,0.165149,0.165149
112,0.165149,0.165149
113,0.165149,0.165149
114,0.218669,0.218669
115,0.218669,0.218669
116,0.218669,0.218669
117,0.218669,0.218669
118,0.218669,0.218669
119,0.218669,0.218669
120,0.218669,0.218669
121,0.218669,0.218669
122,0.218669,0.218669
123,0.218669,0.218669
124,0.218669,0.218669
125,0.218669,0.218669
126,0.218669,0.218669
127,5.81954,-0.463648
128,5.81954,-0.463648
129,5.81954,-0.463648
130,0.0996687,0.0996687
131,0.0996687,0.0996687
132,0.0996687,0.0996687
133,0.0996687,0.0996687
134,0.0996687,0.0996687
135,0.0996687,0.0996687
136,6.18352,-0.0996687
137,6.18352,-0.0996687
138,6.18352,-0.0996687
139,6.18352,-0.0996687
140,6.18352,-0.0996687
141,6.18352,-0.0996687
142,6.18352,-0.0996687
143,6.18352,-0.0996687
144,0.244979,0.244979
145,0.244979,0.244979
146,0.380506,0.380506
147,0.380506,0.380506
148,0.380506,0.380506
149,0.380506,0.380506
150,0.0906599,0.0906599
151,0.0906599,0.0906599
152,0.0906599,0.0906599
153,0.0906599,0.0906599
154,0.0906599,0.0906599
155,0.0906599,0.0906599
156,6.19253,-0.0906599
157,6.19253,-0.0906599
158,6.19253,-0.0906599
159,6.19253,-0.0906599
160,6.19253,-0.0906599
161,6.19253,-0.0906599
162,6.19253,-0.0906599
163,0.0867383,0.0867383
164,0.0867383,0.0867383
165,0.0867383,0.0867383
166,0.0867383,0.0867383
167,0.0867383,0.0867383
168,0.0867383,0.0867383
169,0.0867383,0.0867383
170,0.0867383,0.0867383
171,0.0867383,0.0867383
172,0.0867383,0.0867383
173,0.0867383,0.0867383
174,0.0867383,0.0867383
175,0.0867383,0.0867383
176,0.0867383,0.0867383
177,0.0499584,0.0499584
178,0.0499584,0.0499584
179,0.0499584,0.0499584
180,0.0499584,0.0499584
181,0.0499584,0.0499584
182,0.0499584,0.0499584
183,0.0499584,0.0499584
184,0.0499584,0.0499584
185,0.0499584,0.0499584
186,0.0499584,0.0499584
187,6.23323,-0.0499584
188,6.23323,-0.0499584
189,6.23323,-0.0499584
190,6.23323,-0.0499584
191,6.23323,-0.0499584
192,6.23323,-0.0499584
193,6.23323,-0.0499584
194,6.23323,-0.0499584
195,6.23323,-0.0499584
196,6.23323,-0.0499584
197,6.23323,-0.0499584
198,6.23323,-0.0499584
199,6.23323,-0.0499584
200,6.23323,-0.0499584
201,6.23323,-0.0499584
202,6.23323,-0.0499584
203,0.0996687,0.0996687
204,0.0996687,0.0996687
205,0.0996687,0.0996687
206,0.0996687,0.0996687
207,0.0996687,0.0996687
208,0.0996687,0.0996687
209,0.0996687,0.0996687
210,0.0996687,0.0996687
211,6.15883,-0.124355
212,6.15883,-0.124355
213,6.15883,-0.124355
214,6.15883,-0.124355
215,6.15883,-0.124355
216,6.15883,-0.124355
217,6.15883,-0.124355
218,6.15883,-0.124355
219,6.15883,-0.124355
220,6.15883,-0.124355
221,6.15883,-0.124355
222,6.15883,-0.124355
223,6.15883,-0.124355
224,0.463648,0.463648
225,0.463648,0.463648
226,0.463648,0.463648
227,5.49779,-0.785398
228,5.49779,-0.785398
229,0.244979,0.244979
230,0.244979,0.244979
231,0.244979,0.244979
232,6.03821,-0.244979
233,6.03821,-0.244979
234,6.03821,-0.244979
235,6.03821,-0.244979
236,0.0831412,0.0831412
237,0.0831412,0.0831412
238,0.0831412,0.0831412
239,0.0831412,0.0831412
240,0.0831412,0.0831412
241,0.0831412,0.0831412
242,0.0831412,0.0831412
243,6.20004,-0.0831412
244,6.20004,-0.0831412
245,6.20004,-0.0831412
246,6.20004,-0.0831412
247,6.20004,-0.0831412
248,6.20004,-0.0831412
249,6.10333,-0.179853
250,6.10333,-0.179853
251,6.10333,-0.179853
252,6.10333,-0.179853
253,6.10333,-0.179853
254,6.10333,-0.179853
255,6.10333,-0.179853
256,6.10333,-0.179853
257,0.321751,0.321751
258,0.321751,0.321751
259,0.321751,0.321751
260,6.00489,-0.2783
261,6.00489,-0.2783
262,6.00489,-0.2783
263,6.00489,-0.2783
264,6.00489,-0.2783
265,6.00489,-0.2783
266,6.08579,-0.197396
267,6.08579,-0.197396
268,6.08579,-0.197396
269,6.08579,-0.197396
270,6.08579,-0.197396
271,5.90268,-0.380506
272,5.90268,-0.380506
273,5.90268,-0.380506
274,5.90268,-0.380506
275,5.90268,-0.380506
276,5.90268,-0.380506
277,5.90268,-0.380506
278,5.90268,-0.380506
279,5.90268,-0.380506
280,5.90268,-0.380506
281,5.17604,-1.10715
282,5.17604,-1.10715
283,6.03821,-0.244979
284,6.03821,-0.244979
285,6.03821,-0.244979
286,6.03821,-0.244979
287,5.69518,-0.588003
288,5.69518,-0.588003
289,5.69518,-0.588003
290,5.69518,-0.588003
291,0.785398,0.785398
292,0.785398,0.785398
293,5.30039,-0.982794
294,5.30039,-0.982794
295,5.30039,-0.982794
296,5.72459,-0.558599
297,5.72459,-0.558599
298,5.72459,-0.558599
299,5.72459,-0.558599
300,5.72459,-0.558599
301,5.72459,-0.558599
302,5.76404,-0.519146
303,5.76404,-0.519146
304,5.76404,-0.519146
305,5.76404,-0.519146
306,5.76404,-0.519146
307,5.76404,-0.519146
308,5.76404,-0.519146
309,5.76404,-0.519146
310,5.71646,-0.566729
311,5.71646,-0.566729
312,5.71646,-0.566729
313,5.71646,-0.566729
314,5.71646,-0.566729
315,5.71646,-0.566729
316,5.71646,-0.566729
317,5.71646,-0.566729
318,5.71646,-0.566729
319,5.71646,-0.566729
320,5.71646,-0.566729
321,5.71646,-0.566729
322,5.71646,-0.566729
323,5.73153,-0.551655
324,5.73153,-0.551655
325,5.73153,-0.551655
326,5.73153,-0.551655
327,5.73153,-0.551655
328,5.73153,-0.551655
329,5.73153,-0.551655
330,5.73153,-0.551655
331,5.73153,-0.551655
332,5.73153,-0.551655
333,5.73153,-0.551655
334,5.73153,-0.551655
335,5.73153,-0.551655
336,5.73153,-0.551655
337,5.73153,-0.551655
338,5.73153,-0.551655
339,6.00489,-0.2783
340,6.00489,-0.2783
341,6.00489,-0.2783
342,6.00489,-0.2783
343,6.13054,-0.152649
344,6.13054,-0.152649
345,6.13054,-0.152649
346,6.13054,-0.152649
347,6.13054,-0.152649
348,6.13054,-0.152649
349,6.13054,-0.152649
350,6.24872,-0.0344691
351,6.24872,-0.0344691
352,6.24872,-0.0344691
353,6.24872,-0.0344691
354,6.24872,-0.0344691
355,6.24872,-0.0344691
356,6.24872,-0.0344691
357,6.24872,-0.0344691
358,6.24872,-0.0344691
359,6.24872,-0.0344691
360,6.24872,-0.0344691
361,6.24872,-0.0344691
362,6.24872,-0.0344691
363,6.24872,-0.0344691
364,6.24872,-0.0344691
365,6.24872,-0.0344691
366,6.24872,-0.0344691
367,6.24872,-0.0344691
368,6.24872,-0.0344691
369,6.24872,-0.0344691
370,6.24872,-0.0344691
371,6.24872,-0.0344691
372,6.24872,-0.0344691
373,6.24872,-0.0344691
374,6.24872,-0.0344691
375,6.24872,-0.0344691
376,6.24872,-0.0344691
377,6.24872,-0.0344691
378,6.24872,-0.0344691
379,6.21433,-0.0688565
380,6.21433,-0.0688565
381,6.21433,-0.0688565
382,6.21433,-0.0688565
383,6.21433,-0.0688565
384,6.21433,-0.0688565
385,6.21433,-0.0688565
386,6.21433,-0.0688565
387,6.21433,-0.0688565
388,6.21433,-0.0688565
389,6.21433,-0.0688565
390,6.21433,-0.0688565
391,6.21433,-0.0688565
392,6.21433,-0.0688565
393,6.21433,-0.0688565
394,6.15063,-0.132552
395,6.15063,-0.132552
396,6.15063,-0.132552
397,6.15063,-0.132552
398,6.15063,-0.132552
399,6.15063,-0.132552
400,6.15063,-0.132552
401,6.15063,-0.132552
402,6.00489,-0.2783
403,6.00489,-0.2783
404,6.00489,-0.2783
405,6.00489,-0.2783
406,6.00489,-0.2783
407,6.00489,-0.2783
408,6.00489,-0.2783
409,0.244979,0.244979
410,0.244979,0.244979
411,0.244979,0.244979
412,0.244979,0.244979
413,0.244979,0.244979
414,0.244979,0.244979
415,0.244979,0.244979
416,0.380506,0.380506
417,0.380506,0.380506
418,0.54042,0.54042
419,0.643501,0.643501
420,0.643501,0.643501
421,0.950547,0.950547
422,0.950547,0.950547
423,0.950547,0.950547
424,0.950547,0.950547
425,0.950547,0.950547
426,1.0122,1.0122
427,1.0122,1.0122
428,1.0122,1.0122
429,1.0122,1.0122
430,1.19991,1.19991
431,1.19991,1.19991
432,1.19991,1.19991
433,1.19991,1.19991
434,1.19991,1.19991
435,1.19991,1.19991
436,1.19991,1.19991
437,1.19991,1.19991
438,1.19991,1.19991
439,1.19991,1.19991
440,1.19991,1.19991
441,1.19991,1.19991
442,1.19991,1.19991
443,1.19991,1.19991
444,1.19991,1.19991
445,1.19991,1.19991
446,1.19991,1.19991
447,1.19991,1.19991
448,1.19991,1.19991
449,1.19991,1.19991
450,1.19991,1.19991
451,1.19991,1.19991
452,1.19991,1.19991
453,1.19991,1.19991
454,1.03038,1.03038
455,0.876058,0.876058
456,0.876058,0.876058
457,0.876058,0.876058
458,0.876058,0.876058
459,0.694738,0.694738
460,0.694738,0.694738
461,0.694738,0.694738
462,0.694738,0.694738
463,0.519146,0.519146
464,0.519146,0.519146
465,0.519146,0.519146
466,0.519146,0.519146
467,0.519146,0.519146
468,0.519146,0.519146
469,0.519146,0.519146
470,0.519146,0.519146
471,0.643501,0.643501
472,0.643501,0.643501
473,0.643501,0.643501
474,0.643501,0.643501
475,0.643501,0.643501
476,0.558599,0.558599
477,0.558599,0.558599
478,0.558599,0.558599
479,0.558599,0.558599
480,0.558599,0.558599
481,0.558599,0.558599
482,0.558599,0.558599
483,0.558599,0.558599
484,0.558599,0.558599
485,0.558599,0.558599
486,0.558599,0.558599
487,0.558599,0.558599
488,0.558599,0.558599
489,0.519146,0.519146
490,0.519146,0.519146
491,0.519146,0.519146
492,0.519146,0.519146
493,0.519146,0.519146
494,0.519146,0.519146
495,0.519146,0.519146
496,0.519146,0.519146
497,0.566729,0.566729
498,0.566729,0.566729
499,0.566729,0.566729
500,0.566729,0.566729
501,0.566729,0.566729
502,0.610726,0.610726
503,0.610726,0.610726
504,0.610726,0.610726
505,0.610726,0.610726
506,0.610726,0.610726
507,0.68573,0.68573
508,0.68573,0.68573
509,0.68573,0.68573
510,0.68573,0.68573
511,0.68573,0.68573
512,0.68573,0.68573
513,0.68573,0.68573
514,0.68573,0.68573
515,0.68573,0.68573
516,0.737815,0.737815
517,0.737815,0.737815
518,0.737815,0.737815
519,0.737815,0.737815
520,0.737815,0.737815
521,0.737815,0.737815
522,0.737815,0.737815
523,0.737815,0.737815
524,0.737815,0.737815
525,0.835357,0.835357
526,0.835357,0.835357
527,0.835357,0.835357
528,0.835357,0.835357
529,0.835357,0.835357
530,0.835357,0.835357
531,0.835357,0.835357
532,0.835357,0.835357
533,0.835357,0.835357
534,0.835357,0.835357
535,0.835357,0.835357
536,0.835357,0.835357
537,0.835357,0.835357
538,0.835357,0.835357
539,0.835357,0.835357
540,0.835357,0.835357
541,0.835357,0.835357
542,0.835357,0.835357
543,0.835357,0.835357
544,0.835357,0.835357
545,0.835357,0.835357
546,0.835357,0.835357
547,0.835357,0.835357
548,0.835357,0.835357
549,0.835357,0.835357
550,0.835357,0.835357
551,0.835357,0.835357
552,0.835357,0.835357
553,1.00407,1.00407
554,1.00407,1.00407
555,1.00407,1.00407
556,1.00407,1.00407
557,1.00407,1.00407
558,1.00407,1.00407
559,1.00407,1.00407
560,1.00407,1.00407
561,1.00407,1.00407
562,1.00407,1.00407
563,1.00407,1.00407
564,1.00407,1.00407
565,1.00407,1.00407
566,1.00407,1.00407
567,1.00407,1.00407
568,1.00407,1.00407
569,1.00407,1.00407
570,1.00407,1.00407
571,1.05165,1.05165
572,1.05165,1.05165
573,1.05165,1.05165
574,1.1659,1.1659
575,1.1659,1.1659
576,1.1659,1.1659
577,1.21203,1.21203
578,1.21203,1.21203
579,1.2925,1.2925
580,1.2925,1.2925
581,1.44644,1.44644
582,1.44644,1.44644
583,1.44644,1.44644
584,1.44644,1.44644
585,1.69515,1.69515
586,1.69515,1.69515
587,1.69515,1.69515
588,1.69515,1.69515
589,1.8491,1.8491
590,1.8491,1.8491
591,1.92957,1.92957
592,1.92957,1.92957
593,1.92957,1.92957
594,1.92957,1.92957
595,2.1294,2.1294
596,2.1294,2.1294
597,2.1294,2.1294
598,2.1294,2.1294
599,2.1294,2.1294
600,2.1294,2.1294
601,2.1294,2.1294
602,2.1294,2.1294
603,2.1294,2.1294
604,1.89255,1.89255
605,1.89255,1.89255
606,1.89255,1.89255
607,2.24554,2.24554
608,2.24554,2.24554
609,2.24554,2.24554
610,2.24554,2.24554
611,2.24554,2.24554
612,2.24554,2.24554
613,2.24554,2.24554
614,2.24554,2.24554
615,2.24554,2.24554
616,2.24554,2.24554
617,2.24554,2.24554
618,2.24554,2.24554
619,2.46685,2.46685
620,2.46685,2.46685
621,2.46685,2.46685
622,2.60117,2.60117
623,2.60117,2.60117
624,2.60117,2.60117
625,2.60117,2.60117
626,2.60117,2.60117
627,2.49809,2.49809
628,2.49809,2.49809
629,2.49809,2.49809
630,2.49809,2.49809
631,2.49809,2.49809
632,2.62245,2.62245
633,2.62245,2.62245
634,2.62245,2.62245
635,2.7468,2.7468
636,2.7468,2.7468
637,2.7468,2.7468
638,2.7468,2.7468
639,2.7468,2.7468
640,2.7468,2.7468
641,2.7468,2.7468
642,2.7468,2.7468
643,2.7468,2.7468
644,2.7468,2.7468
645,2.92292,2.92292
646,2.92292,2.92292
647,2.92292,2.92292
648,2.92292,2.92292
649,2.92292,2.92292
650,3.03094,3.03094
651,3.03094,3.03094
652,3.03094,3.03094
653,3.03094,3.03094
654,3.03094,3.03094
655,3.21553,-3.06765
656,3.21553,-3.06765
657,3.21553,-3.06765
658,3.21553,-3.06765
659,3.21553,-3.06765
660,3.21553,-3.06765
661,3.21553,-3.06765
662,3.21553,-3.06765
663,3.21553,-3.06765
664,3.21553,-3.06765
665,3.21553,-3.06765
666,3.21553,-3.06765
667,3.21553,-3.06765
668,3.21553,-3.06765
669,3.21553,-3.06765
670,3.21553,-3.06765
671,3.21553,-3.06765
672,3.21553,-3.06765
673,3.21553,-3.06765
674,3.19709,-3.08609
675,3.19709,-3.08609
676,3.19709,-3.08609
677,3.19709,-3.08609
678,3.19709,-3.08609
679,3.19709,-3.08609
680,3.19709,-3.08609
681,3.19709,-3.08609
682,3.19709,-3.08609
683,3.19709,-3.08609
684,3.19709,-3.08609
685,3.19709,-3.08609
686,3.19709,-3.08609
687,3.19709,-3.08609
688,3.19709,-3.08609
689,3.19709,-3.08609
690,3.19709,-3.08609
691,3.19709,-3.08609
692,3.41989,-2.86329
693,3.41989,-2.86329
694,3.41989,-2.86329
695,3.41989,-2.86329
696,3.41989,-2.86329
697,3.33899,-2.9442
698,3.33899,-2.9442
699,3.33899,-2.9442
700,2.9442,2.9442
701,2.9442,2.9442
702,2.55359,2.55359
703,2.1588,2.1588
704,1.81577,1.81577
705,1.81577,1.81577
706,1.32582,1.32582
707,1.32582,1.32582
708,0.982794,0.982794
709,0.588003,0.588003
710,0.588003,0.588003
711,0.588003,0.588003
712,1.12469,1.12469
713,1.12469,1.12469
714,1.12469,1.12469
715,1.12469,1.12469
716,1.12469,1.12469
717,1.12469,1.12469
718,1.12469,1.12469
719,1.12469,1.12469
720,1.12469,1.12469
721,1.12469,1.12469
722,1.12469,1.12469
723,1.12469,1.12469
724,1.12469,1.12469
725,1.12469,1.12469
726,1.12469,1.12469
727,1.12469,1.12469
728,1.12469,1.12469
729,1.12469,1.12469
730,1.12469,1.12469
731,1.12469,1.12469
732,1.12469,1.12469
733,1.12469,1.12469
734,1.12469,1.12469
735,1.12469,1.12469
736,1.12469,1.12469
737,1.12469,1.12469
738,1.12469,1.12469
739,1.12469,1.12469
740,1.12469,1.12469
741,1.12469,1.12469
742,1.22203,1.22203
743,1.22203,1.22203
744,1.22203,1.22203
745,1.22203,1.22203
746,1.27934,1.27934
747,1.27934,1.27934
748,1.27934,1.27934
749,1.27934,1.27934
750,1.30454,1.30454
751,1.30454,1.30454
752,1.30454,1.30454
753,1.35213,1.35213
754,1.35213,1.35213
755,1.43824,1.43824
756,1.43824,1.43824
757,1.43824,1.43824
758,1.43824,1.43824
759,1.43824,1.43824
760,1.43824,1.43824
761,1.43824,1.43824
762,1.43824,1.43824
763,1.52084,1.52084
764,1.52084,1.52084
765,1.52084,1.52084
766,1.52084,1.52084
767,1.52084,1.52084
768,1.52084,1.52084
769,1.52084,1.52084
770,1.52084,1.52084
771,1.52084,1.52084
772,1.52084,1.52084
773,1.62075,1.62075
774,1.62075,1.62075
775,1.62075,1.62075
776,1.62075,1.62075
777,1.62075,1.62075
778,1.62075,1.62075
779,1.62075,1.62075
780,1.62075,1.62075
781,1.62075,1.62075
782,1.62075,1.62075
783,1.65063,1.65063
784,1.65063,1.65063
785,1.65063,1.65063
786,1.65063,1.65063
787,1.65063,1.65063
788,1.65063,1.65063
789,1.65063,1.65063
790,1.65063,1.65063
791,1.65063,1.65063
792,1.65063,1.65063
793,1.65063,1.65063
794,1.65063,1.65063
795,1.65063,1.65063
796,1.75065,1.75065
797,1.75065,1.75065
798,1.75065,1.75065
799,1.75065,1.75065
800,1.75065,1.75065
801,1.75065,1.75065
802,1.75065,1.75065
803,1.69515,1.69515
804,1.69515,1.69515
805,1.69515,1.69515
806,1.69515,1.69515
807,1.44644,1.44644
808,1.44644,1.44644
809,1.44644,1.44644
810,1.44644,1.44644
811,0.982794,0.982794
812,0.982794,0.982794
813,0.982794,0.982794
814,1.19029,1.19029
815,1.19029,1.19029
816,1.19029,1.19029
817,1.19029,1.19029
818,1.19029,1.19029
819,1.19029,1.19029
820,1.19029,1.19029
821,1.19029,1.19029
822,2.35619,2.35619
823,2.35619,2.35619
824,0.927295,0.927295
825,0.927295,0.927295
826,0.927295,0.927295
827,0.927295,0.927295
828,0.927295,0.927295
829,1.03038,1.03038
830,1.03038,1.03038
831,1.19029,1.19029
832,1.19029,1.19029
833,1.19029,1.19029
834,1.19029,1.19029
835,1.19029,1.19029
836,1.19029,1.19029
837,1.19029,1.19029
838,1.19029,1.19029
839,1.48014,1.48014
840,1.48014,1.48014
841,1.48014,1.48014
842,1.48014,1.48014
843,1.48014,1.48014
844,1.48014,1.48014
845,1.66146,1.66146
846,1.66146,1.66146
847,1.66146,1.66146
848,1.66146,1.66146
849,1.66146,1.66146
850,1.78947,1.78947
851,1.78947,1.78947
852,1.78947,1.78947
853,1.83705,1.83705
854,1.83705,1.83705
855,1.8693,1.8693
856,1.8693,1.8693
857,1.8693,1.8693
858,1.8693,1.8693
859,1.8693,1.8693
860,1.8693,1.8693
861,1.91382,1.91382
862,1.91382,1.91382
863,1.91382,1.91382
864,1.91382,1.91382
865,1.91382,1.91382
866,1.91382,1.91382
867,1.91382,1.91382
868,1.91382,1.91382
869,1.91382,1.91382
870,1.91382,1.91382
871,1.75065,1.75065
872,1.75065,1.75065
873,1.75065,1.75065
874,1.75065,1.75065
875,1.75065,1.75065
876,1.75065,1.75065
877,1.69515,1.69515
878,1.69515,1.69515
879,1.69515,1.69515
880,1.69515,1.69515
881,1.69515,1.69515
882,1.69515,1.69515
883,1.69515,1.69515
884,1.69515,1.69515
885,1.69515,1.69515
886,1.69515,1.69515
887,1.69515,1.69515
888,1.69515,1.69515
889,1.69515,1.69515
890,1.69515,1.69515
891,1.69515,1.69515
892,1.69515,1.69515
893,1.69515,1.69515
894,1.8491,1.8491
895,1.8491,1.8491
896,1.92957,1.92957
897,1.92957,1.92957
898,1.97569,1.97569
899,1.97569,1.97569
900,1.97569,1.97569
901,2.08994,2.08994
902,2.08994,2.08994
903,2.08994,2.08994
904,2.08994,2.08994
905,2.08994,2.08994
906,2.08994,2.08994
907,2.08994,2.08994
908,2.08994,2.08994
909,2.08994,2.08994
910,2.08994,2.08994
911,2.08994,2.08994
912,2.08994,2.08994
913,2.08994,2.08994
914,2.08994,2.08994
915,2.13753,2.13753
916,2.13753,2.13753
917,2.13753,2.13753
918,2.13753,2.13753
919,2.13753,2.13753
920,2.18152,2.18152
921,2.18152,2.18152
922,2.18152,2.18152
923,2.18152,2.18152
924,2.18152,2.18152
925,2.24554,2.24554
926,2.24554,2.24554
927,2.24554,2.24554
928,2.24554,2.24554
929,2.24554,2.24554
930,2.24554,2.24554
931,2.24554,2.24554
932,2.24554,2.24554
933,2.24554,2.24554
934,2.24554,2.24554
935,2.41495,2.41495
936,2.41495,2.41495
937,2.41495,2.41495
938,2.41495,2.41495
939,2.41495,2.41495
940,2.41495,2.41495
941,2.41495,2.41495
942,2.41495,2.41495
943,2.41495,2.41495
944,2.41495,2.41495
945,2.41495,2.41495
946,2.41495,2.41495
947,2.41495,2.41495
948,2.41495,2.41495
949,2.41495,2.41495
950,2.41495,2.41495
951,2.41495,2.41495
952,2.41495,2.41495
953,2.52134,2.52134
954,2.52134,2.52134
955,2.52134,2.52134
956,2.57026,2.57026
957,2.57026,2.57026
958,2.57026,2.57026
959,2.57026,2.57026
960,2.57026,2.57026
961,2.57026,2.57026
962,2.57026,2.57026
963,2.57026,2.57026
964,2.57026,2.57026
965,2.57026,2.57026
966,2.57026,2.57026
967,2.57026,2.57026
968,2.57026,2.57026
969,2.57026,2.57026
970,2.57026,2.57026
971,2.53605,2.53605
972,2.53605,2.53605
973,2.53605,2.53605
974,2.53605,2.53605
975,2.53605,2.53605
976,2.53605,2.53605
977,2.53605,2.53605
978,2.5128,2.5128
979,2.5128,2.5128
980,2.5128,2.5128
981,2.5128,2.5128
982,2.48055,2.48055
983,2.48055,2.48055
984,2.48055,2.48055
985,2.48055,2.48055
986,2.48055,2.48055
987,2.48055,2.48055
988,2.48055,2.48055
989,2.48055,2.48055
990,2.48055,2.48055
991,2.48055,2.48055
992,2.48055,2.48055
993,2.48055,2.48055
994,2.48055,2.48055
995,2.2143,2.2143
996,2.2143,2.2143
997,2.2143,2.2143
998,2.2143,2.2143
999,2.2143,2.2143
1000,2.2143,2.2143
1001,2.2143,2.2143
1002,2.2143,2.2143
1003,2.11122,2.11122
1004,2.11122,2.11122
1005,1.92957,1.92957
1006,1.92957,1.92957
1007,1.92957,1.92957
1008,1.83705,1.83705
1009,1.83705,1.83705
1010,1.83705,1.83705
1011,1.83705,1.83705
1012,1.83705,1.83705
1013,1.83705,1.83705
1014,1.83705,1.83705
1015,1.83705,1.83705
1016,1.83705,1.83705
1017,1.46014,1.46014
1018,1.46014,1.46014
1019,1.46014,1.46014
1020,1.46014,1.46014
1021,1.46014,1.46014
1022,1.46014,1.46014
1023,1.46014,1.46014
1024,1.46014,1.46014
1025,1.46014,1.46014
1026,1.46014,1.46014
1027,1.46014,1.46014
1028,1.46014,1.46014
1029,0.982794,0.982794
1030,0.982794,0.982794
1031,0.982794,0.982794
1032,1.24905,1.24905
1033,1.24905,1.24905
1034,1.24905,1.24905
1035,1.03038,1.03038
1036,1.03038,1.03038
1037,1.03038,1.03038
1038,1.03038,1.03038
1039,1.03038,1.03038
1040,1.19029,1.19029
1041,1.32582,1.32582
1042,1.32582,1.32582
1043,1.32582,1.32582
1044,1.32582,1.32582
1045,0.694738,0.694738
1046,0.694738,0.694738
1047,0.694738,0.694738
1048,0.694738,0.694738
1049,0.694738,0.694738
1050,0.694738,0.694738
1051,0.694738,0.694738
1052,0.694738,0.694738
1053,0.694738,0.694738
1054,0.694738,0.694738
1055,0.694738,0.694738
1056,0.661043,0.661043
1057,0.661043,0.661043
1058,0.661043,0.661043
1059,0.661043,0.661043
1060,0.661043,0.661043
1061,0.661043,0.661043
1062,0.661043,0.661043
1063,0.661043,0.661043
1064,0.661043,0.661043
1065,0.661043,0.661043
1066,0.661043,0.661043
1067,0.927295,0.927295
1068,0.927295,0.927295
1069,1.03038,1.03038
1070,1.03038,1.03038
1071,1.19029,1.19029
1072,1.52537,1.52537
1073,1.52537,1.52537
1074,1.52537,1.52537
1075,1.52537,1.52537
1076,1.52537,1.52537
1077,1.52537,1.52537
1078,1.52537,1.52537
1079,1.52537,1.52537
1080,1.52537,1.52537
1081,1.52537,1.52537
1082,1.52537,1.52537
1083,1.61622,1.61622
1084,1.61622,1.61622
1085,1.61622,1.61622
1086,1.61622,1.61622
1087,1.61622,1.61622
1088,1.61622,1.61622
1089,1.61622,1.61622
1090,1.61622,1.61622
1091,1.61622,1.61622
1092,1.61622,1.61622
1093,1.61622,1.61622
1094,1.72345,1.72345
1095,1.72345,1.72345
1096,1.72345,1.72345
1097,1.72345,1.72345
1098,1.72345,1.72345
1099,1.72345,1.72345
1100,1.72345,1.72345
1101,1.86225,1.86225
1102,1.86225,1.86225
1103,1.86225,1.86225
1104,1.86225,1.86225
1105,1.86225,1.86225
1106,1.86225,1.86225
1107,1.86225,1.86225
1108,1.86225,1.86225
1109,1.86225,1.86225
1110,1.71269,1.71269
1111,1.71269,1.71269
1112,1.71269,1.71269
1113,1.71269,1.71269
1114,1.71269,1.71269
1115,1.71269,1.71269
1116,1.71269,1.71269
1117,1.86225,1.86225
1118,1.86225,1.86225
1119,1.86225,1.86225
1120,1.86225,1.86225
1121,1.91957,1.91957
1122,1.91957,1.91957
1123,1.91957,1.91957
1124,1.91957,1.91957
1125,1.93797,1.93797
1126,1.93797,1.93797
1127,1.93797,1.93797
1128,1.93797,1.93797
1129,1.93797,1.93797
1130,1.93797,1.93797
1131,1.93797,1.93797
1132,1.93797,1.93797
1133,1.93797,1.93797
1134,1.93797,1.93797
1135,1.93797,1.93797
1136,1.93797,1.93797
1137,1.93797,1.93797
1138,1.93797,1.93797
1139,2.1588,2.1588
1140,2.1588,2.1588
1141,2.1588,2.1588
1142,2.0032,2.0032
1143,2.0032,2.0032
1144,2.0032,2.0032
1145,2.0032,2.0032
1146,2.0032,2.0032
1147,2.0032,2.0032
1148,2.0032,2.0032
1149,2.0032,2.0032
1150,2.0032,2.0032
1151,2.0032,2.0032
1152,2.0032,2.0032
1153,2.0032,2.0032
1154,2.0032,2.0032
1155,2.0032,2.0032
1156,2.0032,2.0032
1157,2.0032,2.0032
1158,2.0032,2.0032
1159,2.0032,2.0032
1160,2.67795,2.67795
1161,2.67795,2.67795
1162,1.76819,1.76819
1163,1.76819,1.76819
1164,1.76819,1.76819
1165,1.76819,1.76819
1166,1.76819,1.76819
1167,1.86225,1.86225
1168,1.86225,1.86225
1169,1.86225,1.86225
1170,1.86225,1.86225
1171,1.92379,1.92379
1172,1.92379,1.92379
1173,1.92379,1.92379
1174,1.92379,1.92379
1175,1.92379,1.92379
1176,1.92379,1.92379
1177,1.92379,1.92379
1178,1.92379,1.92379
1179,1.92379,1.92379
1180,1.92379,1.92379
1181,1.92379,1.92379
1182,1.92379,1.92379
1183,1.92379,1.92379
1184,1.92379,1.92379
1185,1.92379,1.92379
1186,1.92379,1.92379
1187,1.92379,1.92379
1188,2.11122,2.11122
1189,2.11122,2.11122
1190,2.11122,2.11122
1191,2.11122,2.11122
1192,1.89255,1.89255
1193,1.89255,1.89255
1194,1.89255,1.89255
1195,2.2143,2.2143
1196,2.2143,2.2143
1197,2.2143,2.2143
1198,2.2143,2.2143
1199,2.2143,2.2143
1200,2.2143,2.2143
1201,2.2143,2.2143
1202,2.2143,2.2143
1203,2.2143,2.2143
1204,2.49809,2.49809
1205,2.49809,2.49809
1206,2.49809,2.49809
1207,2.49809,2.49809
1208,2.49809,2.49809
1209,2.1588,2.1588
1210,2.1588,2.1588
1211,2.1588,2.1588
1212,2.1588,2.1588
1213,2.1588,2.1588
1214,2.1588,2.1588
1215,2.1588,2.1588
1216,2.1588,2.1588
1217,2.67795,2.67795
1218,2.67795,2.67795
1219,2.29744,2.29744
1220,2.29744,2.29744
1221,2.29744,2.29744
1222,2.29744,2.29744
1223,2.29744,2.29744
1224,2.29744,2.29744
1225,2.29744,2.29744
1226,2.29744,2.29744
1227,2.29744,2.29744
1228,2.41495,2.41495
1229,2.41495,2.41495
1230,2.41495,2.41495
1231,2.41495,2.41495
1232,2.41495,2.41495
1233,2.41495,2.41495
1234,2.41495,2.41495
1235,2.52134,2.52134
1236,2.52134,2.52134
1237,2.52134,2.52134
1238,2.52134,2.52134
1239,2.52134,2.52134
1240,2.52134,2.52134
1241,2.52134,2.52134
1242,2.52134,2.52134
1243,2.52134,2.52134
1244,2.52134,2.52134
1245,2.52134,2.52134
1246,2.52134,2.52134
1247,2.62245,2.62245
1248,2.62245,2.62245
1249,2.62245,2.62245
1250,2.62245,2.62245
1251,2.62245,2.62245
1252,2.62245,2.62245
1253,2.62245,2.62245
1254,2.62245,2.62245
1255,2.62245,2.62245
1256,2.62245,2.62245
1257,2.62245,2.62245
1258,2.86329,2.86329
1259,2.86329,2.86329
1260,2.86329,2.86329
1261,2.86329,2.86329
1262,2.96692,2.96692
1263,2.96692,2.96692
1264,2.96692,2.96692
1265,2.96692,2.96692
1266,2.96692,2.96692
1267,2.96692,2.96692
1268,2.96692,2.96692
1269,2.96692,2.96692
1270,2.96692,2.96692
1271,2.96692,2.96692
1272,2.98894,2.98894
1273,2.98894,2.98894
1274,2.98894,2.98894
1275,3.05845,3.05845
1276,3.05845,3.05845
1277,3.05845,3.05845
1278,3.05845,3.05845
1279,3.05845,3.05845
1280,3.05845,3.05845
1281,3.22473,-3.05845
1282,3.22473,-3.05845
1283,3.22473,-3.05845
1284,3.22473,-3.05845
1285,3.22473,-3.05845
1286,3.22473,-3.05845
1287,3.37268,-2.9105
1288,3.37268,-2.9105
1289,3.37268,-2.9105
1290,3.37268,-2.9105
1291,3.37268,-2.9105
1292,3.37268,-2.9105
1293,3.37268,-2.9105
1294,3.37268,-2.9105
1295,3.39892,-2.88427
1296,3.39892,-2.88427
1297,3.39892,-2.88427
1298,3.39892,-2.88427
1299,3.39892,-2.88427
1300,3.39892,-2.88427
1301,3.39892,-2.88427
1302,3.44009,-2.84309
1303,3.44009,-2.84309
1304,3.44009,-2.84309
1305,3.44009,-2.84309
1306,3.44009,-2.84309
1307,3.44009,-2.84309
1308,3.48462,-2.79857
1309,3.48462,-2.79857
1310,3.48462,-2.79857
1311,3.48462,-2.79857
1312,3.48462,-2.79857
1313,3.48462,-2.79857
1314,3.50877,-2.77442
1315,3.50877,-2.77442
1316,3.50877,-2.77442
1317,3.50877,-2.77442
1318,3.53638,-2.7468
1319,3.53638,-2.7468
1320,3.53638,-2.7468
1321,3.53638,-2.7468
1322,3.53638,-2.7468
1323,3.53638,-2.7468
1324,3.66074,-2.62245
1325,3.66074,-2.62245
1326,3.66074,-2.62245
1327,3.78509,-2.49809
1328,3.78509,-2.49809
1329,3.78509,-2.49809
1330,3.78509,-2.49809
1331,3.78509,-2.49809
1332,3.78509,-2.49809
1333,3.78509,-2.49809
1334,3.78509,-2.49809
1335,3.78509,-2.49809
1336,3.78509,-2.49809
1337,3.78509,-2.49809
1338,3.78509,-2.49809
1339,3.70019,-2.58299
1340,3.70019,-2.58299
1341,3.70019,-2.58299
1342,3.70019,-2.58299
1343,3.70019,-2.58299
1344,3.70019,-2.58299
1345,3.70019,-2.58299
1346,3.70019,-2.58299
1347,3.77039,-2.5128
1348,3.77039,-2.5128
1349,3.77039,-2.5128
1350,3.77039,-2.5128
1351,3.77039,-2.5128
1352,3.77039,-2.5128
1353,3.80264,-2.48055
1354,3.80264,-2.48055
1355,3.80264,-2.48055
1356,3.85022,-2.43297
1357,3.85022,-2.43297
1358,3.85022,-2.43297
1359,3.85022,-2.43297
1360,3.85022,-2.43297
1361,4.00376,-2.27942
1362,4.00376,-2.27942
1363,4.00376,-2.27942
1364,4.00376,-2.27942
1365,4.00376,-2.27942
1366,4.19324,-2.08994
1367,4.19324,-2.08994
1368,4.19324,-2.08994
1369,4.3075,-1.97569
1370,4.3075,-1.97569
1371,4.3075,-1.97569
1372,4.35362,-1.92957
1373,4.35362,-1.92957
1374,4.35362,-1.92957
1375,4.35362,-1.92957
1376,4.35362,-1.92957
1377,4.35362,-1.92957
1378,4.35362,-1.92957
1379,4.35362,-1.92957
1380,4.35362,-1.92957
1381,5.17604,-1.10715
1382,5.17604,-1.10715
1383,5.17604,-1.10715
1384,4.4095,-1.87368
1385,4.4095,-1.87368
1386,4.4095,-1.87368
1387,4.4095,-1.87368
1388,4.4095,-1.87368
1389,4.4095,-1.87368
1390,4.4095,-1.87368
1391,4.4095,-1.87368
1392,4.4095,-1.87368
1393,4.4095,-1.87368
1394,4.4095,-1.87368
1395,4.4095,-1.87368
1396,4.4095,-1.87368
1397,4.4095,-1.87368
1398,4.4095,-1.87368
1399,4.4095,-1.87368
1400,4.4095,-1.87368
1401,4.44614,-1.83705
1402,4.44614,-1.83705
1403,4.44614,-1.83705
1404,4.5013,-1.78189
1405,4.5013,-1.78189
1406,4.5013,-1.78189
1407,4.5013,-1.78189
1408,4.5013,-1.78189
1409,4.5013,-1.78189
1410,4.5013,-1.78189
1411,4.5013,-1.78189
1412,4.5013,-1.78189
1413,4.5013,-1.78189
1414,4.5013,-1.78189
1415,4.5013,-1.78189
1416,4.5013,-1.78189
1417,4.5013,-1.78189
1418,4.5013,-1.78189
1419,4.5013,-1.78189
1420,4.45179,-1.8314
1421,4.45179,-1.8314
1422,4.45179,-1.8314
1423,4.45179,-1.8314
1424,4.45179,-1.8314
1425,4.45179,-1.8314
1426,4.45179,-1.8314
1427,4.45179,-1.8314
1428,4.45179,-1.8314
1429,4.45179,-1.8314
1430,4.45179,-1.8314
1431,4.45179,-1.8314
1432,4.45179,-1.8314
1433,4.45179,-1.8314
1434,4.45179,-1.8314
1435,4.45179,-1.8314
1436,4.45179,-1.8314
1437,4.45179,-1.8314
1438,4.45179,-1.8314
1439,4.45179,-1.8314
1440,4.45179,-1.8314
1441,4.33188,-1.9513
1442,4.33188,-1.9513
1443,4.33188,-1.9513
1444,4.33188,-1.9513
1445,4.33188,-1.9513
1446,5.17604,-1.10715
1447,5.17604,-1.10715
1448,5.17604,-1.10715
1449,4.62925,-1.65394
1450,4.62925,-1.65394
1451,4.62925,-1.65394
1452,4.62925,-1.65394
1453,4.62925,-1.65394
1454,4.62925,-1.65394
1455,4.62925,-1.65394
1456,4.62925,-1.65394
1457,4.79553,-1.48766
1458,4.79553,-1.48766
1459,4.79553,-1.48766
1460,4.79553,-1.48766
1461,4.79553,-1.48766
1462,4.79553,-1.48766
1463,4.86504,-1.41815
1464,4.86504,-1.41815
1465,4.86504,-1.41815
1466,4.86504,-1.41815
1467,4.86504,-1.41815
1468,4.86504,-1.41815
1469,4.86504,-1.41815
1470,4.86504,-1.41815
1471,4.86504,-1.41815
1472,4.86504,-1.41815
1473,4.86504,-1.41815
1474,4.86504,-1.41815
1475,4.57049,-1.71269
1476,4.57049,-1.71269
1477,4.57049,-1.71269
1478,4.57049,-1.71269
1479,4.57049,-1.71269
1480,5.49779,-0.785398
1481,5.49779,-0.785398
1482,5.49779,-0.785398
1483,5.49779,-0.785398
1484,4.51499,-1.76819
1485,4.51499,-1.76819
1486,4.51499,-1.76819
1487,4.51499,-1.76819
1488,4.93106,-1.35213
1489,4.93106,-1.35213
1490,4.93106,-1.35213
1491,4.93106,-1.35213
1492,4.93106,-1.35213
1493,4.93106,-1.35213
1494,4.93106,-1.35213
1495,5.11728,-1.1659
1496,5.11728,-1.1659
1497,5.11728,-1.1659
1498,5.23154,-1.05165
1499,5.23154,-1.05165
1500,5.23154,-1.05165
1501,5.23154,-1.05165
1502,5.69518,-0.588003
1503,5.69518,-0.588003
1504,5.69518,-0.588003
1505,4.82305,-1.46014
1506,4.82305,-1.46014
1507,4.82305,-1.46014
1508,4.82305,-1.46014
1509,4.82305,-1.46014
1510,4.82305,-1.46014
1511,4.82305,-1.46014
1512,4.82305,-1.46014
1513,4.82305,-1.46014
1514,4.93106,-1.35213
1515,4.93106,-1.35213
1516,4.93106,-1.35213
1517,4.93106,-1.35213
1518,4.93106,-1.35213
1519,5.25281,-1.03038
1520,5.25281,-1.03038
1521,5.25281,-1.03038
1522,5.25281,-1.03038
1523,5.25281,-1.03038
1524,5.25281,-1.03038
1525,5.25281,-1.03038
1526,5.25281,-1.03038
1527,5.25281,-1.03038
1528,5.25281,-1.03038
1529,5.25281,-1.03038
1530,5.03414,-1.24905
1531,5.03414,-1.24905
1532,5.03414,-1.24905
1533,5.30039,-0.982794
1534,5.30039,-0.982794
1535,5.30039,-0.982794
1536,5.03414,-1.24905
1537,5.03414,-1.24905
1538,5.03414,-1.24905
1539,5.03414,-1.24905
1540,5.03414,-1.24905
1541,5.03414,-1.24905
1542,5.03414,-1.24905
1543,5.03414,-1.24905
1544,5.03414,-1.24905
1545,5.03414,-1.24905
1546,5.03414,-1.24905
1547,5.03414,-1.24905
1548,5.03414,-1.24905
1549,4.24874,-2.03444
1550,4.24874,-2.03444
1551,4.24874,-2.03444
1552,5.17604,-1.10715
1553,5.17604,-1.10715
1554,4.33188,-1.9513
1555,4.33188,-1.9513
1556,4.33188,-1.9513
1557,4.33188,-1.9513
1558,4.33188,-1.9513
1559,4.33188,-1.9513
1560,4.33188,-1.9513
1561,4.15379,-2.1294
1562,4.15379,-2.1294
1563,4.15379,-2.1294
1564,4.15379,-2.1294
1565,4.09214,-2.19105
1566,4.09214,-2.19105
1567,4.03765,-2.24554
1568,4.03765,-2.24554
1569,4.03765,-2.24554
1570,3.81633,-2.46685
1571,3.81633,-2.46685
1572,3.81633,-2.46685
1573,3.75232,-2.53087
1574,3.75232,-2.53087
1575,3.75232,-2.53087
1576,3.75232,-2.53087
1577,3.75232,-2.53087
1578,3.70832,-2.57486
1579,3.70832,-2.57486
1580,3.70832,-2.57486
1581,3.70832,-2.57486
1582,3.70832,-2.57486
1583,3.70832,-2.57486
1584,3.70832,-2.57486
1585,3.70832,-2.57486
1586,3.70832,-2.57486
1587,3.70832,-2.57486
1588,3.70832,-2.57486
1589,3.70832,-2.57486
1590,3.70832,-2.57486
1591,3.46334,-2.81984
1592,3.46334,-2.81984
1593,3.46334,-2.81984
1594,3.70019,-2.58299
1595,3.70019,-2.58299
1596,3.70019,-2.58299
1597,3.70019,-2.58299
1598,3.70019,-2.58299
1599,3.70019,-2.58299
1600,3.70019,-2.58299
1601,3.70019,-2.58299
1602,3.70019,-2.58299
1603,3.70019,-2.58299
1604,3.70019,-2.58299
1605,3.76184,-2.52134
1606,3.76184,-2.52134
1607,3.88354,-2.39965
1608,3.88354,-2.39965
1609,3.88354,-2.39965
1610,3.88354,-2.39965
1611,3.88354,-2.39965
1612,3.88354,-2.39965
1613,3.88354,-2.39965
1614,3.88354,-2.39965
1615,3.88354,-2.39965
1616,3.88354,-2.39965
1617,3.97044,-2.31274
1618,3.97044,-2.31274
1619,3.97044,-2.31274
1620,3.97044,-2.31274
1621,3.97044,-2.31274
1622,3.97044,-2.31274
1623,3.97044,-2.31274
1624,3.97044,-2.31274
1625,3.97044,-2.31274
1626,3.97044,-2.31274
1627,4.07736,-2.20582
1628,4.07736,-2.20582
1629,4.07736,-2.20582
1630,4.07736,-2.20582
1631,4.07736,-2.20582
1632,4.07736,-2.20582
1633,4.07736,-2.20582
1634,4.07736,-2.20582
1635,4.07736,-2.20582
1636,4.07736,-2.20582
1637,4.07736,-2.20582
1638,4.07736,-2.20582
1639,4.07736,-2.20582
1640,4.07736,-2.20582
1641,4.07736,-2.20582
1642,4.07736,-2.20582
1643,4.07736,-2.20582
1644,4.07736,-2.20582
1645,4.05954,-2.22364
1646,4.05954,-2.22364
1647,4.05954,-2.22364
1648,4.05954,-2.22364
1649,4.05954,-2.22364
1650,4.05954,-2.22364
1651,4.05954,-2.22364
1652,4.05954,-2.22364
1653,4.05954,-2.22364
1654,4.05954,-2.22364
1655,4.05954,-2.22364
1656,4.05954,-2.22364
1657,4.05954,-2.22364
1658,4.05954,-2.22364
1659,4.05954,-2.22364
1660,4.05954,-2.22364
1661,4.05954,-2.22364
1662,4.09214,-2.19105
1663,4.09214,-2.19105
1664,4.09214,-2.19105
1665,4.09214,-2.19105
1666,4.09214,-2.19105
1667,4.51499,-1.76819
1668,4.51499,-1.76819
1669,4.51499,-1.76819
1670,4.90978,-1.3734
1671,4.90978,-1.3734
1672,4.99069,-1.2925
1673,4.99069,-1.2925
1674,4.99069,-1.2925
1675,4.99069,-1.2925
1676,4.99069,-1.2925
1677,4.80305,-1.48014
1678,4.80305,-1.48014
1679,4.80305,-1.48014
1680,4.80305,-1.48014
1681,4.80305,-1.48014
1682,4.80305,-1.48014
1683,4.62173,-1.66146
1684,4.62173,-1.66146
1685,4.62173,-1.66146
1686,4.62173,-1.66146
1687,4.62173,-1.66146
1688,4.48559,-1.7976
1689,4.48559,-1.7976
1690,4.48559,-1.7976
1691,4.48559,-1.7976
1692,4.48559,-1.7976
1693,4.45179,-1.8314
1694,4.45179,-1.8314
1695,4.45179,-1.8314
1696,4.45179,-1.8314
1697,4.45179,-1.8314
1698,4.44144,-1.84174
1699,4.44144,-1.84174
1700,4.44144,-1.84174
1701,4.44144,-1.84174
1702,4.44144,-1.84174
1703,4.42634,-1.85685
1704,4.42634,-1.85685
1705,4.42634,-1.85685
1706,4.42634,-1.85685
1707,4.42634,-1.85685
1708,4.42634,-1.85685
1709,4.42634,-1.85685
1710,4.42634,-1.85685
1711,4.42634,-1.85685
1712,4.42634,-1.85685
1713,4.42634,-1.85685
1714,4.42634,-1.85685
1715,4.42634,-1.85685
1716,4.53254,-1.75065
1717,4.53254,-1.75065
1718,4.53254,-1.75065
1719,4.53254,-1.75065
1720,4.53254,-1.75065
1721,4.53254,-1.75065
1722,4.64108,-1.6421
1723,4.64108,-1.6421
1724,4.64108,-1.6421
1725,4.64108,-1.6421
1726,4.64108,-1.6421
1727,4.64108,-1.6421
1728,4.64108,-1.6421
1729,4.7837,-1.49949
1730,4.7837,-1.49949
1731,4.7837,-1.49949
1732,4.7837,-1.49949
1733,4.7837,-1.49949
1734,4.7837,-1.49949
1735,4.7837,-1.49949
1736,4.89224,-1.39094
1737,4.89224,-1.39094
1738,4.89224,-1.39094
1739,4.92348,-1.3597
1740,4.92348,-1.3597
1741,4.92348,-1.3597
1742,4.92348,-1.3597
1743,4.92348,-1.3597
1744,4.92348,-1.3597
1745,4.92348,-1.3597
1746,4.92348,-1.3597
1747,5.0929,-1.19029
1748,5.0929,-1.19029
1749,5.0929,-1.19029
1750,5.0929,-1.19029
1751,4.93106,-1.35213
1752,4.93106,-1.35213
1753,4.93106,-1.35213
1754,4.93106,-1.35213
1755,4.93106,-1.35213
1756,4.78916,-1.49402
1757,4.78916,-1.49402
1758,4.78916,-1.49402
1759,4.78916,-1.49402
1760,4.78916,-1.49402
1761,4.78916,-1.49402
1762,4.78916,-1.49402
1763,4.63562,-1.64757
1764,4.63562,-1.64757
1765,4.63562,-1.64757
1766,4.63562,-1.64757
1767,4.63562,-1.64757
1768,4.63562,-1.64757
1769,4.48559,-1.7976
1770,4.48559,-1.7976
1771,4.48559,-1.7976
1772,4.48559,-1.7976
1773,4.48559,-1.7976
1774,4.48559,-1.7976
1775,4.48559,-1.7976
1776,4.48559,-1.7976
1777,4.48559,-1.7976
1778,4.48559,-1.7976
1779,4.48559,-1.7976
1780,4.57984,-1.70335
1781,4.57984,-1.70335
1782,4.57984,-1.70335
1783,4.57984,-1.70335
1784,4.57984,-1.70335
1785,4.57984,-1.70335
1786,4.57984,-1.70335
1787,4.57984,-1.70335
1788,4.57984,-1.70335
1789,4.57984,-1.70335
1790,4.57984,-1.70335
1791,4.57984,-1.70335
1792,4.57984,-1.70335
1793,4.57984,-1.70335
1794,4.57984,-1.70335
1795,4.57984,-1.70335
1796,4.57984,-1.70335
1797,4.57984,-1.70335
1798,4.57984,-1.70335
1799,4.57984,-1.70335
1800,4.92645,-1.35674
1801,4.92645,-1.35674
1802,4.92645,-1.35674
1803,4.92645,-1.35674
1804,4.92645,-1.35674
1805,4.92645,-1.35674
1806,4.92645,-1.35674
1807,4.92645,-1.35674
1808,4.92645,-1.35674
1809,4.92645,-1.35674
1810,4.92645,-1.35674
1811,4.92645,-1.35674
1812,4.92645,-1.35674
1813,4.92645,-1.35674
1814,4.92645,-1.35674
1815,4.92645,-1.35674
1816,4.92645,-1.35674
1817,4.92645,-1.35674
1818,4.92645,-1.35674
1819,4.92645,-1.35674
1820,4.92645,-1.35674
1821,4.92645,-1.35674
1822,4.92645,-1.35674
1823,4.92645,-1.35674
1824,5.07116,-1.21203
1825,5.07116,-1.21203
1826,5.07116,-1.21203
1827,5.07116,-1.21203
1828,5.07116,-1.21203
1829,5.07116,-1.21203
1830,4.99069,-1.2925
1831,4.99069,-1.2925
1832,4.99069,-1.2925
1833,4.99069,-1.2925
1834,4.99069,-1.2925
1835,4.99069,-1.2925
1836,5.11728,-1.1659
1837,5.11728,-1.1659
1838,5.11728,-1.1659
1839,5.11728,-1.1659
1840,5.11728,-1.1659
1841,5.11728,-1.1659
1842,5.11728,-1.1659
1843,5.06116,-1.22203
1844,5.06116,-1.22203
1845,5.06116,-1.22203
1846,5.06116,-1.22203
1847,5.06116,-1.22203
1848,5.06116,-1.22203
1849,5.06116,-1.22203
1850,5.06116,-1.22203
1851,5.06116,-1.22203
1852,5.06116,-1.22203
1853,5.06116,-1.22203
1854,5.06116,-1.22203
1855,5.06116,-1.22203
1856,5.06116,-1.22203
1857,5.06116,-1.22203
1858,5.06116,-1.22203
1859,4.39064,-1.89255
1860,4.39064,-1.89255
1861,4.39064,-1.89255
1862,5.03414,-1.24905
1863,5.03414,-1.24905
1864,5.03414,-1.24905
1865,3.92699,-2.35619
1866,3.92699,-2.35619
1867,5.49779,-0.785398
1868,5.49779,-0.785398
1869,3.92699,-2.35619
1870,3.92699,-2.35619
1871,3.92699,-2.35619
1872,3.92699,-2.35619
1873,5.49779,-0.785398
1874,5.49779,-0.785398
1875,4.06889,-2.2143
1876,4.06889,-2.2143
1877,4.06889,-2.2143
1878,4.06889,-2.2143
1879,4.06889,-2.2143
1880,4.06889,-2.2143
1881,4.06889,-2.2143
1882,4.06889,-2.2143
1883,4.06889,-2.2143
1884,3.78509,-2.49809
1885,3.78509,-2.49809
1886,3.64869,-2.63449
1887,3.64869,-2.63449
1888,3.64869,-2.63449
1889,3.64869,-2.63449
1890,3.64869,-2.63449
1891,3.55982,-2.72337
1892,3.55982,-2.72337
1893,3.55982,-2.72337
1894,3.55982,-2.72337
1895,3.55982,-2.72337
1896,3.55982,-2.72337
1897,2.89661,2.89661
1898,2.89661,2.89661
1899,2.89661,2.89661
1900,2.89661,2.89661
1901,3.33899,-2.9442
1902,3.33899,-2.9442
1903,3.33899,-2.9442
1904,3.33899,-2.9442
1905,3.33899,-2.9442
1906,3.33899,-2.9442
1907,3.33899,-2.9442
1908,3.33899,-2.9442
1909,3.33899,-2.9442
1910,3.33899,-2.9442
1911,3.33899,-2.9442
1912,2.81984,2.81984
1913,2.81984,2.81984
1914,2.81984,2.81984
1915,3.25225,-3.03094
1916,3.25225,-3.03094
1917,3.25225,-3.03094
1918,3.25225,-3.03094
1919,3.25225,-3.03094
1920,3.25225,-3.03094
1921,3.25225,-3.03094
1922,3.25225,-3.03094
1923,3.25225,-3.03094
1924,3.25225,-3.03094
1925,3.25225,-3.03094
1926,3.25225,-3.03094
1927,2.35619,2.35619
1928,2.35619,2.35619
1929,3.36026,-2.92292
1930,3.36026,-2.92292
1931,3.36026,-2.92292
1932,3.36026,-2.92292
1933,3.36026,-2.92292
1934,3.36026,-2.92292
1935,3.30674,-2.97644
1936,3.30674,-2.97644
1937,3.30674,-2.97644
1938,3.30674,-2.97644
1939,3.30674,-2.97644
1940,3.30674,-2.97644
1941,3.40784,-2.87534
1942,3.40784,-2.87534
1943,3.40784,-2.87534
1944,3.40784,-2.87534
1945,3.40784,-2.87534
1946,3.40784,-2.87534
1947,3.40784,-2.87534
1948,3.40784,-2.87534
1949,3.36026,-2.92292
1950,3.36026,-2.92292
1951,3.36026,-2.92292
1952,3.36026,-2.92292
1953,3.36026,-2.92292
1954,3.36026,-2.92292
1955,3.36026,-2.92292
1956,3.36026,-2.92292
1957,3.36026,-2.92292
1958,3.36026,-2.92292
1959,3.36026,-2.92292
1960,3.36026,-2.92292
1961,3.36026,-2.92292
1962,3.30674,-2.97644
1963,3.30674,-2.97644
1964,3.30674,-2.97644
1965,3.30674,-2.97644
1966,3.30674,-2.97644
1967,3.30674,-2.97644
1968,3.36026,-2.92292
1969,3.36026,-2.92292
1970,3.36026,-2.92292
1971,3.40784,-2.87534
1972,3.40784,-2.87534
1973,3.43305,-2.85014
1974,3.43305,-2.85014
1975,3.43305,-2.85014
1976,3.43305,-2.85014
1977,3.49036,-2.79282
1978,3.49036,-2.79282
1979,3.49036,-2.79282
1980,3.49036,-2.79282
1981,3.55982,-2.72337
1982,3.55982,-2.72337
1983,3.55982,-2.72337
1984,3.55982,-2.72337
1985,3.55982,-2.72337
1986,3.64869,-2.63449
1987,3.64869,-2.63449
1988,3.64869,-2.63449
1989,3.64869,-2.63449
1990,3.70019,-2.58299
1991,3.70019,-2.58299
1992,3.70019,-2.58299
1993,3.76184,-2.52134
1994,3.76184,-2.52134
1995,3.76184,-2.52134
1996,3.76184,-2.52134
1997,3.76184,-2.52134
1998,3.76184,-2.52134
1999,3.76184,-2.52134
2000,3.68201,-2.60117
2001,3.68201,-2.60117
2002,3.68201,-2.60117
2003,3.68201,-2.60117
2004,3.68201,-2.60117
2005,3.81633,-2.46685
2006,3.81633,-2.46685
2007,3.81633,-2.46685
2008,4.03765,-2.24554
2009,4.03765,-2.24554
2010,4.03765,-2.24554
2011,4.09214,-2.19105
2012,4.09214,-2.19105
2013,4.09214,-2.19105
2014,4.15379,-2.1294
2015,4.15379,-2.1294
2016,4.20529,-2.07789
2017,4.20529,-2.07789
2018,4.20529,-2.07789
2019,4.20529,-2.07789
2020,4.20529,-2.07789
2021,4.20529,-2.07789
2022,4.20529,-2.07789
2023,4.20529,-2.07789
2024,4.20529,-2.07789
2025,4.20529,-2.07789
2026,5.17604,-1.10715
2027,5.17604,-1.10715
2028,5.17604,-1.10715
2029,4.49372,-1.78947
2030,4.49372,-1.78947
2031,4.49372,-1.78947
2032,4.49372,-1.78947
2033,4.49372,-1.78947
2034,4.49372,-1.78947
2035,4.49372,-1.78947
2036,4.49372,-1.78947
2037,4.49372,-1.78947
2038,4.49372,-1.78947
2039,4.49372,-1.78947
