n,tangent,t2
0,5.96143,-0.321751
1,5.96143,-0.321751
2,5.96143,-0.321751
3,5.96143,-0.321751
4,5.96143,-0.321751
5,5.59746,-0.68573
6,5.59746,-0.68573
7,5.59746,-0.68573
8,5.59746,-0.68573
9,5.59746,-0.68573
10,5.59746,-0.68573
11,5.59746,-0.68573
12,5.59746,-0.68573
13,5.59746,-0.68573
14,5.55654,-0.726642
15,5.55654,-0.726642
16,5.55654,-0.726642
17,5.55654,-0.726642
18,5.55654,-0.726642
19,5.55654,-0.726642
20,5.55654,-0.726642
21,5.43903,-0.844154
22,5.43903,-0.844154
23,5.43903,-0.844154
24,5.43903,-0.844154
25,5.43903,-0.844154
26,5.43903,-0.844154
27,5.43903,-0.844154
28,5.03414,-1.24905
29,5.03414,-1.24905
30,5.03414,-1.24905
31,5.40713,-0.876058
32,5.40713,-0.876058
33,5.40713,-0.876058
34,5.40713,-0.876058
35,5.58845,-0.694738
36,5.58845,-0.694738
37,5.58845,-0.694738
38,5.58845,-0.694738
39,5.58845,-0.694738
40,5.58845,-0.694738
41,5.58845,-0.694738
42,5.58845,-0.694738
43,0.588003,0.588003
44,0.588003,0.588003
45,0.588003,0.588003
46,0.588003,0.588003
47,5.81954,-0.463648
48,5.81954,-0.463648
49,4.17197,-2.11122
50,4.17197,-2.11122
51,4.17197,-2.11122
52,4.17197,-2.11122
53,4.17197,-2.11122
54,4.33188,-1.9513
55,4.46741,-1.81577
56,4.46741,-1.81577
57,4.46741,-1.81577
58,4.46741,-1.81577
59,4.46741,-1.81577
60,4.46741,-1.81577
61,5.69518,-0.588003
62,5.69518,-0.588003
63,5.96143,-0.321751
64,5.96143,-0.321751
65,5.96143,-0.321751
66,5.69518,-0.588003
67,5.69518,-0.588003
68,5.69518,-0.588003
69,6.08579,-0.197396
70,6.08579,-0.197396
71,6.08579,-0.197396
72,0.197396,0.197396
73,0.197396,0.197396
74,0.197396,0.197396
75,0.197396,0.197396
76,0.197396,0.197396
77,5.96143,-0.321751
78,5.69518,-0.588003
79,5.69518,-0.588003
80,5.69518,-0.588003
81,5.69518,-0.588003
82,0.588003,0.588003
83,0.588003,0.588003
84,0.588003,0.588003
85,0.588003,0.588003
86,5.96143,-0.321751
87,5.96143,-0.321751
88,5.96143,-0.321751
89,5.96143,-0.321751
90,5.96143,-0.321751
91,4.87754,-1.40565
92,4.87754,-1.40565
93,4.87754,-1.40565
94,4.87754,-1.40565
95,4.87754,-1.40565
96,4.87754,-1.40565
97,4.87754,-1.40565
98,0.380506,0.380506
99,0.380506,0.380506
100,0.380506,0.380506
101,0.380506,0.380506
102,0.0416426,0.0416426
103,0.0416426,0.0416426
104,0.0416426,0.0416426
105,0.0416426,0.0416426
106,0.0416426,0.0416426
107,0.0416426,0.0416426
108,0.0416426,0.0416426
109,0.0416426,0.0416426
110,0.0416426,0.0416426
111,0.0416426,0.0416426
112,0.0416426,0.0416426
113,0.0416426,0.0416426
114,6.24154,-0.0416426
115,6.24154,-0.0416426
116,6.24154,-0.0416426
117,6.24154,-0.0416426
118,6.24154,-0.0416426
119,6.24154,-0.0416426
120,6.24154,-0.0416426
121,6.24154,-0.0416426
122,6.24154,-0.0416426
123,6.24154,-0.0416426
124,6.24154,-0.0416426
125,6.24154,-0.0416426
126,5.35589,-0.927295
127,5.35589,-0.927295
128,5.35589,-0.927295
129,5.35589,-0.927295
130,5.35589,-0.927295
131,5.35589,-0.927295
132,5.35589,-0.927295
133,5.03414,-1.24905
134,5.03414,-1.24905
135,5.03414,-1.24905
136,5.03414,-1.24905
137,5.03414,-1.24905
138,5.03414,-1.24905
139,5.03414,-1.24905
140,5.30039,-0.982794
141,5.30039,-0.982794
142,5.30039,-0.982794
143,5.30039,-0.982794
144,5.30039,-0.982794
145,5.30039,-0.982794
146,5.30039,-0.982794
147,5.30039,-0.982794
148,5.30039,-0.982794
149,5.30039,-0.982794
150,5.30039,-0.982794
151,5.69518,-0.588003
152,5.69518,-0.588003
153,5.69518,-0.588003
154,5.17604,-1.10715
155,5.17604,-1.10715
156,5.90268,-0.380506
157,5.90268,-0.380506
158,5.90268,-0.380506
159,6.10333,-0.179853
160,6.10333,-0.179853
161,6.10333,-0.179853
162,6.10333,-0.179853
163,6.10333,-0.179853
164,6.10333,-0.179853
165,6.16608,-0.117109
166,6.16608,-0.117109
167,6.16608,-0.117109
168,6.16608,-0.117109
169,6.16608,-0.117109
170,6.16608,-0.117109
171,6.16608,-0.117109
172,6.16608,-0.117109
173,6.16608,-0.117109
174,6.22769,-0.0554985
175,6.22769,-0.0554985
176,6.22769,-0.0554985
177,6.22769,-0.0554985
178,6.22769,-0.0554985
179,6.22769,-0.0554985
180,6.22769,-0.0554985
181,6.22769,-0.0554985
182,6.22769,-0.0554985
183,0.0554985,0.0554985
184,0.0554985,0.0554985
185,0.0554985,0.0554985
186,0.0554985,0.0554985
187,0.0554985,0.0554985
188,0.0554985,0.0554985
189,0.0554985,0.0554985
190,0.0554985,0.0554985
191,0.0554985,0.0554985
192,0.2783,0.2783
193,0.2783,0.2783
194,0.367174,0.367174
195,0.367174,0.367174
196,0.367174,0.367174
197,0.367174,0.367174
198,0.367174,0.367174
199,0.367174,0.367174
200,0.367174,0.367174
201,0.367174,0.367174
202,0.367174,0.367174
203,0.367174,0.367174
204,0.367174,0.367174
205,0.54042,0.54042
206,0.643501,0.643501
207,0.643501,0.643501
208,0.942,0.942
209,0.942,0.942
210,0.942,0.942
211,0.942,0.942
212,0.942,0.942
213,0.942,0.942
214,0.942,0.942
215,0.942,0.942
216,0.942,0.942
217,0.942,0.942
218,0.942,0.942
219,0.942,0.942
220,0.942,0.942
221,0.942,0.942
222,0.942,0.942
223,0.942,0.942
224,0.124355,0.124355
225,0.124355,0.124355
226,0.124355,0.124355
227,0.124355,0.124355
228,0.124355,0.124355
229,0.124355,0.124355
230,0.124355,0.124355
231,0.124355,0.124355
232,0.674741,0.674741
233,0.674741,0.674741
234,0.674741,0.674741
235,0.674741,0.674741
236,0.674741,0.674741
237,0.674741,0.674741
238,0.674741,0.674741
239,0.0624188,0.0624188
240,0.0624188,0.0624188
241,0.0624188,0.0624188
242,0.0624188,0.0624188
243,0.0624188,0.0624188
244,0.0624188,0.0624188
245,0.0624188,0.0624188
246,0.0624188,0.0624188
247,6.22077,-0.0624188
248,6.22077,-0.0624188
249,6.22077,-0.0624188
250,6.22077,-0.0624188
251,6.22077,-0.0624188
252,6.22077,-0.0624188
253,6.22077,-0.0624188
254,6.22077,-0.0624188
255,5.92441,-0.358771
256,5.92441,-0.358771
257,5.92441,-0.358771
258,5.92441,-0.358771
259,5.92441,-0.358771
260,5.92441,-0.358771
261,6.00489,-0.2783
262,6.00489,-0.2783
263,6.13054,-0.152649
264,6.13054,-0.152649
265,6.13054,-0.152649
266,6.13054,-0.152649
267,6.13054,-0.152649
268,6.13054,-0.152649
269,6.13054,-0.152649
270,6.13054,-0.152649
271,6.13054,-0.152649
272,6.13054,-0.152649
273,6.13054,-0.152649
274,6.13054,-0.152649
275,6.13054,-0.152649
276,6.13054,-0.152649
277,5.11728,-1.1659
278,5.11728,-1.1659
279,5.11728,-1.1659
280,5.11728,-1.1659
281,5.11728,-1.1659
282,5.11728,-1.1659
283,4.93106,-1.35213
284,4.93106,-1.35213
285,4.93106,-1.35213
286,4.93106,-1.35213
287,4.93106,-1.35213
288,4.93106,-1.35213
289,4.93106,-1.35213
290,4.93106,-1.35213
291,4.93106,-1.35213
292,4.93106,-1.35213
293,5.35589,-0.927295
294,5.35589,-0.927295
295,5.35589,-0.927295
296,5.35589,-0.927295
297,5.35589,-0.927295
298,5.03414,-1.24905
299,5.03414,-1.24905
300,4.39064,-1.89255
301,4.39064,-1.89255
302,4.39064,-1.89255
303,4.39064,-1.89255
304,5.03414,-1.24905
305,5.30039,-0.982794
306,5.30039,-0.982794
307,5.30039,-0.982794
308,4.95737,-1.32582
309,4.95737,-1.32582
310,4.95737,-1.32582
311,4.95737,-1.32582
312,5.35589,-0.927295
313,5.35589,-0.927295
314,5.35589,-0.927295
315,5.35589,-0.927295
316,5.35589,-0.927295
317,0.927295,0.927295
318,0.927295,0.927295
319,0.927295,0.927295
320,0.927295,0.927295
321,1.3734,1.3734
322,1.3734,1.3734
323,1.3734,1.3734
324,1.3734,1.3734
325,1.3734,1.3734
326,0.321751,0.321751
327,0.321751,0.321751
328,0.321751,0.321751
329,1.3734,1.3734
330,1.3734,1.3734
331,1.3734,1.3734
332,1.3734,1.3734
333,1.3734,1.3734
334,1.3734,1.3734
335,1.3734,1.3734
336,1.89255,1.89255
337,1.89255,1.89255
338,1.89255,1.89255
339,1.89255,1.89255
340,1.19029,1.19029
341,1.19029,1.19029
342,1.19029,1.19029
343,1.03038,1.03038
344,0.896055,0.896055
345,0.896055,0.896055
346,0.896055,0.896055
347,0.674741,0.674741
348,0.674741,0.674741
349,0.674741,0.674741
350,0.321751,0.321751
351,0.321751,0.321751
352,6.09496,-0.188222
353,6.09496,-0.188222
354,6.09496,-0.188222
355,6.09496,-0.188222
356,6.09496,-0.188222
357,6.09496,-0.188222
358,6.09496,-0.188222
359,6.09496,-0.188222
360,6.09496,-0.188222
361,6.09496,-0.188222
362,6.09496,-0.188222
363,6.09496,-0.188222
364,6.09496,-0.188222
365,6.09496,-0.188222
366,6.09496,-0.188222
367,6.09496,-0.188222
368,6.09496,-0.188222
369,6.09496,-0.188222
370,6.09496,-0.188222
371,6.09496,-0.188222
372,6.09496,-0.188222
373,6.09496,-0.188222
374,6.09496,-0.188222
375,6.09496,-0.188222
376,6.09496,-0.188222
377,6.09496,-0.188222
378,6.00489,-0.2783
379,6.00489,-0.2783
380,6.00489,-0.2783
381,6.00489,-0.2783
382,5.30039,-0.982794
383,5.30039,-0.982794
384,5.30039,-0.982794
385,5.30039,-0.982794
386,5.30039,-0.982794
387,1.46014,1.46014
388,1.46014,1.46014
389,1.46014,1.46014
390,1.46014,1.46014
391,1.46014,1.46014
392,1.46014,1.46014
393,1.46014,1.46014
394,1.46014,1.46014
395,1.46014,1.46014
396,1.19029,1.19029
397,1.19029,1.19029
398,1.19029,1.19029
399,0.244979,0.244979
400,0.244979,0.244979
401,6.03821,-0.244979
402,6.03821,-0.244979
403,5.69518,-0.588003
404,5.35589,-0.927295
405,5.35589,-0.927295
406,5.35589,-0.927295
407,5.35589,-0.927295
408,5.35589,-0.927295
409,5.63968,-0.643501
410,5.63968,-0.643501
411,5.63968,-0.643501
412,5.63968,-0.643501
413,5.63968,-0.643501
414,5.63968,-0.643501
415,5.63968,-0.643501
416,5.63968,-0.643501
417,5.63968,-0.643501
418,6.00489,-0.2783
419,6.00489,-0.2783
420,6.00489,-0.2783
421,6.00489,-0.2783
422,6.00489,-0.2783
423,6.00489,-0.2783
424,6.00489,-0.2783
425,6.00489,-0.2783
426,6.00489,-0.2783
427,6.13054,-0.152649
428,6.13054,-0.152649
429,6.13054,-0.152649
430,6.13054,-0.152649
431,6.13054,-0.152649
432,6.13054,-0.152649
433,6.13054,-0.152649
434,6.2356,-0.0475831
435,6.2356,-0.0475831
436,6.2356,-0.0475831
437,6.2356,-0.0475831
438,6.2356,-0.0475831
439,6.2356,-0.0475831
440,6.2356,-0.0475831
441,6.2356,-0.0475831
442,6.2356,-0.0475831
443,6.2356,-0.0475831
444,6.2356,-0.0475831
445,6.2356,-0.0475831
446,6.2356,-0.0475831
447,6.2356,-0.0475831
448,6.2356,-0.0475831
449,6.2356,-0.0475831
450,6.2356,-0.0475831
451,6.2356,-0.0475831
452,6.2356,-0.0475831
453,6.2356,-0.0475831
454,6.2356,-0.0475831
455,6.2356,-0.0475831
456,4.19324,-2.08994
457,4.19324,-2.08994
458,4.19324,-2.08994
459,4.19324,-2.08994
460,4.19324,-2.08994
461,4.19324,-2.08994
462,4.19324,-2.08994
463,4.19324,-2.08994
464,4.19324,-2.08994
465,4.19324,-2.08994
466,3.7296,-2.55359
467,3.7296,-2.55359
468,2.55359,2.55359
469,2.55359,2.55359
470,2.55359,2.55359
471,2.55359,2.55359
472,2.9442,2.9442
473,2.9442,2.9442
474,2.9442,2.9442
475,3.33899,-2.9442
476,3.33899,-2.9442
477,3.78509,-2.49809
478,3.78509,-2.49809
479,4.06889,-2.2143
480,4.06889,-2.2143
481,4.39064,-1.89255
482,4.39064,-1.89255
483,4.39064,-1.89255
484,4.39064,-1.89255
485,4.39064,-1.89255
486,4.39064,-1.89255
487,4.95737,-1.32582
488,4.95737,-1.32582
489,4.95737,-1.32582
490,4.95737,-1.32582
491,4.95737,-1.32582
492,4.95737,-1.32582
493,5.30039,-0.982794
494,5.69518,-0.588003
495,6.11804,-0.165149
496,6.11804,-0.165149
497,6.11804,-0.165149
498,0.165149,0.165149
499,0.165149,0.165149
500,0.165149,0.165149
501,0.165149,0.165149
502,0.165149,0.165149
503,5.69518,-0.588003
504,5.69518,-0.588003
505,5.30039,-0.982794
506,5.30039,-0.982794
507,5.30039,-0.982794
508,5.30039,-0.982794
509,5.69518,-0.588003
510,6.24617,-0.0370201
511,6.24617,-0.0370201
512,6.24617,-0.0370201
513,6.24617,-0.0370201
514,6.24617,-0.0370201
515,6.24617,-0.0370201
516,6.24617,-0.0370201
517,6.24617,-0.0370201
518,6.24617,-0.0370201
519,6.24617,-0.0370201
520,6.24617,-0.0370201
521,6.24617,-0.0370201
522,6.24617,-0.0370201
523,6.24617,-0.0370201
524,0.0370201,0.0370201
525,0.0370201,0.0370201
526,0.0370201,0.0370201
527,0.0370201,0.0370201
528,0.0370201,0.0370201
529,0.0370201,0.0370201
530,0.0370201,0.0370201
531,0.0370201,0.0370201
532,0.0370201,0.0370201
533,0.0370201,0.0370201
534,0.0370201,0.0370201
535,0.0370201,0.0370201
536,0.0370201,0.0370201
537,1.10715,1.10715
538,2.03444,2.03444
539,2.03444,2.03444
540,2.03444,2.03444
541,1.40565,1.40565
542,1.40565,1.40565
543,1.40565,1.40565
544,1.40565,1.40565
545,1.40565,1.40565
546,1.73595,1.73595
547,1.73595,1.73595
548,1.73595,1.73595
549,1.9513,1.9513
550,1.9513,1.9513
551,2.11122,2.11122
552,2.2143,2.2143
553,2.2143,2.2143
554,2.49809,2.49809
555,2.49809,2.49809
556,2.9442,2.9442
557,2.9442,2.9442
558,2.9442,2.9442
559,2.9442,2.9442
560,2.9442,2.9442
561,2.46685,2.46685
562,2.46685,2.46685
563,2.46685,2.46685
564,2.46685,2.46685
565,2.46685,2.46685
566,2.46685,2.46685
567,2.46685,2.46685
568,2.46685,2.46685
569,2.46685,2.46685
570,2.46685,2.46685
571,2.46685,2.46685
572,2.2143,2.2143
573,2.2143,2.2143
574,1.89255,1.89255
575,1.89255,1.89255
576,1.89255,1.89255
577,1.89255,1.89255
578,1.89255,1.89255
579,1.10715,1.10715
580,0.226799,0.226799
581,0.226799,0.226799
582,0.226799,0.226799
583,0.226799,0.226799
584,0.226799,0.226799
585,0.226799,0.226799
586,0.226799,0.226799
587,0.226799,0.226799
588,0.226799,0.226799
589,0.226799,0.226799
590,0.124355,0.124355
591,0.124355,0.124355
592,0.124355,0.124355
593,0.124355,0.124355
594,6.16608,-0.117109
595,6.16608,-0.117109
596,6.16608,-0.117109
597,6.16608,-0.117109
598,6.16608,-0.117109
599,6.16608,-0.117109
600,6.16608,-0.117109
601,6.16608,-0.117109
602,6.16608,-0.117109
603,6.16608,-0.117109
604,6.16608,-0.117109
605,6.16608,-0.117109
606,6.16608,-0.117109
607,6.16608,-0.117109
608,6.18823,-0.0949517
609,6.18823,-0.0949517
610,6.18823,-0.0949517
611,6.18823,-0.0949517
612,6.18823,-0.0949517
613,6.18823,-0.0949517
614,6.18823,-0.0949517
615,6.18823,-0.0949517
616,6.18823,-0.0949517
617,6.18823,-0.0949517
618,6.18823,-0.0949517
619,6.18823,-0.0949517
620,6.18823,-0.0949517
621,6.18823,-0.0949517
622,6.18823,-0.0949517
623,6.18823,-0.0949517
624,6.18823,-0.0949517
625,6.18823,-0.0949517
626,6.18823,-0.0949517
627,6.18823,-0.0949517
628,6.18823,-0.0949517
629,6.18823,-0.0949517
630,6.18823,-0.0949517
631,6.23973,-0.0434509
632,6.23973,-0.0434509
633,6.23973,-0.0434509
634,6.23973,-0.0434509
635,6.23973,-0.0434509
636,6.23973,-0.0434509
637,6.23973,-0.0434509
638,6.23973,-0.0434509
639,6.23973,-0.0434509
640,6.23973,-0.0434509
641,6.23973,-0.0434509
642,6.23973,-0.0434509
643,0.0434509,0.0434509
644,0.0434509,0.0434509
645,0.0434509,0.0434509
646,0.0434509,0.0434509
647,0.0434509,0.0434509
648,0.0434509,0.0434509
649,0.0434509,0.0434509
650,0.0434509,0.0434509
651,0.0434509,0.0434509
652,0.0434509,0.0434509
653,0.0434509,0.0434509
654,0.152649,0.152649
655,0.152649,0.152649
656,0.152649,0.152649
657,0.152649,0.152649
658,0.152649,0.152649
659,0.152649,0.152649
660,0.152649,0.152649
661,0.231091,0.231091
662,0.231091,0.231091
663,0.231091,0.231091
664,0.231091,0.231091
665,0.231091,0.231091
666,0.231091,0.231091
667,0.231091,0.231091
668,0.231091,0.231091
669,0.231091,0.231091
670,0.231091,0.231091
671,0.231091,0.231091
672,0.231091,0.231091
673,0.231091,0.231091
674,0.231091,0.231091
675,0.231091,0.231091
676,0.231091,0.231091
677,0.211093,0.211093
678,0.211093,0.211093
679,0.211093,0.211093
680,0.211093,0.211093
681,0.211093,0.211093
682,0.211093,0.211093
683,0.211093,0.211093
684,0.211093,0.211093
685,0.211093,0.211093
686,0.211093,0.211093
687,0.211093,0.211093
688,0.2783,0.2783
689,0.2783,0.2783
690,0.2783,0.2783
691,0.2783,0.2783
692,0.2783,0.2783
693,0.141897,0.141897
694,0.141897,0.141897
695,0.141897,0.141897
696,0.141897,0.141897
697,0.141897,0.141897
698,0.141897,0.141897
699,0.141897,0.141897
700,0.588003,0.588003
701,0.588003,0.588003
702,0.588003,0.588003
703,0.321751,0.321751
704,0.321751,0.321751
705,0.321751,0.321751
706,0.321751,0.321751
707,0.321751,0.321751
708,0.321751,0.321751
709,0.321751,0.321751
710,0.71883,0.71883
711,0.71883,0.71883
712,0.71883,0.71883
713,0.71883,0.71883
714,0.71883,0.71883
715,0.71883,0.71883
716,0.851966,0.851966
717,0.851966,0.851966
718,0.851966,0.851966
719,0.851966,0.851966
720,0.851966,0.851966
721,0.851966,0.851966
722,0.96007,0.96007
723,0.96007,0.96007
724,0.96007,0.96007
725,0.96007,0.96007
726,0.96007,0.96007
727,0.96007,0.96007
728,0.96007,0.96007
729,0.96007,0.96007
730,0.96007,0.96007
731,0.96007,0.96007
732,1.24905,1.24905
733,1.24905,1.24905
734,1.24905,1.24905
735,0.124355,0.124355
736,0.124355,0.124355
737,0.124355,0.124355
738,0.124355,0.124355
739,0.124355,0.124355
740,0.124355,0.124355
741,0.124355,0.124355
742,0.124355,0.124355
743,0.152649,0.152649
744,0.152649,0.152649
745,0.152649,0.152649
746,0.152649,0.152649
747,0.152649,0.152649
748,0.152649,0.152649
749,0.152649,0.152649
750,0.152649,0.152649
751,0.124355,0.124355
752,0.124355,0.124355
753,0.124355,0.124355
754,0.124355,0.124355
755,0.124355,0.124355
756,0.124355,0.124355
757,0.124355,0.124355
758,0.124355,0.124355
759,0.218669,0.218669
760,0.218669,0.218669
761,0.218669,0.218669
762,0.218669,0.218669
763,0.218669,0.218669
764,1.32582,1.32582
765,1.32582,1.32582
766,1.32582,1.32582
767,1.32582,1.32582
768,0.380506,0.380506
769,0.380506,0.380506
770,0.380506,0.380506
771,0.0867383,0.0867383
772,0.0867383,0.0867383
773,0.0867383,0.0867383
774,0.0867383,0.0867383
775,0.0867383,0.0867383
776,0.0867383,0.0867383
777,0.0867383,0.0867383
778,0.0867383,0.0867383
779,0.0867383,0.0867383
780,0.0867383,0.0867383
781,0.0867383,0.0867383
782,0.0867383,0.0867383
783,0.0570808,0.0570808
784,0.0570808,0.0570808
785,0.0570808,0.0570808
786,0.0570808,0.0570808
787,0.0570808,0.0570808
788,0.0570808,0.0570808
789,0.0570808,0.0570808
790,0.0570808,0.0570808
791,0.0570808,0.0570808
792,0.0570808,0.0570808
793,0.0570808,0.0570808
794,0.0570808,0.0570808
795,0.0570808,0.0570808
796,0.0570808,0.0570808
797,0.0570808,0.0570808
798,0.0570808,0.0570808
799,0.0570808,0.0570808
800,0.0570808,0.0570808
801,0.0570808,0.0570808
802,0.0570808,0.0570808
803,0.0570808,0.0570808
804,0.0570808,0.0570808
805,0.0570808,0.0570808
806,0.0570808,0.0570808
807,0.0570808,0.0570808
808,0.0570808,0.0570808
809,0.0570808,0.0570808
810,0.0570808,0.0570808
811,0.0570808,0.0570808
812,0.0570808,0.0570808
813,0.0570808,0.0570808
814,0.0570808,0.0570808
815,0.0570808,0.0570808
816,0.0570808,0.0570808
817,0.0570808,0.0570808
818,0.0570808,0.0570808
819,0.0570808,0.0570808
820,0.0499584,0.0499584
821,0.0499584,0.0499584
822,0.0499584,0.0499584
823,0.0499584,0.0499584
824,0.0499584,0.0499584
825,0.0499584,0.0499584
826,0.0499584,0.0499584
827,0.0499584,0.0499584
828,0.0499584,0.0499584
829,0.0499584,0.0499584
830,0.0499584,0.0499584
831,0.0499584,0.0499584
832,0.0499584,0.0499584
833,0.0499584,0.0499584
834,0.0499584,0.0499584
835,0.0499584,0.0499584
836,0.0499584,0.0499584
837,0.0499584,0.0499584
838,0.0499584,0.0499584
839,0.0499584,0.0499584
840,0.0499584,0.0499584
841,0.0499584,0.0499584
842,0.0499584,0.0499584
843,0.0499584,0.0499584
844,0.0499584,0.0499584
845,0.0499584,0.0499584
846,0.0499584,0.0499584
847,0.0499584,0.0499584
848,6.21188,-0.0713075
849,6.21188,-0.0713075
850,6.21188,-0.0713075
851,6.21188,-0.0713075
852,6.21188,-0.0713075
853,6.21188,-0.0713075
854,6.21188,-0.0713075
855,6.21188,-0.0713075
856,6.21188,-0.0713075
857,6.21188,-0.0713075
858,6.21188,-0.0713075
859,6.21188,-0.0713075
860,0.141897,0.141897
861,0.141897,0.141897
862,0.141897,0.141897
863,0.588003,0.588003
864,0.982794,0.982794
865,1.3734,1.3734
866,1.3734,1.3734
867,1.3734,1.3734
868,1.3734,1.3734
869,1.3734,1.3734
870,0.86217,0.86217
871,0.86217,0.86217
872,0.86217,0.86217
873,0.86217,0.86217
874,0.86217,0.86217
875,0.86217,0.86217
876,0.86217,0.86217
877,0.86217,0.86217
878,0.86217,0.86217
879,0.86217,0.86217
880,0.86217,0.86217
881,1.3734,1.3734
882,1.3734,1.3734
883,1.3734,1.3734
884,1.3734,1.3734
885,1.3734,1.3734
886,1.1659,1.1659
887,1.1659,1.1659
888,1.1659,1.1659
889,1.05165,1.05165
890,1.05165,1.05165
891,1.05165,1.05165
892,0.927295,0.927295
893,0.927295,0.927295
894,0.927295,0.927295
895,0.927295,0.927295
896,0.927295,0.927295
897,1.32582,1.32582
898,1.32582,1.32582
899,1.81577,1.81577
900,1.81577,1.81577
901,2.2143,2.2143
902,2.2143,2.2143
903,2.49809,2.49809
904,2.49809,2.49809
905,2.49809,2.49809
906,3.7296,-2.55359
907,3.7296,-2.55359
908,3.7296,-2.55359
909,3.7296,-2.55359
910,3.29048,-2.9927
911,3.29048,-2.9927
912,3.29048,-2.9927
913,3.29048,-2.9927
914,3.29048,-2.9927
915,3.29048,-2.9927
916,3.29048,-2.9927
917,3.29048,-2.9927
918,3.29048,-2.9927
919,3.29048,-2.9927
920,3.29048,-2.9927
921,3.27414,-3.00904
922,3.27414,-3.00904
923,3.27414,-3.00904
924,3.27414,-3.00904
925,3.18504,-3.09814
926,3.18504,-3.09814
927,3.18504,-3.09814
928,3.18504,-3.09814
929,3.18504,-3.09814
930,3.18504,-3.09814
931,3.18504,-3.09814
932,3.18504,-3.09814
933,3.18504,-3.09814
934,3.18504,-3.09814
935,3.18504,-3.09814
936,3.18504,-3.09814
937,3.18504,-3.09814
938,3.18504,-3.09814
939,3.18504,-3.09814
940,3.18504,-3.09814
941,3.18504,-3.09814
942,3.18504,-3.09814
943,3.18504,-3.09814
944,3.18504,-3.09814
945,3.18504,-3.09814
946,3.18504,-3.09814
947,3.18504,-3.09814
948,3.29424,-2.98894
949,3.29424,-2.98894
950,3.29424,-2.98894
951,3.29424,-2.98894
952,3.29424,-2.98894
953,3.29424,-2.98894
954,3.29424,-2.98894
955,3.29424,-2.98894
956,3.23225,-3.05093
957,3.23225,-3.05093
958,3.23225,-3.05093
959,3.23225,-3.05093
960,3.23225,-3.05093
961,3.23225,-3.05093
962,3.23225,-3.05093
963,3.23225,-3.05093
964,3.23225,-3.05093
965,3.23225,-3.05093
966,3.23225,-3.05093
967,3.78509,-2.49809
968,3.78509,-2.49809
969,4.06889,-2.2143
970,4.06889,-2.2143
971,4.06889,-2.2143
972,4.06889,-2.2143
973,4.06889,-2.2143
974,3.7296,-2.55359
975,3.41989,-2.86329
976,3.41989,-2.86329
977,3.41989,-2.86329
978,3.41989,-2.86329
979,3.25225,-3.03094
980,3.25225,-3.03094
981,3.25225,-3.03094
982,3.25225,-3.03094
983,3.25225,-3.03094
984,3.25225,-3.03094
985,3.25225,-3.03094
986,3.25225,-3.03094
987,3.25225,-3.03094
988,3.25225,-3.03094
989,3.25225,-3.03094
990,3.25225,-3.03094
991,3.25225,-3.03094
992,3.25225,-3.03094
993,3.25225,-3.03094
994,3.25225,-3.03094
995,3.25225,-3.03094
996,3.25225,-3.03094
997,3.25225,-3.03094
998,3.25225,-3.03094
999,3.25225,-3.03094
1000,3.25225,-3.03094
1001,3.25225,-3.03094
1002,2.92292,2.92292
1003,2.92292,2.92292
1004,2.92292,2.92292
1005,2.92292,2.92292
1006,2.92292,2.92292
1007,2.92292,2.92292
1008,2.92292,2.92292
1009,2.55359,2.55359
1010,2.55359,2.55359
1011,2.55359,2.55359
1012,3.06482,3.06482
1013,3.06482,3.06482
1014,3.06482,3.06482
1015,3.06482,3.06482
1016,3.06482,3.06482
1017,3.06482,3.06482
1018,3.06482,3.06482
1019,3.21836,-3.06482
1020,3.21836,-3.06482
1021,3.21836,-3.06482
1022,3.21836,-3.06482
1023,3.21836,-3.06482
1024,3.21836,-3.06482
1025,3.78509,-2.49809
1026,3.78509,-2.49809
1027,3.78509,-2.49809
1028,3.78509,-2.49809
1029,3.78509,-2.49809
1030,3.30674,-2.97644
1031,3.30674,-2.97644
1032,3.30674,-2.97644
1033,2.97644,2.97644
1034,2.97644,2.97644
1035,2.97644,2.97644
1036,2.49809,2.49809
1037,2.49809,2.49809
1038,2.2143,2.2143
1039,2.2143,2.2143
1040,1.89255,1.89255
1041,1.89255,1.89255
1042,1.49949,1.49949
1043,1.49949,1.49949
1044,1.49949,1.49949
1045,1.49949,1.49949
1046,1.49949,1.49949
1047,1.49949,1.49949
1048,1.49949,1.49949
1049,1.49949,1.49949
1050,1.49949,1.49949
1051,1.49949,1.49949
1052,1.49949,1.49949
1053,1.49949,1.49949
1054,1.49949,1.49949
1055,1.49949,1.49949
1056,1.49949,1.49949
1057,1.49949,1.49949
1058,0.982794,0.982794
1059,0.588003,0.588003
1060,0.588003,0.588003
1061,0.588003,0.588003
1062,0.588003,0.588003
1063,0.982794,0.982794
1064,0.982794,0.982794
1065,1.76819,1.76819
1066,1.76819,1.76819
1067,1.76819,1.76819
1068,1.76819,1.76819
1069,1.76819,1.76819
1070,1.3734,1.3734
1071,1.3734,1.3734
1072,1.3734,1.3734
1073,5.49779,-0.785398
1074,5.49779,-0.785398
1075,1.10715,1.10715
1076,1.10715,1.10715
1077,1.10715,1.10715
1078,1.10715,1.10715
1079,2.03444,2.03444
1080,2.03444,2.03444
1081,2.03444,2.03444
1082,0.982794,0.982794
1083,0.982794,0.982794
1084,0.982794,0.982794
1085,1.24905,1.24905
1086,1.24905,1.24905
1087,1.24905,1.24905
1088,1.24905,1.24905
1089,1.24905,1.24905
1090,2.03444,2.03444
1091,2.03444,2.03444
1092,2.03444,2.03444
1093,1.1659,1.1659
1094,1.1659,1.1659
1095,1.1659,1.1659
1096,1.1659,1.1659
1097,1.1659,1.1659
1098,1.1659,1.1659
1099,1.1659,1.1659
1100,1.32582,1.32582
1101,1.32582,1.32582
1102,1.81577,1.81577
1103,1.81577,1.81577
1104,1.81577,1.81577
1105,1.81577,1.81577
1106,1.03038,1.03038
1107,1.03038,1.03038
1108,1.03038,1.03038
1109,1.03038,1.03038
1110,1.03038,1.03038
1111,1.21203,1.21203
1112,1.21203,1.21203
1113,1.21203,1.21203
1114,1.2925,1.2925
1115,1.2925,1.2925
1116,1.33971,1.33971
1117,1.33971,1.33971
1118,1.33971,1.33971
1119,1.33971,1.33971
1120,1.33971,1.33971
1121,1.33971,1.33971
1122,1.33971,1.33971
1123,1.33971,1.33971
1124,1.33971,1.33971
1125,1.33971,1.33971
1126,1.33971,1.33971
1127,1.33971,1.33971
1128,1.33971,1.33971
1129,1.31347,1.31347
1130,1.31347,1.31347
1131,1.31347,1.31347
1132,1.31347,1.31347
1133,1.31347,1.31347
1134,1.31347,1.31347
1135,1.31347,1.31347
1136,1.31347,1.31347
1137,1.31347,1.31347
1138,1.31347,1.31347
1139,1.31347,1.31347
1140,1.31347,1.31347
1141,1.31347,1.31347
1142,1.31347,1.31347
1143,1.31347,1.31347
1144,1.35213,1.35213
1145,1.35213,1.35213
1146,1.35213,1.35213
1147,1.35213,1.35213
1148,1.35213,1.35213
1149,1.76819,1.76819
1150,1.76819,1.76819
1151,2.87534,2.87534
1152,2.87534,2.87534
1153,2.87534,2.87534
1154,2.87534,2.87534
1155,2.87534,2.87534
1156,2.87534,2.87534
1157,2.87534,2.87534
1158,2.87534,2.87534
1159,2.87534,2.87534
1160,2.87534,2.87534
1161,2.87534,2.87534
1162,3.38657,-2.89661
1163,3.38657,-2.89661
1164,3.7296,-2.55359
1165,4.14566,-2.13753
1166,4.14566,-2.13753
1167,4.14566,-2.13753
1168,4.14566,-2.13753
1169,4.14566,-2.13753
1170,4.14566,-2.13753
1171,4.14566,-2.13753
1172,4.14566,-2.13753
1173,4.14566,-2.13753
1174,4.14566,-2.13753
1175,4.14566,-2.13753
1176,4.14566,-2.13753
1177,4.14566,-2.13753
1178,4.14566,-2.13753
1179,4.14566,-2.13753
1180,4.14566,-2.13753
1181,4.14566,-2.13753
1182,4.14566,-2.13753
1183,4.14566,-2.13753
1184,4.14566,-2.13753
1185,4.14566,-2.13753
1186,4.14566,-2.13753
1187,4.14566,-2.13753
1188,4.14566,-2.13753
1189,4.14566,-2.13753
1190,4.14566,-2.13753
1191,4.14566,-2.13753
1192,4.09214,-2.19105
1193,4.09214,-2.19105
1194,4.09214,-2.19105
1195,4.09214,-2.19105
1196,4.09214,-2.19105
1197,4.09214,-2.19105
1198,4.09214,-2.19105
1199,4.15379,-2.1294
1200,4.15379,-2.1294
1201,4.15379,-2.1294
1202,4.15379,-2.1294
1203,4.15379,-2.1294
1204,4.15379,-2.1294
1205,4.15379,-2.1294
1206,4.15379,-2.1294
1207,4.15379,-2.1294
1208,4.15379,-2.1294
1209,4.15379,-2.1294
1210,4.15379,-2.1294
1211,4.15379,-2.1294
1212,4.15379,-2.1294
1213,4.15379,-2.1294
1214,4.15379,-2.1294
1215,4.15379,-2.1294
1216,4.15379,-2.1294
1217,4.15379,-2.1294
1218,4.15379,-2.1294
1219,5.17604,-1.10715
1220,5.17604,-1.10715
1221,4.24874,-2.03444
1222,4.24874,-2.03444
1223,4.24874,-2.03444
1224,5.49779,-0.785398
1225,5.49779,-0.785398
1226,3.92699,-2.35619
1227,2.67795,2.67795
1228,2.67795,2.67795
1229,3.60524,-2.67795
1230,3.60524,-2.67795
1231,5.49779,-0.785398
1232,5.49779,-0.785398
1233,3.92699,-2.35619
1234,2.35619,2.35619
1235,2.35619,2.35619
1236,4.33188,-1.9513
1237,4.33188,-1.9513
1238,4.33188,-1.9513
1239,4.33188,-1.9513
1240,4.33188,-1.9513
1241,4.33188,-1.9513
1242,3.78509,-2.49809
1243,3.78509,-2.49809
1244,3.78509,-2.49809
1245,3.78509,-2.49809
1246,4.06889,-2.2143
1247,4.06889,-2.2143
1248,4.14308,-2.14011
1249,4.14308,-2.14011
1250,4.14308,-2.14011
1251,4.14308,-2.14011
1252,4.14308,-2.14011
1253,4.14308,-2.14011
1254,4.14308,-2.14011
1255,4.14308,-2.14011
1256,4.14308,-2.14011
1257,4.14308,-2.14011
1258,4.14308,-2.14011
1259,4.14308,-2.14011
1260,4.14308,-2.14011
1261,4.14308,-2.14011
1262,4.14308,-2.14011
1263,4.14308,-2.14011
1264,4.14308,-2.14011
1265,4.14308,-2.14011
1266,4.14308,-2.14011
1267,4.14308,-2.14011
1268,4.14308,-2.14011
1269,4.14308,-2.14011
1270,4.14308,-2.14011
1271,4.14308,-2.14011
1272,4.14308,-2.14011
1273,4.14308,-2.14011
1274,4.14308,-2.14011
1275,4.14308,-2.14011
1276,4.14308,-2.14011
1277,4.14308,-2.14011
1278,4.14308,-2.14011
1279,4.14308,-2.14011
1280,4.14308,-2.14011
1281,4.14308,-2.14011
1282,4.14308,-2.14011
1283,4.14308,-2.14011
1284,4.14308,-2.14011
1285,4.14308,-2.14011
1286,4.14308,-2.14011
1287,4.14308,-2.14011
1288,4.14308,-2.14011
1289,4.14308,-2.14011
1290,4.14308,-2.14011
1291,4.14308,-2.14011
1292,4.14308,-2.14011
1293,4.14308,-2.14011
1294,4.14308,-2.14011
1295,4.14308,-2.14011
1296,4.14308,-2.14011
1297,4.09214,-2.19105
1298,4.09214,-2.19105
1299,4.01765,-2.26553
1300,4.01765,-2.26553
1301,4.01765,-2.26553
1302,4.01765,-2.26553
1303,3.83633,-2.44685
1304,3.83633,-2.44685
1305,3.83633,-2.44685
1306,3.83633,-2.44685
1307,3.41989,-2.86329
1308,3.41989,-2.86329
1309,3.41989,-2.86329
1310,3.41989,-2.86329
1311,3.41989,-2.86329
1312,3.41989,-2.86329
1313,2.96174,2.96174
1314,2.96174,2.96174
1315,2.96174,2.96174
1316,2.96174,2.96174
1317,2.96174,2.96174
1318,2.96174,2.96174
1319,2.96174,2.96174
1320,2.96174,2.96174
1321,2.96174,2.96174
1322,3.00904,3.00904
1323,3.00904,3.00904
1324,3.00904,3.00904
1325,3.00904,3.00904
1326,3.00904,3.00904
1327,3.00904,3.00904
1328,3.00904,3.00904
1329,3.00904,3.00904
1330,3.00904,3.00904
1331,3.00904,3.00904
1332,3.00904,3.00904
1333,3.00904,3.00904
1334,3.00904,3.00904
1335,3.00904,3.00904
1336,3.00904,3.00904
1337,3.00904,3.00904
1338,2.96174,2.96174
1339,2.96174,2.96174
1340,2.96174,2.96174
1341,2.96174,2.96174
1342,2.96174,2.96174
1343,2.96174,2.96174
1344,2.96174,2.96174
1345,2.96174,2.96174
1346,3.92699,-2.35619
1347,3.92699,-2.35619
1348,3.03094,3.03094
1349,3.03094,3.03094
1350,3.03094,3.03094
1351,3.03094,3.03094
1352,3.03094,3.03094
1353,3.03094,3.03094
1354,3.03094,3.03094
1355,3.03094,3.03094
1356,3.03094,3.03094
1357,3.03094,3.03094
1358,1.89255,1.89255
1359,1.89255,1.89255
1360,1.89255,1.89255
1361,1.89255,1.89255
1362,3.7296,-2.55359
1363,3.7296,-2.55359
1364,3.7296,-2.55359
1365,3.26595,-3.01724
1366,3.26595,-3.01724
1367,3.26595,-3.01724
1368,3.26595,-3.01724
1369,3.00606,3.00606
1370,3.00606,3.00606
1371,3.00606,3.00606
1372,3.00606,3.00606
1373,3.00606,3.00606
1374,3.00606,3.00606
1375,3.00606,3.00606
1376,3.00606,3.00606
1377,3.00606,3.00606
1378,3.00606,3.00606
1379,3.00606,3.00606
1380,3.00606,3.00606
1381,3.00606,3.00606
1382,3.00606,3.00606
1383,3.00606,3.00606
1384,3.00606,3.00606
1385,3.00606,3.00606
1386,3.00606,3.00606
1387,3.00606,3.00606
1388,3.00606,3.00606
1389,2.55359,2.55359
1390,2.55359,2.55359
1391,2.55359,2.55359
1392,3.08284,3.08284
1393,3.08284,3.08284
1394,3.08284,3.08284
1395,3.08284,3.08284
1396,3.08284,3.08284
1397,3.08284,3.08284
1398,3.08284,3.08284
1399,3.08284,3.08284
1400,3.08284,3.08284
1401,3.08284,3.08284
1402,3.08284,3.08284
1403,3.08284,3.08284
1404,3.08284,3.08284
1405,3.08284,3.08284
1406,3.08284,3.08284
1407,3.08284,3.08284
1408,3.08284,3.08284
1409,3.03672,3.03672
1410,3.03672,3.03672
1411,3.03672,3.03672
1412,3.03672,3.03672
1413,3.03672,3.03672
1414,3.03672,3.03672
1415,3.03672,3.03672
1416,3.03672,3.03672
1417,3.03672,3.03672
1418,3.03672,3.03672
1419,3.00904,3.00904
1420,3.00904,3.00904
1421,3.00904,3.00904
1422,3.00904,3.00904
1423,3.00904,3.00904
1424,3.00904,3.00904
1425,3.00904,3.00904
1426,3.00904,3.00904
1427,3.00904,3.00904
1428,3.03672,3.03672
1429,3.03672,3.03672
1430,3.03672,3.03672
1431,3.03672,3.03672
1432,3.03672,3.03672
1433,3.03672,3.03672
1434,3.03672,3.03672
1435,3.03672,3.03672
1436,3.03672,3.03672
1437,3.03672,3.03672
1438,3.03672,3.03672
1439,3.03672,3.03672
1440,3.03672,3.03672
1441,3.03672,3.03672
1442,3.03672,3.03672
1443,3.03672,3.03672
1444,3.03672,3.03672
1445,3.03672,3.03672
1446,3.03672,3.03672
1447,3.03672,3.03672
1448,3.00904,3.00904
1449,3.00904,3.00904
1450,3.00904,3.00904
1451,3.00904,3.00904
1452,3.00904,3.00904
1453,3.00904,3.00904
1454,3.00904,3.00904
1455,3.00904,3.00904
1456,3.00904,3.00904
1457,3.05093,3.05093
1458,3.05093,3.05093
1459,3.05093,3.05093
1460,3.05093,3.05093
1461,3.05093,3.05093
1462,3.05093,3.05093
1463,3.05093,3.05093
1464,3.05093,3.05093
1465,3.05093,3.05093
1466,3.05093,3.05093
1467,3.05093,3.05093
1468,3.03672,3.03672
1469,3.03672,3.03672
1470,3.03672,3.03672
1471,3.03672,3.03672
1472,3.03672,3.03672
1473,3.03672,3.03672
1474,3.03672,3.03672
1475,3.03672,3.03672
1476,3.03672,3.03672
1477,3.03672,3.03672
1478,3.00904,3.00904
1479,3.00904,3.00904
1480,3.00904,3.00904
1481,3.00904,3.00904
1482,3.00904,3.00904
1483,3.00904,3.00904
1484,3.00904,3.00904
1485,3.00904,3.00904
1486,1.73595,1.73595
1487,1.73595,1.73595
1488,1.73595,1.73595
1489,1.73595,1.73595
1490,1.73595,1.73595
1491,1.73595,1.73595
1492,2.1588,2.1588
1493,2.55359,2.55359
1494,2.81984,2.81984
1495,2.81984,2.81984
1496,3.46334,-2.81984
1497,4.33188,-1.9513
1498,4.33188,-1.9513
1499,4.33188,-1.9513
1500,4.46741,-1.81577
1501,4.46741,-1.81577
1502,4.46741,-1.81577
1503,4.46741,-1.81577
1504,3.33899,-2.9442
1505,3.33899,-2.9442
1506,3.33899,-2.9442
1507,3.02844,3.02844
1508,3.02844,3.02844
1509,3.02844,3.02844
1510,3.02844,3.02844
1511,3.02844,3.02844
1512,3.02844,3.02844
1513,3.02844,3.02844
1514,3.02844,3.02844
1515,3.02844,3.02844
1516,3.02844,3.02844
1517,3.02844,3.02844
1518,3.02844,3.02844
1519,3.02844,3.02844
1520,3.02844,3.02844
1521,3.02844,3.02844
1522,3.02844,3.02844
1523,3.02844,3.02844
1524,3.02844,3.02844
1525,3.02844,3.02844
1526,3.02844,3.02844
1527,3.02844,3.02844
1528,3.02844,3.02844
1529,3.02844,3.02844
1530,3.02844,3.02844
1531,3.02844,3.02844
1532,3.02844,3.02844
1533,3.02844,3.02844
1534,3.0339,3.0339
1535,3.0339,3.0339
1536,3.0339,3.0339
1537,3.0339,3.0339
1538,3.0339,3.0339
1539,3.0339,3.0339
1540,3.0339,3.0339
1541,3.0339,3.0339
1542,3.0339,3.0339
1543,3.0339,3.0339
1544,3.0339,3.0339
1545,3.0339,3.0339
1546,3.0339,3.0339
1547,3.0339,3.0339
1548,3.0339,3.0339
1549,3.04664,3.04664
1550,3.04664,3.04664
1551,3.04664,3.04664
1552,3.04664,3.04664
1553,3.04664,3.04664
1554,3.04664,3.04664
1555,3.04664,3.04664
1556,3.04664,3.04664
1557,3.04664,3.04664
1558,3.04664,3.04664
1559,3.04664,3.04664
1560,3.04664,3.04664
1561,3.04664,3.04664
1562,3.04664,3.04664
1563,3.04664,3.04664
1564,3.04664,3.04664
1565,3.04664,3.04664
1566,3.04664,3.04664
1567,3.04664,3.04664
1568,3.04664,3.04664
1569,3.04664,3.04664
1570,3.04664,3.04664
1571,2.86329,2.86329
1572,2.86329,2.86329
1573,2.86329,2.86329
1574,2.86329,2.86329
1575,1.89255,1.89255
1576,1.89255,1.89255
1577,1.89255,1.89255
1578,1.89255,1.89255
1579,4.12439,-2.1588
1580,4.12439,-2.1588
1581,4.12439,-2.1588
1582,4.12439,-2.1588
1583,3.60524,-2.67795
1584,3.03672,3.03672
1585,3.03672,3.03672
1586,3.03672,3.03672
1587,3.03672,3.03672
1588,3.03672,3.03672
1589,3.03672,3.03672
1590,3.03672,3.03672
1591,3.03672,3.03672
1592,3.03672,3.03672
1593,3.03672,3.03672
1594,3.03672,3.03672
1595,3.03672,3.03672
1596,3.05845,3.05845
1597,3.05845,3.05845
1598,3.05845,3.05845
1599,3.05845,3.05845
1600,3.05845,3.05845
1601,3.05845,3.05845
1602,3.05845,3.05845
1603,3.05845,3.05845
1604,3.05845,3.05845
1605,3.05845,3.05845
1606,3.05845,3.05845
1607,3.05845,3.05845
1608,3.04664,3.04664
1609,3.04664,3.04664
1610,3.04664,3.04664
1611,3.04664,3.04664
1612,3.04664,3.04664
1613,3.04664,3.04664
1614,3.03851,3.03851
1615,3.03851,3.03851
1616,3.03851,3.03851
1617,3.03851,3.03851
1618,3.03851,3.03851
1619,3.03851,3.03851
1620,3.03851,3.03851
1621,3.03851,3.03851
1622,3.03851,3.03851
1623,3.03851,3.03851
1624,3.02672,3.02672
1625,3.02672,3.02672
1626,3.02672,3.02672
1627,3.02672,3.02672
1628,3.02672,3.02672
1629,3.02672,3.02672
1630,3.02672,3.02672
1631,3.02672,3.02672
1632,3.02672,3.02672
1633,3.02672,3.02672
1634,3.02672,3.02672
1635,3.02672,3.02672
1636,3.02672,3.02672
1637,3.02672,3.02672
1638,3.02672,3.02672
1639,3.03672,3.03672
1640,3.03672,3.03672
1641,3.03672,3.03672
1642,3.03672,3.03672
1643,3.03672,3.03672
1644,3.03672,3.03672
1645,3.03672,3.03672
1646,3.03672,3.03672
1647,3.03672,3.03672
1648,3.03672,3.03672
1649,3.03672,3.03672
1650,3.03672,3.03672
1651,3.03672,3.03672
1652,3.03672,3.03672
1653,3.03672,3.03672
1654,3.03672,3.03672
1655,3.03672,3.03672
1656,3.03672,3.03672
1657,3.03672,3.03672
1658,3.03672,3.03672
1659,3.03672,3.03672
1660,3.05845,3.05845
1661,3.05845,3.05845
1662,3.05845,3.05845
1663,3.05845,3.05845
1664,3.05845,3.05845
1665,3.05845,3.05845
1666,3.05845,3.05845
1667,3.05845,3.05845
1668,3.05845,3.05845
1669,3.05845,3.05845
1670,3.05845,3.05845
1671,3.05845,3.05845
1672,3.05845,3.05845
1673,3.05845,3.05845
1674,3.05845,3.05845
1675,3.2129,-3.07029
1676,3.2129,-3.07029
1677,3.2129,-3.07029
1678,3.2129,-3.07029
1679,3.2129,-3.07029
1680,3.2129,-3.07029
1681,3.2129,-3.07029
1682,3.2129,-3.07029
1683,3.2129,-3.07029
1684,3.2129,-3.07029
1685,3.2129,-3.07029
1686,3.2129,-3.07029
1687,3.2129,-3.07029
1688,3.2129,-3.07029
1689,3.2129,-3.07029
1690,3.2129,-3.07029
1691,3.2129,-3.07029
1692,3.36839,-2.91479
1693,3.36839,-2.91479
1694,3.36839,-2.91479
1695,3.36839,-2.91479
1696,3.36839,-2.91479
1697,3.36839,-2.91479
1698,3.36839,-2.91479
1699,3.36839,-2.91479
1700,3.36839,-2.91479
1701,3.36839,-2.91479
1702,3.36839,-2.91479
1703,3.36839,-2.91479
1704,3.36839,-2.91479
1705,3.36839,-2.91479
1706,3.36839,-2.91479
1707,3.36839,-2.91479
1708,3.36839,-2.91479
1709,3.36839,-2.91479
1710,3.36839,-2.91479
1711,3.40784,-2.87534
1712,3.40784,-2.87534
1713,3.40784,-2.87534
1714,3.40784,-2.87534
1715,3.50877,-2.77442
1716,3.50877,-2.77442
1717,3.50877,-2.77442
1718,3.50877,-2.77442
1719,3.50877,-2.77442
1720,3.50877,-2.77442
1721,3.53638,-2.7468
1722,3.53638,-2.7468
1723,3.53638,-2.7468
1724,3.55982,-2.72337
1725,3.55982,-2.72337
1726,3.55982,-2.72337
1727,3.55982,-2.72337
1728,3.55982,-2.72337
1729,3.64869,-2.63449
1730,3.64869,-2.63449
1731,3.64869,-2.63449
1732,3.64869,-2.63449
1733,3.70019,-2.58299
1734,3.70019,-2.58299
1735,3.70019,-2.58299
1736,3.76184,-2.52134
1737,3.76184,-2.52134
1738,3.76184,-2.52134
1739,3.76184,-2.52134
1740,3.76184,-2.52134
1741,3.76184,-2.52134
1742,3.76184,-2.52134
1743,5.90268,-0.380506
1744,5.90268,-0.380506
1745,5.90268,-0.380506
1746,6.17253,-0.110657
1747,6.17253,-0.110657
1748,6.17253,-0.110657
1749,6.17253,-0.110657
1750,6.17253,-0.110657
1751,6.17253,-0.110657
1752,6.17253,-0.110657
1753,6.17253,-0.110657
1754,6.17253,-0.110657
1755,4.95737,-1.32582
1756,4.95737,-1.32582
1757,4.46741,-1.81577
1758,4.46741,-1.81577
1759,3.24126,-3.04192
1760,3.24126,-3.04192
1761,3.24126,-3.04192
1762,3.24126,-3.04192
1763,3.24126,-3.04192
1764,3.24126,-3.04192
1765,3.24126,-3.04192
1766,3.24126,-3.04192
1767,3.24126,-3.04192
1768,3.24126,-3.04192
1769,3.24126,-3.04192
1770,3.24126,-3.04192
1771,2.67795,2.67795
1772,2.67795,2.67795
1773,3.46334,-2.81984
1774,3.46334,-2.81984
1775,3.46334,-2.81984
1776,3.46334,-2.81984
1777,3.46334,-2.81984
1778,3.83633,-2.44685
1779,3.83633,-2.44685
1780,3.83633,-2.44685
1781,3.83633,-2.44685
1782,4.01765,-2.26553
1783,4.01765,-2.26553
1784,4.01765,-2.26553
1785,4.01765,-2.26553
1786,4.17197,-2.11122
1787,4.17197,-2.11122
1788,4.33188,-1.9513
1789,4.57049,-1.71269
1790,4.57049,-1.71269
1791,4.57049,-1.71269
1792,4.57049,-1.71269
1793,4.57049,-1.71269
1794,4.57049,-1.71269
1795,4.57049,-1.71269
