#Grabcut execution time: 0s 408ms 408415us 
0.0000              117.6678            
1.0000              71.8581             
2.0000              67.8719             
3.0000              68.5287             
4.0000              69.1940             
5.0000              69.8995             
6.0000              69.4880             
7.0000              69.7901             
8.0000              69.9057             
9.0000              69.5278             
10.0000             69.8851             
11.0000             70.3687             
12.0000             70.3564             
13.0000             70.4481             
14.0000             69.5437             
15.0000             69.6806             
16.0000             68.6541             
17.0000             69.6881             
18.0000             70.2463             
19.0000             69.3674             
20.0000             70.5702             
21.0000             70.0930             
22.0000             70.5627             
23.0000             70.1918             
24.0000             70.4963             
25.0000             69.6414             
26.0000             70.6875             
27.0000             70.0426             
28.0000             69.8335             
29.0000             69.8879             
30.0000             69.7475             
31.0000             69.7475             
#Execution time: 128s 128097ms 128097020us 
