#Grabcut execution time: 0s 354ms 354339us 
0.0000              208.3173            
1.0000              209.9481            
2.0000              210.2247            
3.0000              210.7549            
4.0000              211.0700            
5.0000              211.3462            
6.0000              211.6033            
7.0000              211.9901            
8.0000              212.2674            
9.0000              212.5141            
10.0000             212.6731            
11.0000             212.8027            
12.0000             212.8989            
13.0000             213.0498            
14.0000             213.1206            
15.0000             213.1575            
16.0000             213.2005            
17.0000             213.2150            
18.0000             213.2142            
19.0000             213.2142            
20.0000             213.2142            
21.0000             213.2142            
22.0000             213.2142            
23.0000             213.2142            
24.0000             213.2142            
25.0000             213.2142            
26.0000             213.2142            
27.0000             213.2142            
28.0000             213.2142            
29.0000             213.2142            
30.0000             213.2142            
31.0000             213.2142            
#Execution time: 39s 39023ms 39023060us 
