n,tangent,t2
0,4.86899,-1.41419
1,4.86899,-1.41419
2,4.86899,-1.41419
3,4.86899,-1.41419
4,4.86899,-1.41419
5,4.86899,-1.41419
6,4.86899,-1.41419
7,4.86899,-1.41419
8,4.86899,-1.41419
9,4.86899,-1.41419
10,4.86899,-1.41419
11,4.86899,-1.41419
12,4.86899,-1.41419
13,4.86899,-1.41419
14,4.86899,-1.41419
15,4.86899,-1.41419
16,4.86899,-1.41419
17,4.86899,-1.41419
18,4.86899,-1.41419
19,4.86899,-1.41419
20,4.86899,-1.41419
21,4.86899,-1.41419
22,4.86899,-1.41419
23,4.86899,-1.41419
24,4.86899,-1.41419
25,4.86899,-1.41419
26,4.86899,-1.41419
27,4.86899,-1.41419
28,4.99069,-1.2925
29,4.99069,-1.2925
30,4.99069,-1.2925
31,4.99069,-1.2925
32,4.99069,-1.2925
33,4.89224,-1.39094
34,4.89224,-1.39094
35,4.89224,-1.39094
36,4.89224,-1.39094
37,4.89224,-1.39094
38,4.89224,-1.39094
39,4.83674,-1.44644
40,4.83674,-1.44644
41,4.83674,-1.44644
42,4.83674,-1.44644
43,4.83674,-1.44644
44,4.83674,-1.44644
45,4.83674,-1.44644
46,4.83674,-1.44644
47,4.93106,-1.35213
48,4.93106,-1.35213
49,4.93106,-1.35213
50,4.93106,-1.35213
51,4.93106,-1.35213
52,4.93106,-1.35213
53,4.81206,-1.47113
54,4.81206,-1.47113
55,4.81206,-1.47113
56,4.81206,-1.47113
57,4.81206,-1.47113
58,4.81206,-1.47113
59,4.81206,-1.47113
60,4.81206,-1.47113
61,4.81206,-1.47113
62,4.81206,-1.47113
63,5.0929,-1.19029
64,5.0929,-1.19029
65,5.0929,-1.19029
66,5.0929,-1.19029
67,4.87754,-1.40565
68,4.87754,-1.40565
69,4.87754,-1.40565
70,4.87754,-1.40565
71,4.87754,-1.40565
72,4.87754,-1.40565
73,4.87754,-1.40565
74,4.87754,-1.40565
75,4.87754,-1.40565
76,4.87754,-1.40565
77,4.87754,-1.40565
78,4.87754,-1.40565
79,4.87754,-1.40565
80,4.99069,-1.2925
81,4.99069,-1.2925
82,5.07116,-1.21203
83,5.07116,-1.21203
84,5.07116,-1.21203
85,5.07116,-1.21203
86,5.07116,-1.21203
87,5.07116,-1.21203
88,4.82305,-1.46014
89,4.82305,-1.46014
90,4.82305,-1.46014
91,4.82305,-1.46014
92,4.82305,-1.46014
93,4.82305,-1.46014
94,4.82305,-1.46014
95,4.82305,-1.46014
96,4.82305,-1.46014
97,4.99069,-1.2925
98,4.99069,-1.2925
99,4.99069,-1.2925
100,4.99069,-1.2925
101,4.99069,-1.2925
102,4.79553,-1.48766
103,4.79553,-1.48766
104,4.79553,-1.48766
105,4.79553,-1.48766
106,4.79553,-1.48766
107,4.79553,-1.48766
108,4.79553,-1.48766
109,4.79553,-1.48766
110,4.79553,-1.48766
111,4.79553,-1.48766
112,4.79553,-1.48766
113,4.79553,-1.48766
114,4.79553,-1.48766
115,4.79553,-1.48766
116,3.92699,-2.35619
117,3.92699,-2.35619
118,4.95737,-1.32582
119,4.95737,-1.32582
120,4.95737,-1.32582
121,4.95737,-1.32582
122,4.95737,-1.32582
123,4.95737,-1.32582
124,4.95737,-1.32582
125,4.95737,-1.32582
126,4.39064,-1.89255
127,4.39064,-1.89255
128,4.39064,-1.89255
129,4.97864,-1.30454
130,4.97864,-1.30454
131,4.97864,-1.30454
132,4.97864,-1.30454
133,4.97864,-1.30454
134,4.97864,-1.30454
135,4.97864,-1.30454
136,4.97864,-1.30454
137,4.93106,-1.35213
138,4.93106,-1.35213
139,4.82305,-1.46014
140,4.82305,-1.46014
141,4.82305,-1.46014
142,4.82305,-1.46014
143,4.82305,-1.46014
144,4.82305,-1.46014
145,4.82305,-1.46014
146,4.82305,-1.46014
147,4.82305,-1.46014
148,4.82305,-1.46014
149,0.785398,0.785398
150,0.785398,0.785398
151,6.14129,-0.141897
152,6.14129,-0.141897
153,6.14129,-0.141897
154,6.14129,-0.141897
155,6.14129,-0.141897
156,6.14129,-0.141897
157,6.14129,-0.141897
158,6.14129,-0.141897
159,6.14129,-0.141897
160,6.14129,-0.141897
161,6.14129,-0.141897
162,6.14129,-0.141897
163,6.14129,-0.141897
164,6.14129,-0.141897
165,6.14129,-0.141897
166,6.14129,-0.141897
167,6.14129,-0.141897
168,6.14129,-0.141897
169,0.321751,0.321751
170,0.321751,0.321751
171,0.321751,0.321751
172,6.19253,-0.0906599
173,6.19253,-0.0906599
174,6.19253,-0.0906599
175,6.19253,-0.0906599
176,6.19253,-0.0906599
177,6.19253,-0.0906599
178,6.19253,-0.0906599
179,6.19253,-0.0906599
180,0.0906599,0.0906599
181,0.0906599,0.0906599
182,0.0906599,0.0906599
183,0.0906599,0.0906599
184,0.0906599,0.0906599
185,0.0906599,0.0906599
186,0.0906599,0.0906599
187,0.0906599,0.0906599
188,0.0906599,0.0906599
189,0.0906599,0.0906599
190,0.0906599,0.0906599
191,0.0906599,0.0906599
192,6.19253,-0.0906599
193,6.19253,-0.0906599
194,6.19253,-0.0906599
195,6.19253,-0.0906599
196,6.19253,-0.0906599
197,5.90268,-0.380506
198,5.90268,-0.380506
199,5.90268,-0.380506
200,5.17604,-1.10715
201,5.17604,-1.10715
202,6.14129,-0.141897
203,6.14129,-0.141897
204,6.14129,-0.141897
205,6.14129,-0.141897
206,0.124355,0.124355
207,0.124355,0.124355
208,0.124355,0.124355
209,0.124355,0.124355
210,0.124355,0.124355
211,0.124355,0.124355
212,0.124355,0.124355
213,0.124355,0.124355
214,6.18352,-0.0996687
215,6.18352,-0.0996687
216,6.18352,-0.0996687
217,6.18352,-0.0996687
218,6.18352,-0.0996687
219,6.18352,-0.0996687
220,6.18352,-0.0996687
221,6.18352,-0.0996687
222,6.18352,-0.0996687
223,6.18352,-0.0996687
224,0.0996687,0.0996687
225,0.0996687,0.0996687
226,0.0996687,0.0996687
227,0.0996687,0.0996687
228,0.0996687,0.0996687
229,0.0996687,0.0996687
230,0.0996687,0.0996687
231,0.0996687,0.0996687
232,0.0996687,0.0996687
233,6.08579,-0.197396
234,6.08579,-0.197396
235,5.63968,-0.643501
236,5.63968,-0.643501
237,5.63968,-0.643501
238,5.63968,-0.643501
239,5.63968,-0.643501
240,6.21188,-0.0713075
241,6.21188,-0.0713075
242,6.21188,-0.0713075
243,6.21188,-0.0713075
244,6.21188,-0.0713075
245,6.21188,-0.0713075
246,6.21188,-0.0713075
247,0.0713075,0.0713075
248,0.0713075,0.0713075
249,0.0713075,0.0713075
250,0.0713075,0.0713075
251,0.0713075,0.0713075
252,0.0713075,0.0713075
253,0.0713075,0.0713075
254,0.0713075,0.0713075
255,0.0713075,0.0713075
256,6.08579,-0.197396
257,6.08579,-0.197396
258,6.08579,-0.197396
259,6.08579,-0.197396
260,0.197396,0.197396
261,0.197396,0.197396
262,0.380506,0.380506
263,0.380506,0.380506
264,0.380506,0.380506
265,0.380506,0.380506
266,0.244979,0.244979
267,0.244979,0.244979
268,6.03821,-0.244979
269,6.03821,-0.244979
270,5.17604,-1.10715
271,4.24874,-2.03444
272,3.60524,-2.67795
273,3.60524,-2.67795
274,3.60524,-2.67795
275,6.08579,-0.197396
276,6.08579,-0.197396
277,6.08579,-0.197396
278,0.197396,0.197396
279,0.197396,0.197396
280,1.10715,1.10715
281,1.10715,1.10715
282,0.321751,0.321751
283,0.321751,0.321751
284,5.90268,-0.380506
285,5.90268,-0.380506
286,5.90268,-0.380506
287,5.74277,-0.54042
288,5.74277,-0.54042
289,5.74277,-0.54042
290,5.74277,-0.54042
291,5.74277,-0.54042
292,5.74277,-0.54042
293,5.90268,-0.380506
294,5.90268,-0.380506
295,5.90268,-0.380506
296,0.321751,0.321751
297,0.588003,0.588003
298,0.588003,0.588003
299,0.588003,0.588003
300,0.588003,0.588003
301,5.81954,-0.463648
302,5.81954,-0.463648
303,5.81954,-0.463648
304,1.24905,1.24905
305,1.24905,1.24905
306,1.24905,1.24905
307,1.24905,1.24905
308,1.24905,1.24905
309,2.03444,2.03444
310,2.03444,2.03444
311,2.03444,2.03444
312,2.03444,2.03444
313,2.03444,2.03444
314,1.22203,1.22203
315,1.22203,1.22203
316,1.22203,1.22203
317,1.22203,1.22203
318,1.22203,1.22203
319,1.22203,1.22203
320,1.22203,1.22203
321,1.22203,1.22203
322,1.22203,1.22203
323,1.22203,1.22203
324,1.22203,1.22203
325,1.22203,1.22203
326,1.22203,1.22203
327,1.22203,1.22203
328,1.22203,1.22203
329,1.22203,1.22203
330,1.15257,1.15257
331,1.15257,1.15257
332,1.15257,1.15257
333,1.15257,1.15257
334,1.15257,1.15257
335,1.15257,1.15257
336,1.15257,1.15257
337,1.15257,1.15257
338,1.15257,1.15257
339,1.15257,1.15257
340,1.21203,1.21203
341,1.21203,1.21203
342,1.2925,1.2925
343,1.2925,1.2925
344,1.2925,1.2925
345,1.2925,1.2925
346,1.2925,1.2925
347,1.2925,1.2925
348,1.1659,1.1659
349,1.1659,1.1659
350,1.1659,1.1659
351,1.1659,1.1659
352,1.1659,1.1659
353,1.1659,1.1659
354,1.1659,1.1659
355,1.22777,1.22777
356,1.22777,1.22777
357,1.22777,1.22777
358,1.22777,1.22777
359,1.22777,1.22777
360,1.22777,1.22777
361,1.22777,1.22777
362,1.22777,1.22777
363,1.22777,1.22777
364,1.22777,1.22777
365,1.22777,1.22777
366,1.22777,1.22777
367,1.22777,1.22777
368,1.22777,1.22777
369,1.22777,1.22777
370,1.20362,1.20362
371,1.20362,1.20362
372,1.20362,1.20362
373,1.20362,1.20362
374,1.20362,1.20362
375,1.20362,1.20362
376,1.20362,1.20362
377,1.20362,1.20362
378,1.20362,1.20362
379,1.03038,1.03038
380,1.03038,1.03038
381,1.03038,1.03038
382,1.03038,1.03038
383,1.3734,1.3734
384,1.3734,1.3734
385,1.3734,1.3734
386,1.3734,1.3734
387,1.3734,1.3734
388,0.463648,0.463648
389,0.463648,0.463648
390,1.2925,1.2925
391,1.2925,1.2925
392,1.2925,1.2925
393,1.2925,1.2925
394,1.2925,1.2925
395,1.2925,1.2925
396,1.2925,1.2925
397,1.2925,1.2925
398,1.2925,1.2925
399,1.2925,1.2925
400,1.2925,1.2925
401,1.6421,1.6421
402,1.6421,1.6421
403,1.6421,1.6421
404,1.6421,1.6421
405,1.6421,1.6421
406,1.6421,1.6421
407,1.6421,1.6421
408,1.6421,1.6421
409,1.6421,1.6421
410,1.6421,1.6421
411,1.6421,1.6421
412,1.6421,1.6421
413,1.6421,1.6421
414,1.6421,1.6421
415,1.6421,1.6421
416,1.6421,1.6421
417,1.65063,1.65063
418,1.65063,1.65063
419,1.65063,1.65063
420,1.65063,1.65063
421,1.65063,1.65063
422,1.65063,1.65063
423,1.65063,1.65063
424,1.65063,1.65063
425,1.65063,1.65063
426,1.65063,1.65063
427,1.65063,1.65063
428,1.65063,1.65063
429,1.65063,1.65063
430,1.65063,1.65063
431,1.6421,1.6421
432,1.6421,1.6421
433,1.6421,1.6421
434,1.6421,1.6421
435,1.6421,1.6421
436,1.6421,1.6421
437,1.6421,1.6421
438,1.6421,1.6421
439,1.6421,1.6421
440,1.6421,1.6421
441,1.6421,1.6421
442,1.6421,1.6421
443,1.6421,1.6421
444,1.6421,1.6421
445,1.6421,1.6421
446,1.6421,1.6421
447,1.6421,1.6421
448,1.6421,1.6421
449,1.3734,1.3734
450,1.3734,1.3734
451,0.321751,0.321751
452,0.321751,0.321751
453,0.321751,0.321751
454,0.321751,0.321751
455,2.81984,2.81984
456,2.81984,2.81984
457,2.81984,2.81984
458,1.68791,1.68791
459,1.68791,1.68791
460,1.68791,1.68791
461,1.68791,1.68791
462,1.68791,1.68791
463,1.68791,1.68791
464,1.68791,1.68791
465,1.68791,1.68791
466,1.68791,1.68791
467,1.68791,1.68791
468,1.68791,1.68791
469,1.68791,1.68791
470,1.68791,1.68791
471,1.68791,1.68791
472,1.46014,1.46014
473,1.46014,1.46014
474,1.46014,1.46014
475,1.46014,1.46014
476,0.124355,0.124355
477,0.124355,0.124355
478,0.124355,0.124355
479,0.124355,0.124355
480,6.15883,-0.124355
481,6.15883,-0.124355
482,6.15883,-0.124355
483,6.15883,-0.124355
484,6.10333,-0.179853
485,6.10333,-0.179853
486,6.10333,-0.179853
487,6.10333,-0.179853
488,6.10333,-0.179853
489,6.10333,-0.179853
490,6.10333,-0.179853
491,6.10333,-0.179853
492,0.0416426,0.0416426
493,0.0416426,0.0416426
494,0.0416426,0.0416426
495,0.0416426,0.0416426
496,0.0416426,0.0416426
497,0.0416426,0.0416426
498,0.0416426,0.0416426
499,0.0416426,0.0416426
500,0.0416426,0.0416426
501,0.0416426,0.0416426
502,0.0416426,0.0416426
503,0.0416426,0.0416426
504,0.0416426,0.0416426
505,6.24684,-0.0363476
506,6.24684,-0.0363476
507,6.24684,-0.0363476
508,6.24684,-0.0363476
509,6.24684,-0.0363476
510,6.24684,-0.0363476
511,6.24684,-0.0363476
512,6.24684,-0.0363476
513,6.24684,-0.0363476
514,6.24684,-0.0363476
515,6.24684,-0.0363476
516,6.24684,-0.0363476
517,6.24684,-0.0363476
518,6.24684,-0.0363476
519,6.24684,-0.0363476
520,6.24684,-0.0363476
521,6.24684,-0.0363476
522,6.24684,-0.0363476
523,6.24684,-0.0363476
524,6.24684,-0.0363476
525,6.24684,-0.0363476
526,6.24684,-0.0363476
527,6.24684,-0.0363476
528,6.24684,-0.0363476
529,6.24684,-0.0363476
530,6.24684,-0.0363476
531,6.24684,-0.0363476
532,6.24684,-0.0363476
533,6.24684,-0.0363476
534,6.24684,-0.0363476
535,6.24684,-0.0363476
536,6.24684,-0.0363476
537,6.24684,-0.0363476
538,6.24684,-0.0363476
539,6.24684,-0.0363476
540,6.24684,-0.0363476
541,6.24684,-0.0363476
542,6.24684,-0.0363476
543,6.24684,-0.0363476
544,6.24684,-0.0363476
545,6.24684,-0.0363476
546,6.25616,-0.0270204
547,6.25616,-0.0270204
548,6.25616,-0.0270204
549,6.25616,-0.0270204
550,6.25616,-0.0270204
551,6.25616,-0.0270204
552,6.25616,-0.0270204
553,6.25616,-0.0270204
554,6.25616,-0.0270204
555,6.25616,-0.0270204
556,6.25616,-0.0270204
557,6.25616,-0.0270204
558,6.25616,-0.0270204
559,6.25616,-0.0270204
560,6.25616,-0.0270204
561,6.25616,-0.0270204
562,6.25616,-0.0270204
563,6.25616,-0.0270204
564,6.25616,-0.0270204
565,6.25616,-0.0270204
566,6.25616,-0.0270204
567,6.25616,-0.0270204
568,6.25616,-0.0270204
569,6.25616,-0.0270204
570,6.25616,-0.0270204
571,6.25616,-0.0270204
572,6.25616,-0.0270204
573,6.25616,-0.0270204
574,6.25616,-0.0270204
575,6.25616,-0.0270204
576,6.25616,-0.0270204
577,6.25616,-0.0270204
578,6.25616,-0.0270204
579,6.25616,-0.0270204
580,6.25616,-0.0270204
581,6.25616,-0.0270204
582,6.25616,-0.0270204
583,6.13054,-0.152649
584,6.13054,-0.152649
585,6.13054,-0.152649
586,6.13054,-0.152649
587,6.13054,-0.152649
588,6.13054,-0.152649
589,6.13054,-0.152649
590,6.13054,-0.152649
591,6.25421,-0.0289774
592,6.25421,-0.0289774
593,6.25421,-0.0289774
594,6.25421,-0.0289774
595,6.25421,-0.0289774
596,6.25421,-0.0289774
597,6.25421,-0.0289774
598,6.25421,-0.0289774
599,6.25421,-0.0289774
600,6.25421,-0.0289774
601,6.25421,-0.0289774
602,6.25421,-0.0289774
603,6.25421,-0.0289774
604,6.25421,-0.0289774
605,6.25421,-0.0289774
606,6.25421,-0.0289774
607,6.25421,-0.0289774
608,6.25421,-0.0289774
609,6.25421,-0.0289774
610,6.25421,-0.0289774
611,6.25421,-0.0289774
612,6.25421,-0.0289774
613,6.25421,-0.0289774
614,6.25421,-0.0289774
615,6.25421,-0.0289774
616,6.25421,-0.0289774
617,6.25421,-0.0289774
618,6.25421,-0.0289774
619,6.25421,-0.0289774
620,6.25421,-0.0289774
621,6.25421,-0.0289774
622,6.25421,-0.0289774
623,6.25421,-0.0289774
624,6.25421,-0.0289774
625,6.25421,-0.0289774
626,6.25755,-0.0256354
627,6.25755,-0.0256354
628,6.25755,-0.0256354
629,6.25755,-0.0256354
630,6.25755,-0.0256354
631,6.25755,-0.0256354
632,6.25755,-0.0256354
633,6.25755,-0.0256354
634,6.25755,-0.0256354
635,6.25755,-0.0256354
636,6.25755,-0.0256354
637,6.25755,-0.0256354
638,6.25755,-0.0256354
639,6.25755,-0.0256354
640,6.25755,-0.0256354
641,6.25755,-0.0256354
642,6.25755,-0.0256354
643,6.25755,-0.0256354
644,6.25755,-0.0256354
645,6.25755,-0.0256354
646,6.25755,-0.0256354
647,6.25755,-0.0256354
648,6.25755,-0.0256354
649,6.25755,-0.0256354
650,6.25755,-0.0256354
651,6.25755,-0.0256354
652,6.25755,-0.0256354
653,6.25755,-0.0256354
654,6.25755,-0.0256354
655,6.25755,-0.0256354
656,6.25755,-0.0256354
657,6.25755,-0.0256354
658,6.25755,-0.0256354
659,6.25755,-0.0256354
660,6.25755,-0.0256354
661,6.25755,-0.0256354
662,6.25755,-0.0256354
663,6.25755,-0.0256354
664,6.25755,-0.0256354
665,6.18823,-0.0949517
666,6.18823,-0.0949517
667,6.18823,-0.0949517
668,6.18823,-0.0949517
669,6.18823,-0.0949517
670,6.18823,-0.0949517
671,6.18823,-0.0949517
672,6.18823,-0.0949517
673,6.18823,-0.0949517
674,6.18823,-0.0949517
675,6.18823,-0.0949517
676,6.18823,-0.0949517
677,6.25094,-0.0322469
678,6.25094,-0.0322469
679,6.25094,-0.0322469
680,6.25094,-0.0322469
681,6.25094,-0.0322469
682,6.25094,-0.0322469
683,6.25094,-0.0322469
684,6.25094,-0.0322469
685,6.25094,-0.0322469
686,6.25094,-0.0322469
687,6.25094,-0.0322469
688,6.25094,-0.0322469
689,6.25094,-0.0322469
690,6.25094,-0.0322469
691,6.25094,-0.0322469
692,6.25094,-0.0322469
693,6.25094,-0.0322469
694,6.25094,-0.0322469
695,6.25094,-0.0322469
696,6.25094,-0.0322469
697,6.25094,-0.0322469
698,6.25094,-0.0322469
699,6.25094,-0.0322469
700,6.25094,-0.0322469
701,6.25094,-0.0322469
702,6.25094,-0.0322469
703,6.25094,-0.0322469
704,6.25094,-0.0322469
705,6.25094,-0.0322469
706,6.25094,-0.0322469
707,6.25094,-0.0322469
708,6.24066,-0.0425275
709,6.24066,-0.0425275
710,6.24066,-0.0425275
711,6.24066,-0.0425275
712,6.24066,-0.0425275
713,6.24066,-0.0425275
714,6.24066,-0.0425275
715,6.24066,-0.0425275
716,6.24066,-0.0425275
717,6.24066,-0.0425275
718,6.24066,-0.0425275
719,6.24066,-0.0425275
720,6.24066,-0.0425275
721,6.24066,-0.0425275
722,6.24066,-0.0425275
723,6.24066,-0.0425275
724,6.24066,-0.0425275
725,6.24066,-0.0425275
726,6.24066,-0.0425275
727,6.24066,-0.0425275
728,6.24066,-0.0425275
729,6.24066,-0.0425275
730,6.24066,-0.0425275
731,6.24066,-0.0425275
732,5.90268,-0.380506
733,5.90268,-0.380506
734,5.90268,-0.380506
735,5.03414,-1.24905
736,5.03414,-1.24905
737,4.39064,-1.89255
738,4.12439,-2.1588
739,4.12439,-2.1588
740,4.12439,-2.1588
741,4.43409,-1.8491
742,4.43409,-1.8491
743,4.43409,-1.8491
744,4.43409,-1.8491
745,4.51499,-1.76819
746,4.51499,-1.76819
747,4.51499,-1.76819
748,4.51499,-1.76819
749,4.51499,-1.76819
750,4.3176,-1.96559
751,4.3176,-1.96559
752,4.3176,-1.96559
753,4.3176,-1.96559
754,4.3176,-1.96559
755,4.3176,-1.96559
756,4.3176,-1.96559
757,4.3176,-1.96559
758,4.3176,-1.96559
759,4.3176,-1.96559
760,4.3176,-1.96559
761,4.3176,-1.96559
762,4.3176,-1.96559
763,4.3176,-1.96559
764,4.46741,-1.81577
765,4.46741,-1.81577
766,4.46741,-1.81577
767,4.46741,-1.81577
768,4.36937,-1.91382
769,4.36937,-1.91382
770,4.36937,-1.91382
771,4.36937,-1.91382
772,4.36937,-1.91382
773,4.36937,-1.91382
774,4.36937,-1.91382
775,4.36937,-1.91382
776,4.36937,-1.91382
777,4.36937,-1.91382
778,4.41389,-1.8693
779,4.41389,-1.8693
780,4.41389,-1.8693
781,4.41389,-1.8693
782,4.41389,-1.8693
783,4.41389,-1.8693
784,4.52704,-1.75614
785,4.52704,-1.75614
786,4.52704,-1.75614
787,4.52704,-1.75614
788,4.52704,-1.75614
789,4.52704,-1.75614
790,4.52704,-1.75614
791,4.52704,-1.75614
792,4.52704,-1.75614
793,4.52704,-1.75614
794,4.52704,-1.75614
795,4.52704,-1.75614
796,4.60173,-1.68145
797,4.60173,-1.68145
798,4.60173,-1.68145
799,4.60173,-1.68145
800,4.60173,-1.68145
801,4.60173,-1.68145
802,4.60173,-1.68145
803,4.60173,-1.68145
804,4.60173,-1.68145
805,4.57984,-1.70335
806,4.57984,-1.70335
807,4.57984,-1.70335
808,4.57984,-1.70335
809,4.57984,-1.70335
810,4.57984,-1.70335
811,4.57984,-1.70335
812,4.57984,-1.70335
813,4.06889,-2.2143
814,4.06889,-2.2143
815,4.06889,-2.2143
816,4.06889,-2.2143
817,4.06889,-2.2143
818,4.06889,-2.2143
819,5.17604,-1.10715
820,5.17604,-1.10715
821,0.785398,0.785398
822,0.785398,0.785398
823,4.76235,-1.52084
824,4.76235,-1.52084
825,4.76235,-1.52084
826,4.76235,-1.52084
827,4.76235,-1.52084
828,4.76235,-1.52084
829,4.76235,-1.52084
830,4.76235,-1.52084
831,4.76235,-1.52084
832,4.76235,-1.52084
833,4.76235,-1.52084
834,4.76235,-1.52084
835,4.76235,-1.52084
836,4.76235,-1.52084
837,4.76235,-1.52084
838,4.76235,-1.52084
839,4.76235,-1.52084
840,4.76235,-1.52084
841,4.76235,-1.52084
842,4.76235,-1.52084
843,4.76235,-1.52084
844,4.76235,-1.52084
845,4.76235,-1.52084
846,4.76235,-1.52084
847,4.76235,-1.52084
848,4.76235,-1.52084
849,4.76235,-1.52084
850,4.76235,-1.52084
851,4.76235,-1.52084
852,4.76235,-1.52084
853,4.76235,-1.52084
854,4.76235,-1.52084
855,4.76235,-1.52084
856,4.76235,-1.52084
857,4.76235,-1.52084
858,4.76235,-1.52084
859,4.76235,-1.52084
860,4.76235,-1.52084
861,4.76235,-1.52084
862,4.76235,-1.52084
863,4.76235,-1.52084
864,4.76235,-1.52084
865,4.76235,-1.52084
866,4.76235,-1.52084
867,4.76235,-1.52084
868,4.76235,-1.52084
869,4.57049,-1.71269
870,4.57049,-1.71269
871,4.57049,-1.71269
872,4.57049,-1.71269
873,4.57049,-1.71269
874,4.83674,-1.44644
875,4.83674,-1.44644
876,4.83674,-1.44644
877,4.83674,-1.44644
878,4.83674,-1.44644
879,4.83674,-1.44644
880,4.83674,-1.44644
881,4.83674,-1.44644
882,4.83674,-1.44644
883,4.83674,-1.44644
884,4.83674,-1.44644
885,4.83674,-1.44644
886,4.83674,-1.44644
887,4.39064,-1.89255
888,4.12439,-2.1588
889,4.12439,-2.1588
890,4.12439,-2.1588
891,4.46741,-1.81577
892,4.46741,-1.81577
893,4.95737,-1.32582
894,4.95737,-1.32582
895,4.95737,-1.32582
896,1.24905,1.24905
897,1.24905,1.24905
898,1.24905,1.24905
899,1.24905,1.24905
900,5.03414,-1.24905
901,5.03414,-1.24905
902,5.03414,-1.24905
903,5.81954,-0.463648
904,5.81954,-0.463648
905,5.03414,-1.24905
906,5.03414,-1.24905
907,5.03414,-1.24905
908,5.30039,-0.982794
909,5.30039,-0.982794
910,5.30039,-0.982794
911,1.10715,1.10715
912,1.10715,1.10715
913,0.463648,0.463648
914,6.08579,-0.197396
915,6.08579,-0.197396
916,6.08579,-0.197396
917,6.08579,-0.197396
918,6.08579,-0.197396
919,6.08579,-0.197396
920,6.08579,-0.197396
921,5.69518,-0.588003
922,5.69518,-0.588003
923,5.69518,-0.588003
924,6.18352,-0.0996687
925,6.18352,-0.0996687
926,6.18352,-0.0996687
927,6.18352,-0.0996687
928,6.18352,-0.0996687
929,6.18352,-0.0996687
930,6.18352,-0.0996687
931,6.18352,-0.0996687
932,6.18352,-0.0996687
933,6.18352,-0.0996687
934,6.18352,-0.0996687
935,6.18352,-0.0996687
936,6.18352,-0.0996687
937,0.110657,0.110657
938,0.110657,0.110657
939,0.110657,0.110657
940,0.110657,0.110657
941,0.110657,0.110657
942,0.110657,0.110657
943,0.110657,0.110657
944,6.16608,-0.117109
945,6.16608,-0.117109
946,6.16608,-0.117109
947,6.16608,-0.117109
948,6.16608,-0.117109
949,6.16608,-0.117109
950,6.16608,-0.117109
951,6.16608,-0.117109
952,6.16608,-0.117109
953,6.16608,-0.117109
954,6.16608,-0.117109
955,6.16608,-0.117109
956,6.16608,-0.117109
957,6.16608,-0.117109
958,6.16608,-0.117109
959,0.321751,0.321751
960,0.321751,0.321751
961,0.321751,0.321751
962,0.321751,0.321751
963,6.24684,-0.0363476
964,6.24684,-0.0363476
965,6.24684,-0.0363476
966,6.24684,-0.0363476
967,6.24684,-0.0363476
968,6.24684,-0.0363476
969,6.24684,-0.0363476
970,6.24684,-0.0363476
971,6.24684,-0.0363476
972,6.24684,-0.0363476
973,6.24684,-0.0363476
974,6.24684,-0.0363476
975,6.24684,-0.0363476
976,6.24684,-0.0363476
977,6.24684,-0.0363476
978,6.24684,-0.0363476
979,6.24684,-0.0363476
980,6.24684,-0.0363476
981,6.24684,-0.0363476
982,6.24684,-0.0363476
983,6.24684,-0.0363476
984,6.24684,-0.0363476
985,6.24684,-0.0363476
986,6.24684,-0.0363476
987,6.24684,-0.0363476
988,6.24684,-0.0363476
989,6.24684,-0.0363476
990,6.24684,-0.0363476
991,6.24684,-0.0363476
992,6.24684,-0.0363476
993,6.25541,-0.0277706
994,6.25541,-0.0277706
995,6.25541,-0.0277706
996,6.25541,-0.0277706
997,6.25541,-0.0277706
998,6.25541,-0.0277706
999,6.25541,-0.0277706
1000,6.25541,-0.0277706
1001,6.25541,-0.0277706
1002,6.25541,-0.0277706
1003,6.25541,-0.0277706
1004,6.25541,-0.0277706
1005,6.25541,-0.0277706
1006,6.25541,-0.0277706
1007,6.25541,-0.0277706
1008,6.25541,-0.0277706
1009,6.25541,-0.0277706
1010,6.25541,-0.0277706
1011,6.25541,-0.0277706
1012,6.25541,-0.0277706
1013,6.25541,-0.0277706
1014,6.25541,-0.0277706
1015,6.25541,-0.0277706
1016,6.25541,-0.0277706
1017,6.25541,-0.0277706
1018,6.25541,-0.0277706
1019,6.25541,-0.0277706
1020,6.25541,-0.0277706
1021,6.25541,-0.0277706
1022,6.25541,-0.0277706
1023,6.25541,-0.0277706
1024,6.25541,-0.0277706
1025,6.25541,-0.0277706
1026,6.25541,-0.0277706
1027,6.25541,-0.0277706
1028,6.25541,-0.0277706
1029,6.25541,-0.0277706
1030,3.60524,-2.67795
1031,3.60524,-2.67795
1032,3.60524,-2.67795
1033,6.19253,-0.0906599
1034,6.19253,-0.0906599
1035,6.19253,-0.0906599
1036,6.19253,-0.0906599
1037,6.19253,-0.0906599
1038,6.19253,-0.0906599
1039,0.0906599,0.0906599
1040,0.0906599,0.0906599
1041,0.0906599,0.0906599
1042,0.0906599,0.0906599
1043,0.0906599,0.0906599
1044,0.2783,0.2783
1045,0.2783,0.2783
1046,0.358771,0.358771
1047,0.358771,0.358771
1048,0.404892,0.404892
1049,0.404892,0.404892
1050,0.404892,0.404892
1051,0.404892,0.404892
1052,0.404892,0.404892
1053,0.404892,0.404892
1054,1.2723,1.2723
1055,1.2723,1.2723
1056,1.2723,1.2723
1057,1.2723,1.2723
1058,1.2723,1.2723
1059,1.2723,1.2723
1060,1.2723,1.2723
1061,1.2723,1.2723
1062,1.2723,1.2723
1063,1.2723,1.2723
1064,1.2723,1.2723
1065,1.2723,1.2723
1066,1.46014,1.46014
1067,1.46014,1.46014
1068,1.46014,1.46014
1069,1.46014,1.46014
1070,1.46014,1.46014
1071,1.46014,1.46014
1072,1.46014,1.46014
1073,1.46014,1.46014
1074,1.46014,1.46014
1075,1.2925,1.2925
1076,1.2925,1.2925
1077,1.2925,1.2925
1078,1.2925,1.2925
1079,1.2925,1.2925
1080,1.44644,1.44644
1081,1.44644,1.44644
1082,1.44644,1.44644
1083,1.44644,1.44644
1084,1.44644,1.44644
1085,1.44644,1.44644
1086,1.44644,1.44644
1087,1.44644,1.44644
1088,1.39094,1.39094
1089,1.39094,1.39094
1090,1.39094,1.39094
1091,1.39094,1.39094
1092,1.39094,1.39094
1093,1.39094,1.39094
1094,1.39094,1.39094
1095,1.4289,1.4289
1096,1.4289,1.4289
1097,1.4289,1.4289
1098,1.4289,1.4289
1099,1.4289,1.4289
1100,1.4289,1.4289
1101,1.4289,1.4289
1102,1.35213,1.35213
1103,1.35213,1.35213
1104,1.35213,1.35213
1105,1.35213,1.35213
1106,1.35213,1.35213
1107,1.35213,1.35213
1108,1.40565,1.40565
1109,1.40565,1.40565
1110,1.40565,1.40565
1111,1.40565,1.40565
1112,1.40565,1.40565
1113,1.40565,1.40565
1114,1.35213,1.35213
1115,1.35213,1.35213
1116,1.35213,1.35213
1117,1.35213,1.35213
1118,1.35213,1.35213
1119,1.35213,1.35213
1120,1.48766,1.48766
1121,1.48766,1.48766
1122,1.48766,1.48766
1123,1.48766,1.48766
1124,1.48766,1.48766
1125,1.48766,1.48766
1126,1.48766,1.48766
1127,1.48766,1.48766
1128,1.48766,1.48766
1129,1.48766,1.48766
1130,1.48766,1.48766
1131,1.48766,1.48766
1132,0.982794,0.982794
1133,0.982794,0.982794
1134,0.982794,0.982794
1135,1.48014,1.48014
1136,1.48014,1.48014
1137,1.48014,1.48014
1138,1.48014,1.48014
1139,1.48014,1.48014
1140,1.48014,1.48014
1141,1.48014,1.48014
1142,1.48014,1.48014
1143,1.48014,1.48014
1144,1.48014,1.48014
1145,1.48014,1.48014
1146,1.2925,1.2925
1147,1.2925,1.2925
1148,1.2925,1.2925
1149,1.2925,1.2925
1150,1.2925,1.2925
1151,1.44644,1.44644
1152,1.44644,1.44644
1153,1.44644,1.44644
1154,1.44644,1.44644
1155,1.44644,1.44644
1156,1.44644,1.44644
1157,1.44644,1.44644
1158,1.44644,1.44644
1159,1.2925,1.2925
1160,1.2925,1.2925
1161,1.2925,1.2925
1162,1.2925,1.2925
1163,1.2925,1.2925
1164,1.4289,1.4289
1165,1.4289,1.4289
1166,1.4289,1.4289
1167,1.4289,1.4289
1168,1.4289,1.4289
1169,1.4289,1.4289
1170,1.4289,1.4289
1171,1.39094,1.39094
1172,1.39094,1.39094
1173,1.39094,1.39094
1174,1.39094,1.39094
1175,1.39094,1.39094
1176,1.39094,1.39094
1177,1.2925,1.2925
1178,1.2925,1.2925
1179,1.2925,1.2925
1180,1.2925,1.2925
1181,0.463648,0.463648
1182,0.463648,0.463648
1183,1.39094,1.39094
1184,1.39094,1.39094
1185,1.39094,1.39094
1186,1.39094,1.39094
1187,1.39094,1.39094
1188,1.39094,1.39094
1189,1.39094,1.39094
1190,1.39094,1.39094
1191,1.39094,1.39094
1192,1.39094,1.39094
1193,1.39094,1.39094
1194,1.39094,1.39094
1195,1.39094,1.39094
1196,1.39094,1.39094
1197,1.39094,1.39094
1198,1.39094,1.39094
1199,1.39094,1.39094
1200,1.39094,1.39094
1201,1.39094,1.39094
1202,1.44644,1.44644
1203,1.44644,1.44644
1204,1.44644,1.44644
1205,1.44644,1.44644
1206,1.44644,1.44644
1207,1.44644,1.44644
1208,1.44644,1.44644
1209,1.44644,1.44644
1210,0.982794,0.982794
1211,0.588003,0.588003
1212,0.0384426,0.0384426
1213,0.0384426,0.0384426
1214,0.0384426,0.0384426
1215,0.0384426,0.0384426
1216,0.0384426,0.0384426
1217,0.0384426,0.0384426
1218,0.0384426,0.0384426
1219,0.0384426,0.0384426
1220,0.0384426,0.0384426
1221,0.0384426,0.0384426
1222,0.0384426,0.0384426
1223,0.0384426,0.0384426
1224,0.0384426,0.0384426
1225,0.0384426,0.0384426
1226,0.0384426,0.0384426
1227,0.0384426,0.0384426
1228,0.0384426,0.0384426
1229,0.0384426,0.0384426
1230,0.0384426,0.0384426
1231,0.0384426,0.0384426
1232,0.0384426,0.0384426
1233,0.0384426,0.0384426
1234,0.0384426,0.0384426
1235,0.0384426,0.0384426
1236,0.0384426,0.0384426
1237,0.0384426,0.0384426
1238,1.2925,1.2925
1239,1.2925,1.2925
1240,1.2925,1.2925
1241,1.2925,1.2925
1242,1.344,1.344
1243,1.344,1.344
1244,1.344,1.344
1245,1.344,1.344
1246,1.344,1.344
1247,1.344,1.344
1248,1.344,1.344
1249,1.344,1.344
1250,1.344,1.344
1251,1.344,1.344
1252,1.344,1.344
1253,1.344,1.344
1254,1.344,1.344
1255,1.344,1.344
1256,1.344,1.344
1257,1.344,1.344
1258,1.41815,1.41815
1259,1.41815,1.41815
1260,1.41815,1.41815
1261,1.41815,1.41815
1262,1.41815,1.41815
1263,1.41815,1.41815
1264,1.41815,1.41815
1265,1.49402,1.49402
1266,1.49402,1.49402
1267,1.49402,1.49402
1268,1.49402,1.49402
1269,1.49402,1.49402
1270,1.49402,1.49402
1271,1.49402,1.49402
1272,1.64757,1.64757
1273,1.64757,1.64757
1274,1.64757,1.64757
1275,1.64757,1.64757
1276,1.64757,1.64757
1277,1.64757,1.64757
1278,1.8491,1.8491
1279,1.8491,1.8491
1280,1.8491,1.8491
1281,1.8491,1.8491
1282,2.1588,2.1588
1283,2.1588,2.1588
1284,2.1588,2.1588
1285,1.8491,1.8491
1286,1.8491,1.8491
1287,1.8491,1.8491
1288,1.8491,1.8491
1289,1.8491,1.8491
1290,1.8491,1.8491
1291,1.8491,1.8491
1292,1.8491,1.8491
1293,2.2143,2.2143
1294,2.2143,2.2143
1295,2.2143,2.2143
1296,2.2143,2.2143
1297,2.2143,2.2143
1298,1.89255,1.89255
1299,1.89255,1.89255
1300,1.89255,1.89255
1301,2.89661,2.89661
1302,2.89661,2.89661
1303,2.89661,2.89661
1304,2.89661,2.89661
1305,2.89661,2.89661
1306,1.4289,1.4289
1307,1.4289,1.4289
1308,1.4289,1.4289
1309,1.4289,1.4289
1310,1.4289,1.4289
1311,1.71269,1.71269
1312,1.71269,1.71269
1313,1.71269,1.71269
1314,1.9614,1.9614
1315,1.9614,1.9614
1316,1.9614,1.9614
1317,1.9614,1.9614
1318,1.9614,1.9614
1319,1.9614,1.9614
1320,1.9614,1.9614
1321,1.9614,1.9614
1322,1.9614,1.9614
1323,1.9614,1.9614
1324,1.9614,1.9614
1325,1.9614,1.9614
1326,1.9614,1.9614
1327,1.9614,1.9614
1328,1.98902,1.98902
1329,1.98902,1.98902
1330,1.98902,1.98902
1331,1.98902,1.98902
1332,1.98902,1.98902
1333,1.98902,1.98902
1334,1.98902,1.98902
1335,1.98902,1.98902
1336,1.98902,1.98902
1337,1.98902,1.98902
1338,1.92957,1.92957
1339,1.92957,1.92957
1340,1.92957,1.92957
1341,1.92957,1.92957
1342,1.92957,1.92957
1343,1.92957,1.92957
1344,1.92957,1.92957
1345,2.11122,2.11122
1346,2.11122,2.11122
1347,2.11122,2.11122
1348,2.11122,2.11122
1349,2.11122,2.11122
1350,1.99742,1.99742
1351,1.99742,1.99742
1352,1.99742,1.99742
1353,1.99742,1.99742
1354,1.99742,1.99742
1355,1.99742,1.99742
1356,1.99742,1.99742
1357,1.99742,1.99742
1358,1.99742,1.99742
1359,1.99742,1.99742
1360,2.07014,2.07014
1361,2.07014,2.07014
1362,2.07014,2.07014
1363,2.07014,2.07014
1364,2.07014,2.07014
1365,2.07014,2.07014
1366,2.2143,2.2143
1367,2.2143,2.2143
1368,2.49809,2.49809
1369,2.49809,2.49809
1370,3.07717,3.07717
1371,3.07717,3.07717
1372,3.07717,3.07717
1373,3.07717,3.07717
1374,3.07717,3.07717
1375,3.07717,3.07717
1376,3.07717,3.07717
1377,3.07717,3.07717
1378,3.07717,3.07717
1379,3.07717,3.07717
1380,3.07717,3.07717
1381,3.07717,3.07717
1382,3.07717,3.07717
1383,3.07717,3.07717
1384,3.07717,3.07717
1385,3.07717,3.07717
1386,3.1113,3.1113
1387,3.1113,3.1113
1388,3.1113,3.1113
1389,3.1113,3.1113
1390,3.1113,3.1113
1391,3.1113,3.1113
1392,3.1113,3.1113
1393,3.1113,3.1113
1394,3.1113,3.1113
1395,3.1113,3.1113
1396,3.1113,3.1113
1397,3.1113,3.1113
1398,3.1113,3.1113
1399,3.1113,3.1113
1400,3.1113,3.1113
1401,3.1113,3.1113
1402,3.1113,3.1113
1403,3.1113,3.1113
1404,3.1113,3.1113
1405,3.1113,3.1113
1406,3.1113,3.1113
1407,3.1113,3.1113
1408,3.1113,3.1113
1409,3.1113,3.1113
1410,3.1113,3.1113
1411,3.1113,3.1113
1412,3.1113,3.1113
1413,3.1113,3.1113
1414,3.1113,3.1113
1415,3.1113,3.1113
1416,3.1113,3.1113
1417,3.1113,3.1113
1418,3.1113,3.1113
1419,3.06765,3.06765
1420,3.06765,3.06765
1421,3.06765,3.06765
1422,3.06765,3.06765
1423,3.06765,3.06765
1424,3.06765,3.06765
1425,3.06765,3.06765
1426,3.06765,3.06765
1427,3.06765,3.06765
1428,3.06765,3.06765
1429,3.06765,3.06765
1430,3.06765,3.06765
1431,3.06765,3.06765
1432,3.06765,3.06765
1433,3.06765,3.06765
1434,3.06765,3.06765
1435,3.5221,-2.76109
1436,3.5221,-2.76109
1437,3.5221,-2.76109
1438,3.5221,-2.76109
1439,3.38657,-2.89661
1440,3.38657,-2.89661
1441,3.38657,-2.89661
1442,3.38657,-2.89661
1443,3.76184,-2.52134
1444,3.76184,-2.52134
1445,3.76184,-2.52134
1446,3.76184,-2.52134
1447,3.76184,-2.52134
1448,3.76184,-2.52134
1449,3.76184,-2.52134
1450,3.76184,-2.52134
1451,3.76184,-2.52134
1452,3.76184,-2.52134
1453,3.76184,-2.52134
1454,2.67795,2.67795
1455,2.67795,2.67795
1456,2.67795,2.67795
1457,3.7296,-2.55359
1458,3.7296,-2.55359
1459,3.7296,-2.55359
1460,3.7296,-2.55359
1461,3.7296,-2.55359
1462,3.7296,-2.55359
1463,4.20529,-2.07789
1464,4.20529,-2.07789
1465,4.20529,-2.07789
1466,4.20529,-2.07789
1467,4.20529,-2.07789
1468,4.20529,-2.07789
1469,4.20529,-2.07789
1470,4.20529,-2.07789
1471,4.20529,-2.07789
1472,4.20529,-2.07789
1473,4.20529,-2.07789
1474,4.03765,-2.24554
1475,4.03765,-2.24554
1476,4.03765,-2.24554
1477,4.03765,-2.24554
1478,4.03765,-2.24554
1479,4.03765,-2.24554
1480,4.03765,-2.24554
1481,2.67795,2.67795
1482,2.67795,2.67795
1483,3.60524,-2.67795
1484,3.60524,-2.67795
1485,3.60524,-2.67795
1486,2.67795,2.67795
1487,2.67795,2.67795
1488,2.67795,2.67795
1489,3.7296,-2.55359
1490,3.7296,-2.55359
1491,3.7296,-2.55359
1492,3.7296,-2.55359
1493,3.7296,-2.55359
1494,2.49809,2.49809
1495,2.49809,2.49809
1496,2.49809,2.49809
1497,2.49809,2.49809
1498,2.49809,2.49809
1499,2.49809,2.49809
1500,2.49809,2.49809
1501,3.7296,-2.55359
1502,3.7296,-2.55359
1503,3.7296,-2.55359
1504,3.7296,-2.55359
1505,3.46334,-2.81984
1506,3.46334,-2.81984
1507,2.81984,2.81984
1508,2.1588,2.1588
1509,2.1588,2.1588
1510,2.1588,2.1588
1511,2.55359,2.55359
1512,2.81984,2.81984
1513,2.81984,2.81984
1514,3.46334,-2.81984
1515,3.7296,-2.55359
1516,3.7296,-2.55359
1517,3.7296,-2.55359
1518,3.38657,-2.89661
1519,3.38657,-2.89661
1520,3.38657,-2.89661
1521,3.38657,-2.89661
1522,3.38657,-2.89661
1523,5.03414,-1.24905
1524,5.03414,-1.24905
1525,5.03414,-1.24905
1526,5.03414,-1.24905
1527,5.30039,-0.982794
1528,5.74277,-0.54042
1529,5.74277,-0.54042
1530,5.74277,-0.54042
1531,5.90268,-0.380506
1532,6.08579,-0.197396
1533,6.08579,-0.197396
1534,6.08579,-0.197396
1535,6.08579,-0.197396
1536,6.08579,-0.197396
1537,6.00489,-0.2783
1538,6.00489,-0.2783
1539,6.00489,-0.2783
1540,6.00489,-0.2783
1541,5.69518,-0.588003
1542,5.30039,-0.982794
1543,5.30039,-0.982794
1544,4.24874,-2.03444
1545,3.25225,-3.03094
1546,3.25225,-3.03094
1547,3.25225,-3.03094
1548,3.25225,-3.03094
1549,3.25225,-3.03094
1550,3.03094,3.03094
1551,3.03094,3.03094
1552,3.03094,3.03094
1553,3.03094,3.03094
1554,3.00606,3.00606
1555,3.00606,3.00606
1556,3.00606,3.00606
1557,3.00606,3.00606
1558,3.00606,3.00606
1559,3.00606,3.00606
1560,3.00606,3.00606
1561,3.00606,3.00606
1562,3.00606,3.00606
1563,3.00606,3.00606
1564,3.00606,3.00606
1565,3.00606,3.00606
1566,3.00606,3.00606
1567,3.00606,3.00606
1568,3.00606,3.00606
1569,3.00606,3.00606
1570,2.86329,2.86329
1571,2.86329,2.86329
1572,2.86329,2.86329
1573,2.86329,2.86329
1574,2.46685,2.46685
1575,2.46685,2.46685
1576,2.46685,2.46685
1577,2.24554,2.24554
1578,2.24554,2.24554
1579,2.24554,2.24554
1580,1.76819,1.76819
1581,1.76819,1.76819
1582,1.76819,1.76819
1583,1.3734,1.3734
1584,1.3734,1.3734
1585,0.463648,0.463648
1586,5.90268,-0.380506
1587,5.90268,-0.380506
1588,5.90268,-0.380506
1589,5.90268,-0.380506
1590,5.90268,-0.380506
1591,5.90268,-0.380506
1592,5.90268,-0.380506
1593,5.90268,-0.380506
1594,5.90268,-0.380506
1595,5.90268,-0.380506
1596,0.785398,0.785398
1597,0.785398,0.785398
1598,0.785398,0.785398
1599,0.785398,0.785398
1600,0.785398,0.785398
1601,0.785398,0.785398
1602,0.785398,0.785398
1603,2.81984,2.81984
1604,2.81984,2.81984
1605,2.81984,2.81984
1606,2.55359,2.55359
1607,2.1588,2.1588
1608,1.89255,1.89255
1609,1.89255,1.89255
1610,1.89255,1.89255
1611,2.67795,2.67795
1612,3.60524,-2.67795
1613,3.60524,-2.67795
1614,3.60524,-2.67795
1615,2.67795,2.67795
1616,2.03444,2.03444
1617,2.03444,2.03444
1618,2.67795,2.67795
1619,2.67795,2.67795
1620,1.73595,1.73595
1621,1.73595,1.73595
1622,1.73595,1.73595
1623,1.73595,1.73595
1624,1.73595,1.73595
1625,1.73595,1.73595
1626,2.1588,2.1588
1627,2.1588,2.1588
1628,2.1588,2.1588
1629,1.76819,1.76819
1630,1.76819,1.76819
1631,1.76819,1.76819
1632,1.76819,1.76819
1633,1.76819,1.76819
1634,3.06765,3.06765
1635,3.06765,3.06765
1636,3.06765,3.06765
1637,3.06765,3.06765
1638,3.06765,3.06765
1639,3.06765,3.06765
1640,3.06765,3.06765
1641,3.06765,3.06765
1642,3.06765,3.06765
1643,3.06765,3.06765
1644,3.06765,3.06765
1645,3.06765,3.06765
1646,3.06765,3.06765
1647,3.06765,3.06765
1648,3.11303,3.11303
1649,3.11303,3.11303
1650,3.11303,3.11303
1651,3.11303,3.11303
1652,3.11303,3.11303
1653,3.11303,3.11303
1654,3.11303,3.11303
1655,3.11303,3.11303
1656,3.11303,3.11303
1657,3.11303,3.11303
1658,3.11303,3.11303
1659,3.11303,3.11303
1660,3.11303,3.11303
1661,3.11303,3.11303
1662,3.11303,3.11303
1663,3.11303,3.11303
1664,3.11303,3.11303
1665,3.11303,3.11303
1666,3.17016,-3.11303
1667,3.17016,-3.11303
1668,3.17016,-3.11303
1669,3.17016,-3.11303
1670,3.17016,-3.11303
1671,3.17016,-3.11303
1672,3.17016,-3.11303
1673,3.17016,-3.11303
1674,3.17016,-3.11303
1675,3.17016,-3.11303
1676,3.17016,-3.11303
1677,3.17016,-3.11303
1678,3.17016,-3.11303
1679,3.17016,-3.11303
1680,3.17016,-3.11303
1681,3.17016,-3.11303
1682,3.17016,-3.11303
1683,4.63562,-1.64757
1684,4.63562,-1.64757
1685,4.63562,-1.64757
1686,4.63562,-1.64757
1687,4.63562,-1.64757
1688,4.63562,-1.64757
1689,4.63562,-1.64757
1690,4.63562,-1.64757
1691,4.63562,-1.64757
1692,4.63562,-1.64757
1693,4.63562,-1.64757
1694,4.63562,-1.64757
1695,4.63562,-1.64757
1696,3.7296,-2.55359
1697,3.7296,-2.55359
1698,3.7296,-2.55359
1699,3.7296,-2.55359
1700,3.7296,-2.55359
1701,5.17604,-1.10715
1702,5.17604,-1.10715
1703,4.24874,-2.03444
1704,4.24874,-2.03444
1705,4.24874,-2.03444
1706,4.24874,-2.03444
1707,4.24874,-2.03444
1708,2.67795,2.67795
1709,2.67795,2.67795
1710,3.7296,-2.55359
1711,3.7296,-2.55359
1712,4.12439,-2.1588
1713,4.12439,-2.1588
1714,4.12439,-2.1588
1715,4.12439,-2.1588
1716,3.7296,-2.55359
1717,3.7296,-2.55359
1718,3.7296,-2.55359
1719,4.24874,-2.03444
1720,5.17604,-1.10715
1721,5.17604,-1.10715
1722,5.17604,-1.10715
1723,5.17604,-1.10715
1724,6.03821,-0.244979
1725,6.03821,-0.244979
1726,0.244979,0.244979
1727,0.244979,0.244979
1728,0.244979,0.244979
1729,0.244979,0.244979
1730,5.81954,-0.463648
1731,4.90978,-1.3734
1732,4.90978,-1.3734
1733,4.90978,-1.3734
1734,4.51499,-1.76819
1735,4.51499,-1.76819
1736,4.06889,-2.2143
1737,4.06889,-2.2143
1738,3.78509,-2.49809
1739,3.78509,-2.49809
1740,3.2129,-3.07029
1741,3.2129,-3.07029
1742,3.2129,-3.07029
1743,3.2129,-3.07029
1744,3.2129,-3.07029
1745,3.2129,-3.07029
1746,3.2129,-3.07029
1747,3.2129,-3.07029
1748,3.2129,-3.07029
1749,3.2129,-3.07029
1750,3.2129,-3.07029
1751,3.2129,-3.07029
1752,3.2129,-3.07029
1753,3.2129,-3.07029
1754,3.2129,-3.07029
1755,3.2129,-3.07029
1756,3.2129,-3.07029
1757,3.2129,-3.07029
1758,3.2129,-3.07029
1759,3.2129,-3.07029
1760,3.2129,-3.07029
1761,3.2129,-3.07029
1762,3.07029,3.07029
1763,3.07029,3.07029
1764,3.07029,3.07029
1765,3.07029,3.07029
1766,3.07029,3.07029
1767,3.07029,3.07029
1768,3.07029,3.07029
1769,2.96174,2.96174
1770,2.96174,2.96174
1771,2.96174,2.96174
1772,2.96174,2.96174
1773,2.96174,2.96174
1774,2.96174,2.96174
1775,2.86329,2.86329
1776,2.86329,2.86329
1777,2.86329,2.86329
1778,2.86329,2.86329
1779,2.49809,2.49809
1780,2.49809,2.49809
1781,2.49809,2.49809
1782,2.49809,2.49809
1783,2.49809,2.49809
1784,0.244979,0.244979
1785,0.244979,0.244979
1786,6.03821,-0.244979
1787,6.03821,-0.244979
1788,6.03821,-0.244979
1789,6.03821,-0.244979
1790,6.03821,-0.244979
1791,6.03821,-0.244979
1792,6.03821,-0.244979
1793,6.03821,-0.244979
1794,6.03821,-0.244979
1795,0.197396,0.197396
1796,0.197396,0.197396
1797,0.197396,0.197396
1798,0.197396,0.197396
1799,0.197396,0.197396
1800,6.08579,-0.197396
1801,6.08579,-0.197396
1802,6.08579,-0.197396
1803,6.08579,-0.197396
1804,6.08579,-0.197396
1805,0.197396,0.197396
1806,0.197396,0.197396
1807,0.197396,0.197396
1808,0.197396,0.197396
1809,0.197396,0.197396
1810,0.197396,0.197396
1811,0.197396,0.197396
1812,0.380506,0.380506
1813,0.380506,0.380506
1814,0.54042,0.54042
1815,0.643501,0.643501
1816,0.643501,0.643501
1817,0.927295,0.927295
1818,0.927295,0.927295
1819,1.24905,1.24905
1820,1.24905,1.24905
1821,1.89255,1.89255
1822,2.81984,2.81984
1823,2.81984,2.81984
1824,2.81984,2.81984
1825,2.1588,2.1588
1826,2.1588,2.1588
1827,2.1588,2.1588
1828,2.55359,2.55359
1829,2.55359,2.55359
1830,3.7296,-2.55359
1831,3.7296,-2.55359
1832,4.12439,-2.1588
1833,4.12439,-2.1588
1834,4.12439,-2.1588
1835,3.60524,-2.67795
1836,3.60524,-2.67795
1837,3.60524,-2.67795
1838,3.60524,-2.67795
1839,2.67795,2.67795
1840,2.03444,2.03444
1841,2.03444,2.03444
1842,2.9442,2.9442
1843,2.9442,2.9442
1844,2.9442,2.9442
1845,3.33899,-2.9442
1846,3.33899,-2.9442
1847,3.7296,-2.55359
1848,3.7296,-2.55359
1849,3.7296,-2.55359
1850,3.7296,-2.55359
1851,2.55359,2.55359
1852,2.55359,2.55359
1853,2.55359,2.55359
1854,2.55359,2.55359
1855,2.55359,2.55359
1856,3.7296,-2.55359
1857,3.7296,-2.55359
1858,3.7296,-2.55359
1859,3.7296,-2.55359
1860,3.7296,-2.55359
1861,2.67795,2.67795
1862,2.67795,2.67795
1863,2.67795,2.67795
1864,3.60524,-2.67795
1865,3.60524,-2.67795
1866,3.60524,-2.67795
1867,2.42276,2.42276
1868,2.42276,2.42276
1869,2.42276,2.42276
1870,2.42276,2.42276
1871,2.42276,2.42276
1872,2.42276,2.42276
1873,2.42276,2.42276
1874,2.28963,2.28963
1875,2.28963,2.28963
1876,2.28963,2.28963
1877,2.28963,2.28963
1878,2.28963,2.28963
1879,2.28963,2.28963
1880,1.89255,1.89255
1881,1.89255,1.89255
1882,1.89255,1.89255
1883,1.89255,1.89255
1884,1.89255,1.89255
1885,1.89255,1.89255
1886,1.89255,1.89255
1887,2.1588,2.1588
1888,2.60117,2.60117
1889,2.60117,2.60117
1890,2.60117,2.60117
1891,2.76109,2.76109
1892,2.76109,2.76109
1893,2.76109,2.76109
1894,3.46334,-2.81984
1895,3.46334,-2.81984
1896,5.49779,-0.785398
1897,5.49779,-0.785398
1898,4.24874,-2.03444
1899,4.24874,-2.03444
1900,4.24874,-2.03444
1901,3.60524,-2.67795
1902,2.55359,2.55359
1903,2.55359,2.55359
1904,2.55359,2.55359
1905,2.55359,2.55359
1906,2.97644,2.97644
1907,2.97644,2.97644
1908,2.97644,2.97644
1909,2.97644,2.97644
1910,2.97644,2.97644
1911,2.97644,2.97644
1912,2.55359,2.55359
1913,2.1588,2.1588
1914,2.1588,2.1588
1915,2.1588,2.1588
1916,2.1588,2.1588
1917,2.55359,2.55359
1918,2.81984,2.81984
1919,2.81984,2.81984
1920,2.81984,2.81984
1921,2.49809,2.49809
1922,2.49809,2.49809
1923,2.2143,2.2143
1924,2.2143,2.2143
1925,2.11122,2.11122
1926,2.11122,2.11122
1927,1.9513,1.9513
1928,1.76819,1.76819
1929,1.76819,1.76819
1930,1.76819,1.76819
1931,1.76819,1.76819
1932,1.76819,1.76819
1933,2.2143,2.2143
1934,2.2143,2.2143
1935,2.49809,2.49809
1936,2.49809,2.49809
1937,3.02448,3.02448
1938,3.02448,3.02448
1939,3.02448,3.02448
1940,3.02448,3.02448
1941,3.02448,3.02448
1942,3.02448,3.02448
1943,3.02448,3.02448
1944,3.02448,3.02448
1945,3.02448,3.02448
1946,3.11596,3.11596
1947,3.11596,3.11596
1948,3.11596,3.11596
1949,3.11596,3.11596
1950,3.11596,3.11596
1951,3.11596,3.11596
1952,3.11596,3.11596
1953,3.11596,3.11596
1954,3.11596,3.11596
1955,3.11596,3.11596
1956,3.11596,3.11596
1957,3.11596,3.11596
1958,3.11596,3.11596
1959,3.11596,3.11596
1960,3.11596,3.11596
1961,3.11596,3.11596
1962,3.11596,3.11596
1963,3.11596,3.11596
1964,3.11596,3.11596
1965,3.11596,3.11596
1966,3.11596,3.11596
1967,3.11596,3.11596
1968,3.11596,3.11596
1969,3.11596,3.11596
1970,3.11596,3.11596
1971,3.11596,3.11596
1972,3.11596,3.11596
1973,3.11596,3.11596
1974,3.11596,3.11596
1975,3.11596,3.11596
1976,3.11596,3.11596
1977,3.11596,3.11596
1978,3.11596,3.11596
1979,3.11596,3.11596
1980,3.11596,3.11596
1981,3.11596,3.11596
1982,3.11596,3.11596
1983,3.11596,3.11596
1984,3.11596,3.11596
1985,3.11083,3.11083
1986,3.11083,3.11083
1987,3.11083,3.11083
1988,3.11083,3.11083
1989,3.11083,3.11083
1990,3.11083,3.11083
1991,3.11083,3.11083
1992,3.11083,3.11083
1993,3.11083,3.11083
1994,3.11083,3.11083
1995,3.11083,3.11083
1996,3.11083,3.11083
1997,3.11083,3.11083
1998,3.11083,3.11083
1999,3.11083,3.11083
2000,3.11083,3.11083
2001,3.11083,3.11083
2002,3.11083,3.11083
2003,3.11083,3.11083
2004,3.11083,3.11083
2005,3.11083,3.11083
2006,3.11083,3.11083
2007,3.11083,3.11083
2008,3.11083,3.11083
2009,3.11083,3.11083
2010,3.11083,3.11083
2011,3.11083,3.11083
2012,3.11083,3.11083
2013,3.11083,3.11083
2014,3.11083,3.11083
2015,3.11083,3.11083
2016,3.11083,3.11083
2017,3.11083,3.11083
2018,3.11083,3.11083
2019,3.11219,3.11219
2020,3.11219,3.11219
2021,3.11219,3.11219
2022,3.11219,3.11219
2023,3.11219,3.11219
2024,3.11219,3.11219
2025,3.11219,3.11219
2026,3.11219,3.11219
2027,3.11219,3.11219
2028,3.11219,3.11219
2029,3.11219,3.11219
2030,3.11219,3.11219
2031,3.11219,3.11219
2032,3.11219,3.11219
2033,3.11219,3.11219
2034,3.11219,3.11219
2035,3.11219,3.11219
2036,3.11219,3.11219
2037,3.11219,3.11219
2038,3.11219,3.11219
2039,3.11219,3.11219
2040,3.11219,3.11219
2041,3.11219,3.11219
2042,3.11219,3.11219
2043,3.11219,3.11219
2044,3.11219,3.11219
2045,3.11219,3.11219
2046,3.11219,3.11219
2047,3.11219,3.11219
2048,3.11219,3.11219
2049,3.11219,3.11219
2050,3.11219,3.11219
2051,3.11219,3.11219
2052,3.11219,3.11219
2053,3.11219,3.11219
2054,3.11219,3.11219
2055,3.11219,3.11219
2056,3.11219,3.11219
2057,3.11219,3.11219
2058,3.11219,3.11219
2059,3.11219,3.11219
2060,3.11219,3.11219
2061,3.11219,3.11219
2062,3.11219,3.11219
2063,3.11219,3.11219
2064,3.11219,3.11219
2065,3.11219,3.11219
2066,3.18504,-3.09814
2067,3.18504,-3.09814
2068,3.18504,-3.09814
2069,3.18504,-3.09814
2070,3.18504,-3.09814
2071,3.18504,-3.09814
2072,3.18504,-3.09814
2073,3.18504,-3.09814
2074,3.18504,-3.09814
2075,3.18504,-3.09814
2076,3.18504,-3.09814
2077,3.81633,-2.46685
2078,3.81633,-2.46685
2079,3.81633,-2.46685
2080,4.03765,-2.24554
2081,4.03765,-2.24554
2082,4.03765,-2.24554
2083,4.39064,-1.89255
2084,4.39064,-1.89255
2085,4.39064,-1.89255
2086,3.98249,-2.3007
2087,3.98249,-2.3007
2088,3.98249,-2.3007
2089,3.98249,-2.3007
2090,3.98249,-2.3007
2091,3.98249,-2.3007
2092,3.98249,-2.3007
2093,3.98249,-2.3007
2094,3.98249,-2.3007
2095,3.98249,-2.3007
2096,3.98249,-2.3007
2097,3.98249,-2.3007
2098,3.98249,-2.3007
2099,3.98249,-2.3007
2100,3.98249,-2.3007
2101,3.98249,-2.3007
2102,3.98249,-2.3007
2103,3.97457,-2.30861
2104,3.97457,-2.30861
2105,3.97457,-2.30861
2106,3.97457,-2.30861
2107,3.97457,-2.30861
2108,3.97457,-2.30861
2109,3.97457,-2.30861
2110,3.97457,-2.30861
2111,3.97457,-2.30861
2112,3.97457,-2.30861
2113,3.97457,-2.30861
2114,3.97457,-2.30861
2115,3.97457,-2.30861
2116,3.97457,-2.30861
2117,3.97457,-2.30861
2118,3.97457,-2.30861
2119,3.97457,-2.30861
2120,3.97457,-2.30861
2121,3.97457,-2.30861
2122,4.10166,-2.18152
2123,4.10166,-2.18152
2124,4.10166,-2.18152
2125,4.10166,-2.18152
2126,4.10166,-2.18152
2127,4.14566,-2.13753
2128,4.14566,-2.13753
2129,4.14566,-2.13753
2130,4.14566,-2.13753
2131,4.14566,-2.13753
2132,4.20529,-2.07789
2133,4.20529,-2.07789
2134,4.20529,-2.07789
2135,4.20529,-2.07789
2136,4.20529,-2.07789
2137,4.20529,-2.07789
2138,4.20529,-2.07789
2139,4.20529,-2.07789
2140,4.20529,-2.07789
2141,4.20529,-2.07789
2142,4.20529,-2.07789
2143,4.20529,-2.07789
2144,4.20529,-2.07789
2145,4.20529,-2.07789
2146,4.20529,-2.07789
2147,4.20529,-2.07789
2148,4.20529,-2.07789
2149,4.3075,-1.97569
2150,4.3075,-1.97569
2151,4.3075,-1.97569
2152,4.3075,-1.97569
2153,4.3075,-1.97569
2154,4.3075,-1.97569
2155,4.05669,-2.22649
2156,4.05669,-2.22649
2157,4.05669,-2.22649
2158,4.05669,-2.22649
2159,4.05669,-2.22649
2160,4.05669,-2.22649
2161,4.05669,-2.22649
2162,4.05669,-2.22649
2163,4.05669,-2.22649
2164,4.05669,-2.22649
2165,4.05669,-2.22649
2166,4.05669,-2.22649
2167,4.05669,-2.22649
2168,4.05669,-2.22649
2169,4.05669,-2.22649
2170,4.05669,-2.22649
2171,4.05669,-2.22649
2172,4.05669,-2.22649
2173,4.05669,-2.22649
2174,4.05669,-2.22649
2175,4.05669,-2.22649
2176,4.21304,-2.07014
2177,4.21304,-2.07014
2178,4.21304,-2.07014
2179,4.21304,-2.07014
2180,4.21304,-2.07014
2181,4.21304,-2.07014
2182,4.21304,-2.07014
2183,4.21304,-2.07014
2184,4.21304,-2.07014
2185,4.21304,-2.07014
2186,4.21304,-2.07014
2187,4.21304,-2.07014
2188,4.21304,-2.07014
2189,4.21304,-2.07014
2190,4.21304,-2.07014
2191,4.21304,-2.07014
2192,4.21304,-2.07014
2193,4.39064,-1.89255
2194,4.39064,-1.89255
2195,4.39064,-1.89255
2196,4.21304,-2.07014
2197,4.21304,-2.07014
2198,4.21304,-2.07014
2199,4.21304,-2.07014
2200,4.21304,-2.07014
2201,4.21304,-2.07014
2202,4.21304,-2.07014
2203,4.21304,-2.07014
2204,4.21304,-2.07014
2205,4.21304,-2.07014
2206,4.21304,-2.07014
2207,4.21304,-2.07014
2208,4.21304,-2.07014
2209,4.21304,-2.07014
2210,4.21304,-2.07014
2211,4.21304,-2.07014
2212,4.21304,-2.07014
2213,4.18431,-2.09887
2214,4.18431,-2.09887
2215,4.18431,-2.09887
2216,4.18431,-2.09887
2217,4.18431,-2.09887
2218,4.18431,-2.09887
2219,4.18431,-2.09887
2220,4.18431,-2.09887
2221,4.05135,-2.23184
2222,4.05135,-2.23184
2223,4.05135,-2.23184
2224,4.05135,-2.23184
2225,4.05135,-2.23184
2226,4.05135,-2.23184
2227,4.05135,-2.23184
2228,4.05135,-2.23184
2229,4.05135,-2.23184
2230,4.05135,-2.23184
2231,3.81633,-2.46685
2232,3.81633,-2.46685
2233,3.81633,-2.46685
2234,3.81633,-2.46685
2235,3.02448,3.02448
2236,3.02448,3.02448
2237,3.02448,3.02448
2238,3.02448,3.02448
2239,3.02448,3.02448
2240,3.02448,3.02448
2241,3.02448,3.02448
2242,3.02448,3.02448
2243,3.02448,3.02448
2244,3.02448,3.02448
2245,3.02448,3.02448
2246,3.04192,3.04192
2247,3.04192,3.04192
2248,3.04192,3.04192
2249,3.04192,3.04192
2250,3.04192,3.04192
2251,3.04192,3.04192
2252,3.04192,3.04192
2253,3.04192,3.04192
2254,3.04192,3.04192
2255,3.04192,3.04192
2256,3.02448,3.02448
2257,3.02448,3.02448
2258,3.02448,3.02448
2259,3.02448,3.02448
2260,3.02448,3.02448
2261,3.02448,3.02448
2262,3.02448,3.02448
2263,3.02448,3.02448
2264,3.02448,3.02448
2265,3.02448,3.02448
2266,3.05485,3.05485
2267,3.05485,3.05485
2268,3.05485,3.05485
2269,3.05485,3.05485
2270,3.05485,3.05485
2271,3.05485,3.05485
2272,3.05485,3.05485
2273,3.05485,3.05485
2274,3.05485,3.05485
2275,3.05485,3.05485
2276,3.05485,3.05485
2277,3.05485,3.05485
2278,3.06176,3.06176
2279,3.06176,3.06176
2280,3.06176,3.06176
2281,3.06176,3.06176
2282,3.06176,3.06176
2283,3.06176,3.06176
2284,3.06176,3.06176
2285,3.06176,3.06176
2286,3.06176,3.06176
2287,3.06176,3.06176
2288,3.06176,3.06176
2289,3.06176,3.06176
2290,3.06176,3.06176
2291,3.06176,3.06176
2292,3.06176,3.06176
2293,3.06176,3.06176
2294,3.06176,3.06176
2295,3.06176,3.06176
2296,3.06176,3.06176
2297,3.06176,3.06176
2298,3.05609,3.05609
2299,3.05609,3.05609
2300,3.05609,3.05609
2301,3.05609,3.05609
2302,3.05609,3.05609
2303,3.05609,3.05609
2304,3.05609,3.05609
2305,3.05609,3.05609
2306,3.05609,3.05609
2307,3.05609,3.05609
2308,3.05609,3.05609
2309,3.05609,3.05609
2310,3.05609,3.05609
2311,3.05609,3.05609
2312,3.05609,3.05609
2313,3.05609,3.05609
2314,3.05609,3.05609
2315,3.05609,3.05609
2316,3.02448,3.02448
2317,3.02448,3.02448
2318,3.02448,3.02448
2319,3.02448,3.02448
2320,3.02448,3.02448
2321,3.02448,3.02448
2322,3.02448,3.02448
2323,3.02448,3.02448
2324,3.02448,3.02448
2325,2.92292,2.92292
2326,2.92292,2.92292
2327,2.92292,2.92292
2328,2.92292,2.92292
2329,2.92292,2.92292
2330,2.92292,2.92292
2331,2.92292,2.92292
2332,2.92292,2.92292
2333,3.46334,-2.81984
2334,4.33188,-1.9513
2335,4.33188,-1.9513
2336,4.33188,-1.9513
2337,4.33188,-1.9513
2338,4.33188,-1.9513
2339,4.33188,-1.9513
2340,4.33188,-1.9513
2341,4.60173,-1.68145
2342,4.60173,-1.68145
2343,4.60173,-1.68145
2344,4.60173,-1.68145
2345,4.60173,-1.68145
2346,4.60173,-1.68145
2347,4.60173,-1.68145
2348,4.60173,-1.68145
2349,4.60173,-1.68145
