#Grabcut execution time: 0s 347ms 347188us 
0.0000              411.1870            
1.0000              235.3897            
2.0000              230.0624            
3.0000              226.9739            
4.0000              225.6322            
5.0000              224.6884            
6.0000              224.5310            
7.0000              223.8129            
8.0000              223.0756            
9.0000              223.0800            
10.0000             222.7319            
11.0000             223.0803            
12.0000             223.2147            
13.0000             222.7449            
14.0000             222.5949            
15.0000             222.8029            
16.0000             222.1440            
17.0000             222.2830            
18.0000             222.3491            
19.0000             222.4678            
20.0000             222.3683            
21.0000             222.2955            
22.0000             222.3103            
23.0000             222.3685            
24.0000             222.3292            
25.0000             222.4153            
26.0000             222.4869            
27.0000             222.4453            
28.0000             222.3262            
29.0000             222.3476            
30.0000             222.4025            
31.0000             222.4025            
#Execution time: 22s 22731ms 22731346us 
