#Grabcut execution time: 0s 346ms 346773us 
0.0000              1030.6645           
1.0000              586.4165            
2.0000              571.6420            
3.0000              567.8455            
4.0000              564.7392            
5.0000              562.1723            
6.0000              563.5003            
7.0000              561.1013            
8.0000              560.1661            
9.0000              560.7860            
10.0000             560.2187            
11.0000             559.9021            
12.0000             559.0610            
13.0000             558.6090            
14.0000             558.3944            
15.0000             558.7873            
16.0000             559.0694            
17.0000             558.3843            
18.0000             557.7514            
19.0000             558.5830            
20.0000             558.1124            
21.0000             558.5246            
22.0000             558.2493            
23.0000             558.3892            
24.0000             558.4941            
25.0000             558.1310            
26.0000             558.1282            
27.0000             558.2187            
28.0000             558.2707            
29.0000             557.9582            
30.0000             558.0680            
31.0000             558.0680            
#Execution time: 39s 39133ms 39133014us 
