#Grabcut execution time: 0s 386ms 386092us 
0.0000              25.6912             
1.0000              16.9878             
2.0000              15.9385             
3.0000              15.9868             
4.0000              16.0592             
5.0000              15.8295             
6.0000              15.9057             
7.0000              15.9189             
8.0000              16.0954             
9.0000              15.9225             
10.0000             15.9957             
11.0000             15.9434             
12.0000             16.0505             
13.0000             16.0317             
14.0000             16.0855             
15.0000             16.1611             
16.0000             16.1048             
17.0000             16.1378             
18.0000             16.1130             
19.0000             16.1433             
20.0000             16.0790             
21.0000             16.1539             
22.0000             16.0923             
23.0000             16.1977             
24.0000             16.0885             
25.0000             16.1983             
26.0000             16.0892             
27.0000             16.2084             
28.0000             16.0835             
29.0000             16.2084             
30.0000             16.0835             
31.0000             16.0835             
#Execution time: 71s 71965ms 71965058us 
