#Grabcut execution time: 0s 347ms 347352us 
0.0000              616.8340            
1.0000              564.1867            
2.0000              561.1055            
3.0000              558.9900            
4.0000              560.1511            
5.0000              560.4637            
6.0000              559.4953            
7.0000              559.4952            
8.0000              559.6851            
9.0000              559.2090            
10.0000             559.5224            
11.0000             559.1153            
12.0000             559.0941            
13.0000             558.9874            
14.0000             559.0592            
15.0000             558.9477            
16.0000             559.1274            
17.0000             559.0382            
18.0000             559.0382            
19.0000             559.0382            
20.0000             559.0382            
21.0000             559.0382            
22.0000             559.0382            
23.0000             559.0382            
24.0000             559.0382            
25.0000             559.0382            
26.0000             559.0382            
27.0000             559.0382            
28.0000             559.0382            
29.0000             559.0382            
30.0000             559.0382            
31.0000             559.0382            
#Execution time: 13s 13897ms 13897122us 
