#Grabcut execution time: 0s 343ms 343984us 
0.0000              104.4133            
1.0000              79.9592             
2.0000              78.5898             
3.0000              77.9085             
4.0000              77.3367             
5.0000              77.3928             
6.0000              77.3645             
7.0000              77.3825             
8.0000              77.3750             
9.0000              77.4102             
10.0000             77.3781             
11.0000             77.3873             
12.0000             77.4055             
13.0000             77.3884             
14.0000             77.3983             
15.0000             77.3986             
16.0000             77.4001             
17.0000             77.4000             
18.0000             77.4000             
19.0000             77.4000             
20.0000             77.4000             
21.0000             77.4000             
22.0000             77.4000             
23.0000             77.4000             
24.0000             77.4000             
25.0000             77.4000             
26.0000             77.4000             
27.0000             77.4000             
28.0000             77.4000             
29.0000             77.4000             
30.0000             77.4000             
31.0000             77.4000             
#Execution time: 18s 18644ms 18644387us 
