#Grabcut execution time: 0s 378ms 378983us 
0.0000              308.6733            
1.0000              227.7353            
2.0000              224.2583            
3.0000              224.0601            
4.0000              222.9925            
5.0000              223.1166            
6.0000              222.3790            
7.0000              222.4848            
8.0000              222.4307            
9.0000              222.4404            
10.0000             222.4044            
11.0000             222.7612            
12.0000             222.6949            
13.0000             222.7345            
14.0000             222.6421            
15.0000             222.6766            
16.0000             222.5312            
17.0000             222.7848            
18.0000             222.7091            
19.0000             222.7444            
20.0000             222.6335            
21.0000             222.7164            
22.0000             222.7033            
23.0000             222.6071            
24.0000             222.6801            
25.0000             222.5556            
26.0000             222.6563            
27.0000             222.6846            
28.0000             222.5764            
29.0000             222.6505            
30.0000             222.6592            
31.0000             222.6592            
#Execution time: 12s 12130ms 12130143us 
