#Grabcut execution time: 0s 338ms 338837us 
0.0000              516.7476            
1.0000              517.4718            
2.0000              516.8920            
3.0000              519.2761            
4.0000              520.7107            
5.0000              521.7272            
6.0000              522.7793            
7.0000              524.7427            
8.0000              525.7990            
9.0000              526.7996            
10.0000             528.0054            
11.0000             529.1834            
12.0000             530.3980            
13.0000             531.6282            
14.0000             532.7891            
15.0000             534.1123            
16.0000             535.2790            
17.0000             536.3539            
18.0000             537.5275            
19.0000             538.5739            
20.0000             539.6502            
21.0000             540.7201            
22.0000             541.7778            
23.0000             542.7294            
24.0000             543.8206            
25.0000             544.7774            
26.0000             545.7467            
27.0000             546.7238            
28.0000             547.6636            
29.0000             548.6340            
30.0000             549.6437            
31.0000             549.6437            
#Execution time: 47s 47541ms 47541676us 
