#Grabcut execution time: 0s 347ms 347442us 
0.0000              206.1565            
1.0000              185.8554            
2.0000              182.5954            
3.0000              184.6795            
4.0000              184.6010            
5.0000              186.2514            
6.0000              186.6265            
7.0000              187.0202            
8.0000              186.4849            
9.0000              187.7472            
10.0000             186.8373            
11.0000             187.4895            
12.0000             186.9116            
13.0000             187.3526            
14.0000             186.7698            
15.0000             187.3336            
16.0000             187.0697            
17.0000             187.2109            
18.0000             186.9060            
19.0000             187.1829            
20.0000             186.9182            
21.0000             187.2024            
22.0000             186.9012            
23.0000             187.2024            
24.0000             186.9012            
25.0000             187.2024            
26.0000             186.9012            
27.0000             187.2024            
28.0000             186.9012            
29.0000             187.2024            
30.0000             186.9012            
31.0000             186.9012            
#Execution time: 63s 63654ms 63654231us 
