#Grabcut execution time: 0s 377ms 377694us 
0.0000              22.9942             
1.0000              13.8741             
2.0000              13.1234             
3.0000              13.2468             
4.0000              13.3922             
5.0000              13.5185             
6.0000              13.5110             
7.0000              13.4405             
8.0000              13.4430             
9.0000              13.6628             
10.0000             13.4364             
11.0000             13.6816             
12.0000             13.5692             
13.0000             13.6984             
14.0000             13.5390             
15.0000             13.5399             
16.0000             13.4889             
17.0000             13.5097             
18.0000             13.5447             
19.0000             13.4083             
20.0000             13.4793             
21.0000             13.6254             
22.0000             13.5307             
23.0000             13.6066             
24.0000             13.5907             
25.0000             13.4437             
26.0000             13.6039             
27.0000             13.6709             
28.0000             13.5152             
29.0000             13.4692             
30.0000             13.5494             
31.0000             13.5494             
#Execution time: 122s 122982ms 122982377us 
