n,tangent,t2
0,4.93106,-1.35213
1,4.93106,-1.35213
2,4.93106,-1.35213
3,4.93106,-1.35213
4,4.93106,-1.35213
5,4.93106,-1.35213
6,4.93106,-1.35213
7,4.93106,-1.35213
8,4.93106,-1.35213
9,4.93106,-1.35213
10,4.93106,-1.35213
11,4.82305,-1.46014
12,4.82305,-1.46014
13,4.82305,-1.46014
14,4.82305,-1.46014
15,4.82305,-1.46014
16,4.82305,-1.46014
17,4.82305,-1.46014
18,4.82305,-1.46014
19,4.82305,-1.46014
20,4.99069,-1.2925
21,4.99069,-1.2925
22,5.07116,-1.21203
23,5.07116,-1.21203
24,5.11728,-1.1659
25,5.11728,-1.1659
26,5.11728,-1.1659
27,5.23154,-1.05165
28,5.23154,-1.05165
29,5.23154,-1.05165
30,5.43122,-0.851966
31,5.43122,-0.851966
32,5.43122,-0.851966
33,5.43122,-0.851966
34,5.43122,-0.851966
35,5.43122,-0.851966
36,5.56436,-0.71883
37,5.56436,-0.71883
38,5.56436,-0.71883
39,5.56436,-0.71883
40,5.56436,-0.71883
41,5.56436,-0.71883
42,5.62214,-0.661043
43,5.62214,-0.661043
44,5.62214,-0.661043
45,5.62214,-0.661043
46,5.65439,-0.628796
47,5.65439,-0.628796
48,5.65439,-0.628796
49,5.65439,-0.628796
50,5.65439,-0.628796
51,5.65439,-0.628796
52,5.73153,-0.551655
53,5.73153,-0.551655
54,5.73153,-0.551655
55,5.73153,-0.551655
56,5.73153,-0.551655
57,5.73153,-0.551655
58,5.73153,-0.551655
59,5.73153,-0.551655
60,5.73153,-0.551655
61,5.73153,-0.551655
62,5.73153,-0.551655
63,5.73153,-0.551655
64,5.90268,-0.380506
65,6.05639,-0.226799
66,6.05639,-0.226799
67,6.05639,-0.226799
68,6.05639,-0.226799
69,6.05639,-0.226799
70,6.05639,-0.226799
71,6.05639,-0.226799
72,6.05639,-0.226799
73,6.05639,-0.226799
74,6.05639,-0.226799
75,6.25938,-0.023805
76,6.25938,-0.023805
77,6.25938,-0.023805
78,6.25938,-0.023805
79,6.25938,-0.023805
80,6.25938,-0.023805
81,6.25938,-0.023805
82,6.25938,-0.023805
83,6.25938,-0.023805
84,6.25938,-0.023805
85,6.25938,-0.023805
86,6.25938,-0.023805
87,6.25938,-0.023805
88,6.25938,-0.023805
89,6.25938,-0.023805
90,6.25938,-0.023805
91,6.25938,-0.023805
92,6.25938,-0.023805
93,6.25938,-0.023805
94,6.25938,-0.023805
95,6.25938,-0.023805
96,0.023805,0.023805
97,0.023805,0.023805
98,0.023805,0.023805
99,0.023805,0.023805
100,0.023805,0.023805
101,0.023805,0.023805
102,0.023805,0.023805
103,0.023805,0.023805
104,0.023805,0.023805
105,0.023805,0.023805
106,0.023805,0.023805
107,0.023805,0.023805
108,0.023805,0.023805
109,0.023805,0.023805
110,0.023805,0.023805
111,0.023805,0.023805
112,0.023805,0.023805
113,0.023805,0.023805
114,0.023805,0.023805
115,0.023805,0.023805
116,0.023805,0.023805
117,0.0512372,0.0512372
118,0.0512372,0.0512372
119,0.0512372,0.0512372
120,0.0512372,0.0512372
121,0.0512372,0.0512372
122,0.0512372,0.0512372
123,0.0512372,0.0512372
124,0.0512372,0.0512372
125,0.0512372,0.0512372
126,0.0512372,0.0512372
127,0.0512372,0.0512372
128,0.0512372,0.0512372
129,0.0512372,0.0512372
130,0.0512372,0.0512372
131,0.0512372,0.0512372
132,0.0512372,0.0512372
133,0.0512372,0.0512372
134,0.0512372,0.0512372
135,0.0512372,0.0512372
136,0.0512372,0.0512372
137,0.218669,0.218669
138,0.218669,0.218669
139,0.218669,0.218669
140,0.218669,0.218669
141,0.218669,0.218669
142,0.218669,0.218669
143,0.110657,0.110657
144,0.110657,0.110657
145,0.110657,0.110657
146,0.110657,0.110657
147,0.110657,0.110657
148,0.110657,0.110657
149,0.110657,0.110657
150,0.110657,0.110657
151,0.110657,0.110657
152,0.179853,0.179853
153,0.179853,0.179853
154,0.179853,0.179853
155,0.179853,0.179853
156,0.179853,0.179853
157,0.179853,0.179853
158,0.179853,0.179853
159,0.0525831,0.0525831
160,0.0525831,0.0525831
161,0.0525831,0.0525831
162,0.0525831,0.0525831
163,0.0525831,0.0525831
164,0.0525831,0.0525831
165,0.0525831,0.0525831
166,0.0525831,0.0525831
167,0.0525831,0.0525831
168,0.0525831,0.0525831
169,0.0525831,0.0525831
170,0.0525831,0.0525831
171,0.0525831,0.0525831
172,0.0525831,0.0525831
173,0.0525831,0.0525831
174,0.0525831,0.0525831
175,0.0525831,0.0525831
176,0.0525831,0.0525831
177,0.0525831,0.0525831
178,0.218669,0.218669
179,0.218669,0.218669
180,0.218669,0.218669
181,0.218669,0.218669
182,0.218669,0.218669
183,0.218669,0.218669
184,0.0554985,0.0554985
185,0.0554985,0.0554985
186,0.0554985,0.0554985
187,0.0554985,0.0554985
188,0.0554985,0.0554985
189,0.0554985,0.0554985
190,0.0554985,0.0554985
191,0.0554985,0.0554985
192,0.0554985,0.0554985
193,0.0554985,0.0554985
194,0.0554985,0.0554985
195,0.0554985,0.0554985
196,0.0554985,0.0554985
197,0.0554985,0.0554985
198,0.0554985,0.0554985
199,0.0554985,0.0554985
200,0.0554985,0.0554985
201,0.0554985,0.0554985
202,0.0554985,0.0554985
203,0.0554985,0.0554985
204,0.0554985,0.0554985
205,0.0554985,0.0554985
206,0.0554985,0.0554985
207,0.0554985,0.0554985
208,0.0554985,0.0554985
209,0.0554985,0.0554985
210,0.0554985,0.0554985
211,0.0554985,0.0554985
212,0.0554985,0.0554985
213,0.0554985,0.0554985
214,0.0554985,0.0554985
215,0.0554985,0.0554985
216,0.0554985,0.0554985
217,0.0554985,0.0554985
218,0.0554985,0.0554985
219,0.0554985,0.0554985
220,0.0554985,0.0554985
221,0.104877,0.104877
222,0.104877,0.104877
223,0.104877,0.104877
224,0.104877,0.104877
225,0.104877,0.104877
226,0.104877,0.104877
227,0.104877,0.104877
228,0.104877,0.104877
229,0.104877,0.104877
230,0.104877,0.104877
231,0.104877,0.104877
232,0.0665682,0.0665682
233,0.0665682,0.0665682
234,0.0665682,0.0665682
235,0.0665682,0.0665682
236,0.0665682,0.0665682
237,0.0665682,0.0665682
238,0.0665682,0.0665682
239,0.0665682,0.0665682
240,0.0665682,0.0665682
241,0.0665682,0.0665682
242,0.0665682,0.0665682
243,0.0665682,0.0665682
244,0.0665682,0.0665682
245,0.0665682,0.0665682
246,0.0665682,0.0665682
247,0.117109,0.117109
248,0.117109,0.117109
249,0.117109,0.117109
250,0.117109,0.117109
251,0.117109,0.117109
252,0.117109,0.117109
253,0.117109,0.117109
254,0.117109,0.117109
255,0.117109,0.117109
256,0.152649,0.152649
257,0.152649,0.152649
258,0.152649,0.152649
259,0.152649,0.152649
260,0.152649,0.152649
261,0.152649,0.152649
262,0.152649,0.152649
263,0.152649,0.152649
264,0.0906599,0.0906599
265,0.0906599,0.0906599
266,0.0906599,0.0906599
267,0.0906599,0.0906599
268,0.0906599,0.0906599
269,0.0906599,0.0906599
270,6.18823,-0.0949517
271,6.18823,-0.0949517
272,6.18823,-0.0949517
273,6.18823,-0.0949517
274,6.18823,-0.0949517
275,6.18823,-0.0949517
276,6.18823,-0.0949517
277,6.18823,-0.0949517
278,6.18823,-0.0949517
279,6.18823,-0.0949517
280,6.18823,-0.0949517
281,6.18823,-0.0949517
282,6.18823,-0.0949517
283,6.18823,-0.0949517
284,6.18823,-0.0949517
285,6.18823,-0.0949517
286,6.10333,-0.179853
287,6.10333,-0.179853
288,6.10333,-0.179853
289,6.10333,-0.179853
290,6.10333,-0.179853
291,6.10333,-0.179853
292,6.10333,-0.179853
293,6.18352,-0.0996687
294,6.18352,-0.0996687
295,6.18352,-0.0996687
296,6.18352,-0.0996687
297,6.18352,-0.0996687
298,6.18352,-0.0996687
299,6.18352,-0.0996687
300,6.18352,-0.0996687
301,6.18352,-0.0996687
302,6.18352,-0.0996687
303,6.06452,-0.218669
304,6.06452,-0.218669
305,6.06452,-0.218669
306,6.06452,-0.218669
307,6.06452,-0.218669
308,6.06452,-0.218669
309,6.15883,-0.124355
310,6.15883,-0.124355
311,6.15883,-0.124355
312,6.15883,-0.124355
313,6.15883,-0.124355
314,6.15883,-0.124355
315,6.15883,-0.124355
316,6.15883,-0.124355
317,5.90268,-0.380506
318,5.90268,-0.380506
319,5.74277,-0.54042
320,5.60844,-0.674741
321,5.60844,-0.674741
322,5.60844,-0.674741
323,5.60844,-0.674741
324,5.60844,-0.674741
325,5.60844,-0.674741
326,5.60844,-0.674741
327,5.66294,-0.620249
328,5.66294,-0.620249
329,5.66294,-0.620249
330,5.72459,-0.558599
331,5.72459,-0.558599
332,5.72459,-0.558599
333,5.72459,-0.558599
334,5.92441,-0.358771
335,5.92441,-0.358771
336,5.92441,-0.358771
337,6.01693,-0.266252
338,6.01693,-0.266252
339,6.01693,-0.266252
340,6.01693,-0.266252
341,6.01693,-0.266252
342,6.06452,-0.218669
343,6.06452,-0.218669
344,6.22077,-0.0624188
345,6.22077,-0.0624188
346,6.22077,-0.0624188
347,6.22077,-0.0624188
348,6.22077,-0.0624188
349,6.22077,-0.0624188
350,6.22077,-0.0624188
351,6.22077,-0.0624188
352,6.22077,-0.0624188
353,6.22077,-0.0624188
354,6.22077,-0.0624188
355,6.22077,-0.0624188
356,6.22077,-0.0624188
357,6.22077,-0.0624188
358,6.22077,-0.0624188
359,6.22077,-0.0624188
360,6.00489,-0.2783
361,6.00489,-0.2783
362,6.00489,-0.2783
363,6.00489,-0.2783
364,6.00489,-0.2783
365,6.00489,-0.2783
366,6.00489,-0.2783
367,6.00489,-0.2783
368,6.00489,-0.2783
369,5.69518,-0.588003
370,5.69518,-0.588003
371,5.69518,-0.588003
372,6.10333,-0.179853
373,6.10333,-0.179853
374,6.10333,-0.179853
375,6.10333,-0.179853
376,6.10333,-0.179853
377,6.10333,-0.179853
378,6.10333,-0.179853
379,6.10333,-0.179853
380,6.10333,-0.179853
381,6.10333,-0.179853
382,6.10333,-0.179853
383,6.10333,-0.179853
384,5.69518,-0.588003
385,5.69518,-0.588003
386,5.69518,-0.588003
387,6.20641,-0.0767719
388,6.20641,-0.0767719
389,6.20641,-0.0767719
390,6.20641,-0.0767719
391,6.20641,-0.0767719
392,6.20641,-0.0767719
393,6.20641,-0.0767719
394,6.20641,-0.0767719
395,6.20641,-0.0767719
396,6.20641,-0.0767719
397,6.20641,-0.0767719
398,6.20641,-0.0767719
399,6.20641,-0.0767719
400,6.10333,-0.179853
401,6.10333,-0.179853
402,6.10333,-0.179853
403,6.10333,-0.179853
404,6.10333,-0.179853
405,6.10333,-0.179853
406,6.10333,-0.179853
407,6.13054,-0.152649
408,6.13054,-0.152649
409,6.13054,-0.152649
410,6.13054,-0.152649
411,6.13054,-0.152649
412,6.13054,-0.152649
413,6.13054,-0.152649
414,6.13054,-0.152649
415,6.13054,-0.152649
416,6.13054,-0.152649
417,6.13054,-0.152649
418,6.13054,-0.152649
419,6.13054,-0.152649
420,6.13054,-0.152649
421,6.13054,-0.152649
422,6.13054,-0.152649
423,6.13054,-0.152649
424,6.13054,-0.152649
425,6.13054,-0.152649
426,6.13054,-0.152649
427,6.13054,-0.152649
428,6.13054,-0.152649
429,6.06452,-0.218669
430,6.06452,-0.218669
431,6.06452,-0.218669
432,6.06452,-0.218669
433,6.06452,-0.218669
434,5.84656,-0.436627
435,5.84656,-0.436627
436,5.84656,-0.436627
437,5.84656,-0.436627
438,5.84656,-0.436627
439,5.84656,-0.436627
440,5.84656,-0.436627
441,5.84656,-0.436627
442,5.84656,-0.436627
443,5.84656,-0.436627
444,5.84656,-0.436627
445,5.84656,-0.436627
446,5.84656,-0.436627
447,5.84656,-0.436627
448,5.84656,-0.436627
449,5.84656,-0.436627
450,5.84656,-0.436627
451,5.84656,-0.436627
452,5.84656,-0.436627
453,5.92441,-0.358771
454,5.92441,-0.358771
455,6.00489,-0.2783
456,6.00489,-0.2783
457,6.00489,-0.2783
458,6.00489,-0.2783
459,6.00489,-0.2783
460,6.00489,-0.2783
461,5.90268,-0.380506
462,5.90268,-0.380506
463,5.74277,-0.54042
464,5.63968,-0.643501
465,5.63968,-0.643501
466,5.63968,-0.643501
467,5.63968,-0.643501
468,5.63968,-0.643501
469,5.63968,-0.643501
470,5.63968,-0.643501
471,5.17604,-1.10715
472,5.17604,-1.10715
473,5.63968,-0.643501
474,5.63968,-0.643501
475,5.63968,-0.643501
476,5.63968,-0.643501
477,5.33264,-0.950547
478,5.33264,-0.950547
479,5.33264,-0.950547
480,5.33264,-0.950547
481,5.33264,-0.950547
482,5.27099,-1.0122
483,5.27099,-1.0122
484,5.21174,-1.07145
485,5.21174,-1.07145
486,5.21174,-1.07145
487,5.21174,-1.07145
488,5.21174,-1.07145
489,5.21174,-1.07145
490,5.13902,-1.14417
491,5.13902,-1.14417
492,5.13902,-1.14417
493,5.13902,-1.14417
494,5.13902,-1.14417
495,5.13902,-1.14417
496,5.07116,-1.21203
497,5.07116,-1.21203
498,5.07116,-1.21203
499,5.07116,-1.21203
500,5.07116,-1.21203
501,5.07116,-1.21203
502,5.07116,-1.21203
503,5.30039,-0.982794
504,5.30039,-0.982794
505,5.30039,-0.982794
506,5.11728,-1.1659
507,5.11728,-1.1659
508,5.11728,-1.1659
509,5.11728,-1.1659
510,5.11728,-1.1659
511,5.11728,-1.1659
512,5.23154,-1.05165
513,5.23154,-1.05165
514,5.23154,-1.05165
515,5.27912,-1.00407
516,5.27912,-1.00407
517,5.27912,-1.00407
518,5.27912,-1.00407
519,5.27912,-1.00407
520,5.32311,-0.96007
521,5.32311,-0.96007
522,5.32311,-0.96007
523,5.32311,-0.96007
524,5.32311,-0.96007
525,5.45781,-0.825377
526,5.45781,-0.825377
527,5.45781,-0.825377
528,5.45781,-0.825377
529,5.45781,-0.825377
530,5.45781,-0.825377
531,5.45781,-0.825377
532,5.45781,-0.825377
533,5.45781,-0.825377
534,5.45781,-0.825377
535,5.45781,-0.825377
536,5.53777,-0.745419
537,5.53777,-0.745419
538,5.53777,-0.745419
539,5.53777,-0.745419
540,5.53777,-0.745419
541,5.53777,-0.745419
542,5.53777,-0.745419
543,5.53777,-0.745419
544,5.53777,-0.745419
545,5.53777,-0.745419
546,5.53777,-0.745419
547,5.74277,-0.54042
548,5.74277,-0.54042
549,5.87829,-0.404892
550,5.87829,-0.404892
551,5.87829,-0.404892
552,5.87829,-0.404892
553,5.87829,-0.404892
554,5.87829,-0.404892
555,5.87829,-0.404892
556,5.87829,-0.404892
557,5.87829,-0.404892
558,5.87829,-0.404892
559,5.87829,-0.404892
560,5.92441,-0.358771
561,5.92441,-0.358771
562,6.00489,-0.2783
563,6.00489,-0.2783
564,6.11804,-0.165149
565,6.11804,-0.165149
566,6.11804,-0.165149
567,6.11804,-0.165149
568,6.11804,-0.165149
569,6.11804,-0.165149
570,6.00489,-0.2783
571,6.00489,-0.2783
572,5.92441,-0.358771
573,5.92441,-0.358771
574,5.92441,-0.358771
575,5.92441,-0.358771
576,5.76404,-0.519146
577,5.76404,-0.519146
578,5.76404,-0.519146
579,5.76404,-0.519146
580,5.76404,-0.519146
581,5.76404,-0.519146
582,5.76404,-0.519146
583,5.87829,-0.404892
584,5.87829,-0.404892
585,5.87829,-0.404892
586,5.92441,-0.358771
587,5.92441,-0.358771
588,6.00489,-0.2783
589,6.00489,-0.2783
590,6.09784,-0.185348
591,6.09784,-0.185348
592,6.09784,-0.185348
593,6.09784,-0.185348
594,6.09784,-0.185348
595,6.09784,-0.185348
596,6.09784,-0.185348
597,6.09784,-0.185348
598,6.09784,-0.185348
599,6.09784,-0.185348
600,6.09784,-0.185348
601,6.09784,-0.185348
602,6.20641,-0.0767719
603,6.20641,-0.0767719
604,6.20641,-0.0767719
605,6.20641,-0.0767719
606,6.20641,-0.0767719
607,6.20641,-0.0767719
608,6.20641,-0.0767719
609,6.20641,-0.0767719
610,6.20641,-0.0767719
611,6.20641,-0.0767719
612,6.20641,-0.0767719
613,6.20641,-0.0767719
614,6.20641,-0.0767719
615,6.16608,-0.117109
616,6.16608,-0.117109
617,6.16608,-0.117109
618,6.16608,-0.117109
619,6.16608,-0.117109
620,6.16608,-0.117109
621,6.16608,-0.117109
622,6.16608,-0.117109
623,6.16608,-0.117109
624,6.16608,-0.117109
625,6.16608,-0.117109
626,0.197396,0.197396
627,0.197396,0.197396
628,0.197396,0.197396
629,0.197396,0.197396
630,0.197396,0.197396
631,0.197396,0.197396
632,0.197396,0.197396
633,0.197396,0.197396
634,0.197396,0.197396
635,0.197396,0.197396
636,0.197396,0.197396
637,0.197396,0.197396
638,0.197396,0.197396
639,0.197396,0.197396
640,0.197396,0.197396
641,5.49779,-0.785398
642,5.49779,-0.785398
643,0.404892,0.404892
644,0.404892,0.404892
645,0.404892,0.404892
646,0.404892,0.404892
647,0.404892,0.404892
648,0.404892,0.404892
649,0.404892,0.404892
650,0.404892,0.404892
651,0.404892,0.404892
652,0.404892,0.404892
653,0.404892,0.404892
654,0.404892,0.404892
655,0.404892,0.404892
656,0.404892,0.404892
657,0.404892,0.404892
658,0.404892,0.404892
659,0.404892,0.404892
660,0.291457,0.291457
661,0.291457,0.291457
662,0.291457,0.291457
663,0.291457,0.291457
664,0.291457,0.291457
665,0.291457,0.291457
666,0.291457,0.291457
667,0.291457,0.291457
668,0.291457,0.291457
669,0.291457,0.291457
670,0.291457,0.291457
671,0.291457,0.291457
672,0.620249,0.620249
673,0.620249,0.620249
674,0.620249,0.620249
675,0.620249,0.620249
676,0.620249,0.620249
677,0.708626,0.708626
678,0.708626,0.708626
679,0.708626,0.708626
680,0.708626,0.708626
681,0.708626,0.708626
682,0.708626,0.708626
683,0.708626,0.708626
684,0.708626,0.708626
685,0.708626,0.708626
686,0.708626,0.708626
687,0.708626,0.708626
688,0.519146,0.519146
689,0.519146,0.519146
690,0.519146,0.519146
691,0.404892,0.404892
692,0.404892,0.404892
693,0.404892,0.404892
694,0.354706,0.354706
695,0.354706,0.354706
696,0.354706,0.354706
697,0.354706,0.354706
698,0.354706,0.354706
699,0.354706,0.354706
700,0.354706,0.354706
701,0.354706,0.354706
702,0.354706,0.354706
703,0.354706,0.354706
704,0.354706,0.354706
705,0.354706,0.354706
706,0.354706,0.354706
707,0.354706,0.354706
708,0.354706,0.354706
709,0.354706,0.354706
710,0.354706,0.354706
711,0.354706,0.354706
712,0.354706,0.354706
713,0.354706,0.354706
714,0.354706,0.354706
715,0.354706,0.354706
716,0.354706,0.354706
717,0.354706,0.354706
718,0.354706,0.354706
719,0.354706,0.354706
720,0.291457,0.291457
721,0.291457,0.291457
722,0.291457,0.291457
723,0.291457,0.291457
724,0.291457,0.291457
725,0.291457,0.291457
726,0.291457,0.291457
727,0.291457,0.291457
728,0.291457,0.291457
729,0.291457,0.291457
730,0.358771,0.358771
731,0.358771,0.358771
732,0.426627,0.426627
733,0.426627,0.426627
734,0.426627,0.426627
735,0.426627,0.426627
736,0.426627,0.426627
737,0.426627,0.426627
738,0.499347,0.499347
739,0.499347,0.499347
740,0.499347,0.499347
741,0.499347,0.499347
742,0.499347,0.499347
743,0.499347,0.499347
744,0.643501,0.643501
745,0.643501,0.643501
746,0.643501,0.643501
747,0.643501,0.643501
748,0.643501,0.643501
749,0.519146,0.519146
750,0.519146,0.519146
751,0.519146,0.519146
752,0.519146,0.519146
753,0.519146,0.519146
754,0.519146,0.519146
755,0.519146,0.519146
756,0.519146,0.519146
757,0.643501,0.643501
758,0.643501,0.643501
759,0.643501,0.643501
760,0.643501,0.643501
761,0.643501,0.643501
762,0.643501,0.643501
763,0.643501,0.643501
764,0.88848,0.88848
765,0.88848,0.88848
766,0.88848,0.88848
767,0.88848,0.88848
768,0.88848,0.88848
769,0.88848,0.88848
770,0.88848,0.88848
771,0.88848,0.88848
772,0.88848,0.88848
773,0.88848,0.88848
774,0.88848,0.88848
775,0.88848,0.88848
776,0.88848,0.88848
777,0.88848,0.88848
778,0.88848,0.88848
779,0.88848,0.88848
780,0.88848,0.88848
781,0.88848,0.88848
782,0.88848,0.88848
783,0.88848,0.88848
784,0.832981,0.832981
785,0.832981,0.832981
786,0.832981,0.832981
787,0.832981,0.832981
788,0.832981,0.832981
789,0.832981,0.832981
790,0.832981,0.832981
791,0.832981,0.832981
792,0.832981,0.832981
793,0.832981,0.832981
794,0.832981,0.832981
795,0.832981,0.832981
796,0.832981,0.832981
797,0.832981,0.832981
798,0.832981,0.832981
799,0.832981,0.832981
800,0.832981,0.832981
801,0.832981,0.832981
802,0.832981,0.832981
803,0.909753,0.909753
804,0.909753,0.909753
805,0.909753,0.909753
806,0.909753,0.909753
807,0.909753,0.909753
808,0.909753,0.909753
809,0.909753,0.909753
810,1.2925,1.2925
811,1.2925,1.2925
812,1.2925,1.2925
813,1.2925,1.2925
814,1.39094,1.39094
815,1.39094,1.39094
816,1.39094,1.39094
817,1.39094,1.39094
818,1.39094,1.39094
819,1.39094,1.39094
820,1.4289,1.4289
821,1.4289,1.4289
822,1.4289,1.4289
823,1.4289,1.4289
824,1.4289,1.4289
825,1.4289,1.4289
826,1.4289,1.4289
827,1.4289,1.4289
828,1.4289,1.4289
829,1.4289,1.4289
830,1.4289,1.4289
831,1.4289,1.4289
832,1.71269,1.71269
833,1.71269,1.71269
834,1.71269,1.71269
835,1.9513,1.9513
836,1.9513,1.9513
837,2.11122,2.11122
838,2.11122,2.11122
839,2.11122,2.11122
840,2.11122,2.11122
841,2.11122,2.11122
842,2.11122,2.11122
843,1.92957,1.92957
844,1.92957,1.92957
845,1.92957,1.92957
846,1.92957,1.92957
847,1.92957,1.92957
848,1.92957,1.92957
849,1.92957,1.92957
850,1.92957,1.92957
851,1.97569,1.97569
852,1.97569,1.97569
853,1.97569,1.97569
854,2.08994,2.08994
855,2.08994,2.08994
856,2.08994,2.08994
857,2.14213,2.14213
858,2.14213,2.14213
859,2.14213,2.14213
860,2.14213,2.14213
861,2.14213,2.14213
862,2.14213,2.14213
863,2.14213,2.14213
864,2.14213,2.14213
865,2.17634,2.17634
866,2.17634,2.17634
867,2.17634,2.17634
868,2.17634,2.17634
869,2.17634,2.17634
870,2.17634,2.17634
871,2.17634,2.17634
872,2.31917,2.31917
873,2.31917,2.31917
874,2.31917,2.31917
875,2.31917,2.31917
876,2.31917,2.31917
877,2.31917,2.31917
878,2.31917,2.31917
879,2.31917,2.31917
880,2.31917,2.31917
881,2.31917,2.31917
882,2.31917,2.31917
883,2.31917,2.31917
884,2.39321,2.39321
885,2.39321,2.39321
886,2.39321,2.39321
887,2.39321,2.39321
888,2.39321,2.39321
889,2.39321,2.39321
890,2.39321,2.39321
891,2.39321,2.39321
892,2.39321,2.39321
893,2.39321,2.39321
894,2.39321,2.39321
895,2.39321,2.39321
896,2.45586,2.45586
897,2.45586,2.45586
898,2.45586,2.45586
899,2.45586,2.45586
900,2.45586,2.45586
901,2.45586,2.45586
902,2.45586,2.45586
903,2.45586,2.45586
904,2.45586,2.45586
905,2.45586,2.45586
906,2.45586,2.45586
907,2.40878,2.40878
908,2.40878,2.40878
909,2.40878,2.40878
910,2.40878,2.40878
911,2.40878,2.40878
912,2.40878,2.40878
913,2.40878,2.40878
914,2.40878,2.40878
915,2.40878,2.40878
916,2.40878,2.40878
917,2.40878,2.40878
918,2.40878,2.40878
919,2.40878,2.40878
920,2.40878,2.40878
921,2.40878,2.40878
922,2.40878,2.40878
923,2.40878,2.40878
924,2.63449,2.63449
925,2.63449,2.63449
926,2.63449,2.63449
927,2.63449,2.63449
928,2.63449,2.63449
929,2.72337,2.72337
930,2.72337,2.72337
931,2.72337,2.72337
932,2.72337,2.72337
933,2.9442,2.9442
934,2.9442,2.9442
935,2.9442,2.9442
936,2.9442,2.9442
937,2.9442,2.9442
938,2.9442,2.9442
939,2.9442,2.9442
940,3.60524,-2.67795
941,3.60524,-2.67795
942,3.60524,-2.67795
943,3.03094,3.03094
944,3.03094,3.03094
945,3.03094,3.03094
946,3.03094,3.03094
947,3.03094,3.03094
948,3.03094,3.03094
949,3.03094,3.03094
950,3.03094,3.03094
951,3.03094,3.03094
952,3.03094,3.03094
953,3.03094,3.03094
954,2.96174,2.96174
955,2.96174,2.96174
956,2.96174,2.96174
957,2.96174,2.96174
958,2.96174,2.96174
959,2.96174,2.96174
960,2.96174,2.96174
961,3.00904,3.00904
962,3.00904,3.00904
963,3.00904,3.00904
964,3.00904,3.00904
965,3.00904,3.00904
966,3.00904,3.00904
967,3.00904,3.00904
968,3.00904,3.00904
969,3.04192,3.04192
970,3.04192,3.04192
971,3.04192,3.04192
972,3.04192,3.04192
973,3.04192,3.04192
974,3.04192,3.04192
975,3.04192,3.04192
976,3.04192,3.04192
977,3.04192,3.04192
978,3.04192,3.04192
979,3.04192,3.04192
980,3.04192,3.04192
981,3.23225,-3.05093
982,3.23225,-3.05093
983,3.23225,-3.05093
984,3.23225,-3.05093
985,3.23225,-3.05093
986,3.23225,-3.05093
987,3.23225,-3.05093
988,3.23225,-3.05093
989,3.05093,3.05093
990,3.05093,3.05093
991,3.05093,3.05093
992,3.05093,3.05093
993,3.05093,3.05093
994,3.05093,3.05093
995,3.05093,3.05093
996,3.05093,3.05093
997,3.28349,-2.9997
998,3.28349,-2.9997
999,3.28349,-2.9997
1000,3.28349,-2.9997
1001,3.28349,-2.9997
1002,3.28349,-2.9997
1003,3.28349,-2.9997
1004,3.28349,-2.9997
1005,3.28349,-2.9997
1006,3.36026,-2.92292
1007,3.36026,-2.92292
1008,3.36026,-2.92292
1009,3.36026,-2.92292
1010,3.36026,-2.92292
1011,3.36026,-2.92292
1012,3.21836,-3.06482
1013,3.21836,-3.06482
1014,3.21836,-3.06482
1015,3.21836,-3.06482
1016,3.21836,-3.06482
1017,3.21836,-3.06482
1018,3.21836,-3.06482
1019,3.21836,-3.06482
1020,3.21836,-3.06482
1021,3.21836,-3.06482
1022,3.21836,-3.06482
1023,3.21836,-3.06482
1024,3.21836,-3.06482
1025,3.21836,-3.06482
1026,3.21836,-3.06482
1027,2.35619,2.35619
1028,2.35619,2.35619
1029,3.32145,-2.96174
1030,3.32145,-2.96174
1031,3.32145,-2.96174
1032,3.32145,-2.96174
1033,3.32145,-2.96174
1034,3.32145,-2.96174
1035,3.32145,-2.96174
1036,3.24126,-3.04192
1037,3.24126,-3.04192
1038,3.24126,-3.04192
1039,3.24126,-3.04192
1040,3.24126,-3.04192
1041,3.24126,-3.04192
1042,3.24126,-3.04192
1043,3.24126,-3.04192
1044,3.24126,-3.04192
1045,3.24126,-3.04192
1046,3.7296,-2.55359
1047,3.7296,-2.55359
1048,3.7296,-2.55359
1049,3.50036,-2.78282
1050,3.50036,-2.78282
1051,3.50036,-2.78282
1052,3.50036,-2.78282
1053,3.50036,-2.78282
1054,3.50036,-2.78282
1055,3.50036,-2.78282
1056,3.57822,-2.70497
1057,3.57822,-2.70497
1058,3.57822,-2.70497
1059,3.57822,-2.70497
1060,3.57822,-2.70497
1061,3.57822,-2.70497
1062,3.57822,-2.70497
1063,3.57822,-2.70497
1064,3.57822,-2.70497
1065,3.63155,-2.65164
1066,3.63155,-2.65164
1067,3.63155,-2.65164
1068,3.63155,-2.65164
1069,3.63155,-2.65164
1070,3.63155,-2.65164
1071,3.63155,-2.65164
1072,3.63155,-2.65164
1073,3.63155,-2.65164
1074,3.67332,-2.60987
1075,3.67332,-2.60987
1076,3.67332,-2.60987
1077,3.67332,-2.60987
1078,3.67332,-2.60987
1079,3.67332,-2.60987
1080,3.67332,-2.60987
1081,3.67332,-2.60987
1082,3.67332,-2.60987
1083,3.67332,-2.60987
1084,3.67332,-2.60987
1085,3.67332,-2.60987
1086,3.67332,-2.60987
1087,3.67332,-2.60987
1088,3.67332,-2.60987
1089,3.67332,-2.60987
1090,3.78509,-2.49809
1091,3.78509,-2.49809
1092,3.78509,-2.49809
1093,3.78509,-2.49809
1094,3.78509,-2.49809
1095,3.78509,-2.49809
1096,3.78509,-2.49809
1097,3.78509,-2.49809
1098,3.78509,-2.49809
1099,3.78509,-2.49809
1100,3.78509,-2.49809
1101,3.78509,-2.49809
1102,3.78509,-2.49809
1103,3.78509,-2.49809
1104,4.24874,-2.03444
1105,4.24874,-2.03444
1106,3.86042,-2.42276
1107,3.86042,-2.42276
1108,3.86042,-2.42276
1109,3.86042,-2.42276
1110,3.86042,-2.42276
1111,3.86042,-2.42276
1112,3.86042,-2.42276
1113,3.86042,-2.42276
1114,3.86042,-2.42276
1115,3.86042,-2.42276
1116,3.86042,-2.42276
1117,3.86042,-2.42276
1118,3.86042,-2.42276
1119,3.86042,-2.42276
1120,3.86042,-2.42276
1121,3.82732,-2.45586
1122,3.82732,-2.45586
1123,3.82732,-2.45586
1124,3.82732,-2.45586
1125,3.82732,-2.45586
1126,3.82732,-2.45586
1127,3.82732,-2.45586
1128,3.82732,-2.45586
1129,3.82732,-2.45586
1130,3.70019,-2.58299
1131,3.70019,-2.58299
1132,3.70019,-2.58299
1133,3.70019,-2.58299
1134,3.70019,-2.58299
1135,3.70019,-2.58299
1136,3.70019,-2.58299
1137,3.70019,-2.58299
1138,3.70019,-2.58299
1139,3.70019,-2.58299
1140,3.70019,-2.58299
1141,3.70019,-2.58299
1142,3.70019,-2.58299
1143,3.46334,-2.81984
1144,3.46334,-2.81984
1145,3.46334,-2.81984
1146,3.7296,-2.55359
1147,3.7296,-2.55359
1148,3.7296,-2.55359
1149,3.29424,-2.98894
1150,3.29424,-2.98894
1151,3.29424,-2.98894
1152,3.29424,-2.98894
1153,3.29424,-2.98894
1154,3.29424,-2.98894
1155,3.29424,-2.98894
1156,3.21836,-3.06482
1157,3.21836,-3.06482
1158,3.21836,-3.06482
1159,3.21836,-3.06482
1160,3.21836,-3.06482
1161,3.21836,-3.06482
1162,3.21836,-3.06482
1163,3.06482,3.06482
1164,3.06482,3.06482
1165,3.06482,3.06482
1166,3.06482,3.06482
1167,3.06482,3.06482
1168,3.06482,3.06482
1169,2.87534,2.87534
1170,2.87534,2.87534
1171,2.87534,2.87534
1172,2.87534,2.87534
1173,2.87534,2.87534
1174,2.87534,2.87534
1175,2.87534,2.87534
1176,2.87534,2.87534
1177,2.91479,2.91479
1178,2.91479,2.91479
1179,2.91479,2.91479
1180,2.91479,2.91479
1181,2.91479,2.91479
1182,2.91479,2.91479
1183,2.91479,2.91479
1184,2.91479,2.91479
1185,2.91479,2.91479
1186,2.91479,2.91479
1187,2.91479,2.91479
1188,2.91479,2.91479
1189,2.91479,2.91479
1190,2.91479,2.91479
1191,2.91479,2.91479
1192,2.91479,2.91479
1193,2.91479,2.91479
1194,2.91479,2.91479
1195,3.03672,3.03672
1196,3.03672,3.03672
1197,3.03672,3.03672
1198,3.03672,3.03672
1199,3.03672,3.03672
1200,3.03672,3.03672
1201,3.03672,3.03672
1202,3.03672,3.03672
1203,3.03672,3.03672
1204,3.03672,3.03672
1205,3.06482,3.06482
1206,3.06482,3.06482
1207,3.06482,3.06482
1208,3.06482,3.06482
1209,3.06482,3.06482
1210,3.06482,3.06482
1211,3.06482,3.06482
1212,3.06482,3.06482
1213,3.06482,3.06482
1214,3.06482,3.06482
1215,3.06482,3.06482
1216,3.06482,3.06482
1217,3.06482,3.06482
1218,2.95624,2.95624
1219,2.95624,2.95624
1220,2.95624,2.95624
1221,2.95624,2.95624
1222,2.95624,2.95624
1223,2.95624,2.95624
1224,2.9341,2.9341
1225,2.9341,2.9341
1226,2.9341,2.9341
1227,2.9341,2.9341
1228,2.9341,2.9341
1229,2.9341,2.9341
1230,2.9341,2.9341
1231,2.9341,2.9341
1232,2.9341,2.9341
1233,2.9341,2.9341
1234,2.9341,2.9341
1235,2.9341,2.9341
1236,2.9341,2.9341
1237,2.9341,2.9341
1238,2.9341,2.9341
1239,2.96174,2.96174
1240,2.96174,2.96174
1241,2.96174,2.96174
1242,3.03094,3.03094
1243,3.03094,3.03094
1244,3.03094,3.03094
1245,3.03094,3.03094
1246,3.03094,3.03094
1247,3.03094,3.03094
1248,3.03094,3.03094
1249,3.03094,3.03094
1250,3.03094,3.03094
1251,2.98894,2.98894
1252,2.98894,2.98894
1253,2.98894,2.98894
1254,2.98894,2.98894
1255,2.98894,2.98894
1256,2.98894,2.98894
1257,2.98894,2.98894
1258,2.98894,2.98894
1259,3.04192,3.04192
1260,3.04192,3.04192
1261,3.04192,3.04192
1262,3.04192,3.04192
1263,3.04192,3.04192
1264,3.04192,3.04192
1265,3.04192,3.04192
1266,3.04192,3.04192
1267,3.04192,3.04192
1268,3.04192,3.04192
1269,3.02448,3.02448
1270,3.02448,3.02448
1271,3.02448,3.02448
1272,3.02448,3.02448
1273,3.02448,3.02448
1274,3.02448,3.02448
1275,3.02448,3.02448
1276,3.02448,3.02448
1277,3.02448,3.02448
1278,2.96174,2.96174
1279,2.96174,2.96174
1280,2.96174,2.96174
1281,2.96174,2.96174
1282,2.96174,2.96174
1283,2.96174,2.96174
1284,2.86329,2.86329
1285,2.86329,2.86329
1286,2.86329,2.86329
1287,2.86329,2.86329
1288,2.86329,2.86329
1289,2.98894,2.98894
1290,2.98894,2.98894
1291,2.98894,2.98894
1292,2.98894,2.98894
1293,2.98894,2.98894
1294,2.98894,2.98894
1295,2.98894,2.98894
1296,3.05845,3.05845
1297,3.05845,3.05845
1298,3.05845,3.05845
1299,3.05845,3.05845
1300,3.05845,3.05845
1301,3.05845,3.05845
1302,3.05845,3.05845
1303,3.05845,3.05845
1304,3.05845,3.05845
1305,3.05845,3.05845
1306,3.05845,3.05845
1307,3.05845,3.05845
1308,2.98894,2.98894
1309,2.98894,2.98894
1310,2.98894,2.98894
1311,2.98894,2.98894
1312,2.98894,2.98894
1313,2.98894,2.98894
1314,2.98894,2.98894
1315,2.92292,2.92292
1316,2.92292,2.92292
1317,2.92292,2.92292
1318,2.92292,2.92292
1319,2.92292,2.92292
1320,2.92292,2.92292
1321,3.01724,3.01724
1322,3.01724,3.01724
1323,3.01724,3.01724
1324,3.01724,3.01724
1325,3.01724,3.01724
1326,3.01724,3.01724
1327,3.01724,3.01724
1328,3.01724,3.01724
1329,2.95624,2.95624
1330,2.95624,2.95624
1331,2.95624,2.95624
1332,2.95624,2.95624
1333,2.95624,2.95624
1334,2.95624,2.95624
1335,2.9341,2.9341
1336,2.9341,2.9341
1337,2.9341,2.9341
1338,2.9341,2.9341
1339,2.9341,2.9341
1340,2.9341,2.9341
1341,2.91479,2.91479
1342,2.91479,2.91479
1343,2.91479,2.91479
1344,2.91479,2.91479
1345,2.91479,2.91479
1346,2.91479,2.91479
1347,2.91479,2.91479
1348,2.91479,2.91479
1349,2.91479,2.91479
1350,2.91479,2.91479
1351,2.76109,2.76109
1352,2.76109,2.76109
1353,2.60117,2.60117
1354,2.48055,2.48055
1355,2.48055,2.48055
1356,2.48055,2.48055
1357,2.48055,2.48055
1358,2.48055,2.48055
1359,2.48055,2.48055
1360,2.48055,2.48055
1361,2.48055,2.48055
1362,2.48055,2.48055
1363,2.48055,2.48055
1364,2.48055,2.48055
1365,2.48055,2.48055
1366,2.48055,2.48055
1367,2.48055,2.48055
1368,2.60117,2.60117
1369,2.60117,2.60117
1370,2.76109,2.76109
1371,2.92292,2.92292
1372,2.92292,2.92292
1373,2.92292,2.92292
1374,2.92292,2.92292
1375,2.92292,2.92292
1376,2.92292,2.92292
1377,2.92292,2.92292
1378,2.92292,2.92292
1379,3.33899,-2.9442
1380,3.33899,-2.9442
1381,3.41989,-2.86329
1382,3.41989,-2.86329
1383,3.50036,-2.78282
1384,3.50036,-2.78282
1385,3.50036,-2.78282
1386,3.50036,-2.78282
1387,3.50036,-2.78282
1388,3.50036,-2.78282
1389,3.28349,-2.9997
1390,3.28349,-2.9997
1391,3.28349,-2.9997
1392,3.28349,-2.9997
1393,2.9997,2.9997
1394,2.9997,2.9997
1395,2.9997,2.9997
1396,2.9105,2.9105
1397,2.9105,2.9105
1398,2.9105,2.9105
1399,2.9105,2.9105
1400,2.9105,2.9105
1401,2.9105,2.9105
1402,2.9105,2.9105
1403,2.9105,2.9105
1404,2.9105,2.9105
1405,2.9105,2.9105
1406,2.9105,2.9105
1407,2.9105,2.9105
1408,2.9105,2.9105
1409,2.9105,2.9105
1410,2.9105,2.9105
1411,2.9105,2.9105
1412,2.9105,2.9105
1413,2.9105,2.9105
1414,2.9105,2.9105
1415,2.9105,2.9105
1416,2.9105,2.9105
1417,2.7367,2.7367
1418,2.7367,2.7367
1419,2.7367,2.7367
1420,2.7367,2.7367
1421,2.7367,2.7367
1422,2.7367,2.7367
1423,2.7367,2.7367
1424,2.79857,2.79857
1425,2.79857,2.79857
1426,2.79857,2.79857
1427,2.79857,2.79857
1428,2.79857,2.79857
1429,2.79857,2.79857
1430,2.84309,2.84309
1431,2.84309,2.84309
1432,2.84309,2.84309
1433,2.84309,2.84309
1434,2.84309,2.84309
1435,2.84309,2.84309
1436,3.04192,3.04192
1437,3.04192,3.04192
1438,3.04192,3.04192
1439,3.04192,3.04192
1440,3.04192,3.04192
1441,3.04192,3.04192
1442,3.04192,3.04192
1443,3.04192,3.04192
1444,3.04192,3.04192
1445,3.04192,3.04192
1446,2.92292,2.92292
1447,2.92292,2.92292
1448,2.92292,2.92292
1449,2.92292,2.92292
1450,2.92292,2.92292
1451,2.92292,2.92292
1452,2.97644,2.97644
1453,2.97644,2.97644
1454,2.97644,2.97644
1455,2.97644,2.97644
1456,2.97644,2.97644
1457,2.97644,2.97644
1458,2.86329,2.86329
1459,2.86329,2.86329
1460,2.86329,2.86329
1461,2.86329,2.86329
1462,2.86329,2.86329
1463,2.9442,2.9442
1464,2.9442,2.9442
1465,2.9442,2.9442
1466,2.9442,2.9442
1467,2.9442,2.9442
1468,2.83871,2.83871
1469,2.83871,2.83871
1470,2.83871,2.83871
1471,2.83871,2.83871
1472,2.83871,2.83871
1473,2.83871,2.83871
1474,2.83871,2.83871
1475,2.83871,2.83871
1476,2.8023,2.8023
1477,2.8023,2.8023
1478,2.8023,2.8023
1479,2.8023,2.8023
1480,2.8023,2.8023
1481,2.8023,2.8023
1482,2.8023,2.8023
1483,2.8023,2.8023
1484,2.8023,2.8023
1485,2.8023,2.8023
1486,2.60117,2.60117
1487,2.60117,2.60117
1488,2.60117,2.60117
1489,2.60117,2.60117
1490,2.81984,2.81984
1491,2.81984,2.81984
1492,2.81984,2.81984
1493,2.55359,2.55359
1494,2.55359,2.55359
1495,2.55359,2.55359
1496,3.00904,3.00904
1497,3.00904,3.00904
1498,3.00904,3.00904
1499,3.00904,3.00904
1500,3.00904,3.00904
1501,3.00904,3.00904
1502,3.00904,3.00904
1503,3.00904,3.00904
1504,3.05093,3.05093
1505,3.05093,3.05093
1506,3.05093,3.05093
1507,3.05093,3.05093
1508,3.05093,3.05093
1509,3.05093,3.05093
1510,3.05093,3.05093
1511,3.05093,3.05093
1512,3.05093,3.05093
1513,3.05093,3.05093
1514,3.05093,3.05093
1515,2.9105,2.9105
1516,2.9105,2.9105
1517,2.9105,2.9105
1518,2.9105,2.9105
1519,2.9105,2.9105
1520,2.9105,2.9105
1521,2.9105,2.9105
1522,2.9105,2.9105
1523,2.9105,2.9105
1524,2.9105,2.9105
1525,2.9105,2.9105
1526,2.9105,2.9105
1527,2.9105,2.9105
1528,2.9105,2.9105
1529,2.9105,2.9105
1530,2.9105,2.9105
1531,2.96174,2.96174
1532,2.96174,2.96174
1533,2.96174,2.96174
1534,2.96174,2.96174
1535,2.96174,2.96174
1536,2.96174,2.96174
1537,2.96174,2.96174
1538,2.96174,2.96174
1539,2.96174,2.96174
1540,2.96174,2.96174
1541,2.96174,2.96174
1542,2.96174,2.96174
1543,2.52134,2.52134
1544,2.52134,2.52134
1545,2.52134,2.52134
1546,2.52134,2.52134
1547,2.52134,2.52134
1548,2.46685,2.46685
1549,2.46685,2.46685
1550,2.46685,2.46685
1551,2.46685,2.46685
1552,2.46685,2.46685
1553,2.46685,2.46685
1554,2.46685,2.46685
1555,2.62245,2.62245
1556,2.62245,2.62245
1557,2.62245,2.62245
1558,2.62245,2.62245
1559,2.62245,2.62245
1560,2.62245,2.62245
1561,2.62245,2.62245
1562,2.62245,2.62245
1563,2.62245,2.62245
1564,2.62245,2.62245
1565,3.30674,-2.97644
1566,3.30674,-2.97644
1567,3.30674,-2.97644
1568,3.30674,-2.97644
1569,3.30674,-2.97644
1570,3.30674,-2.97644
1571,3.30674,-2.97644
1572,3.7296,-2.55359
1573,4.12439,-2.1588
1574,4.12439,-2.1588
1575,4.12439,-2.1588
1576,3.81633,-2.46685
1577,3.81633,-2.46685
1578,3.81633,-2.46685
1579,3.81633,-2.46685
1580,3.81633,-2.46685
1581,3.81633,-2.46685
1582,3.81633,-2.46685
1583,3.81633,-2.46685
1584,3.81633,-2.46685
1585,3.68201,-2.60117
1586,3.68201,-2.60117
1587,3.49036,-2.79282
1588,3.49036,-2.79282
1589,3.49036,-2.79282
1590,3.49036,-2.79282
1591,3.49036,-2.79282
1592,3.49036,-2.79282
1593,3.49036,-2.79282
1594,3.49036,-2.79282
1595,3.49036,-2.79282
1596,3.49036,-2.79282
1597,3.49036,-2.79282
1598,3.49036,-2.79282
1599,3.66074,-2.62245
1600,3.66074,-2.62245
1601,3.66074,-2.62245
1602,3.66074,-2.62245
1603,3.66074,-2.62245
1604,3.66074,-2.62245
1605,3.66074,-2.62245
1606,3.66074,-2.62245
1607,3.66074,-2.62245
1608,3.66074,-2.62245
1609,3.66074,-2.62245
1610,3.79729,-2.4859
1611,3.79729,-2.4859
1612,3.79729,-2.4859
1613,3.79729,-2.4859
1614,3.79729,-2.4859
1615,3.79729,-2.4859
1616,3.79729,-2.4859
1617,3.79729,-2.4859
1618,3.79729,-2.4859
1619,3.79729,-2.4859
1620,3.79729,-2.4859
1621,3.79729,-2.4859
1622,3.79729,-2.4859
1623,3.79729,-2.4859
1624,3.85022,-2.43297
1625,3.85022,-2.43297
1626,3.85022,-2.43297
1627,3.85022,-2.43297
1628,3.85022,-2.43297
1629,4.00376,-2.27942
1630,4.00376,-2.27942
1631,4.00376,-2.27942
1632,4.00376,-2.27942
1633,4.00376,-2.27942
1634,4.17197,-2.11122
1635,4.17197,-2.11122
1636,4.17197,-2.11122
1637,4.17197,-2.11122
1638,4.17197,-2.11122
1639,4.17197,-2.11122
1640,4.17197,-2.11122
1641,4.17197,-2.11122
1642,4.49372,-1.78947
1643,4.49372,-1.78947
1644,4.49372,-1.78947
1645,4.49372,-1.78947
1646,4.49372,-1.78947
1647,4.49372,-1.78947
1648,4.49372,-1.78947
1649,4.49372,-1.78947
1650,4.49372,-1.78947
1651,4.49372,-1.78947
