n,tangent,t2
0,4.87754,-1.40565
1,4.87754,-1.40565
2,4.87754,-1.40565
3,4.87754,-1.40565
4,4.87754,-1.40565
5,4.87754,-1.40565
6,4.87754,-1.40565
7,5.81954,-0.463648
8,5.81954,-0.463648
9,4.99069,-1.2925
10,4.99069,-1.2925
11,4.99069,-1.2925
12,4.99069,-1.2925
13,4.99069,-1.2925
14,4.99069,-1.2925
15,4.46741,-1.81577
16,4.46741,-1.81577
17,4.46741,-1.81577
18,4.46741,-1.81577
19,4.83674,-1.44644
20,4.83674,-1.44644
21,4.83674,-1.44644
22,4.83674,-1.44644
23,4.83674,-1.44644
24,4.83674,-1.44644
25,4.83674,-1.44644
26,4.83674,-1.44644
27,4.83674,-1.44644
28,4.83674,-1.44644
29,4.89224,-1.39094
30,4.89224,-1.39094
31,4.89224,-1.39094
32,4.92348,-1.3597
33,4.92348,-1.3597
34,4.92348,-1.3597
35,4.92348,-1.3597
36,4.92348,-1.3597
37,4.92348,-1.3597
38,4.92348,-1.3597
39,4.92348,-1.3597
40,5.92441,-0.358771
41,5.92441,-0.358771
42,5.92441,-0.358771
43,5.92441,-0.358771
44,5.92441,-0.358771
45,5.92441,-0.358771
46,5.92441,-0.358771
47,5.92441,-0.358771
48,5.92441,-0.358771
49,5.92441,-0.358771
50,5.57456,-0.708626
51,5.57456,-0.708626
52,5.57456,-0.708626
53,5.57456,-0.708626
54,5.57456,-0.708626
55,5.57456,-0.708626
56,5.57456,-0.708626
57,5.57456,-0.708626
58,5.57456,-0.708626
59,5.57456,-0.708626
60,5.57456,-0.708626
61,5.57456,-0.708626
62,5.57456,-0.708626
63,5.57456,-0.708626
64,5.57456,-0.708626
65,5.35589,-0.927295
66,5.35589,-0.927295
67,4.95737,-1.32582
68,4.95737,-1.32582
69,4.95737,-1.32582
70,4.95737,-1.32582
71,4.95737,-1.32582
72,0.463648,0.463648
73,0.463648,0.463648
74,5.92441,-0.358771
75,5.92441,-0.358771
76,5.92441,-0.358771
77,5.92441,-0.358771
78,5.92441,-0.358771
79,5.92441,-0.358771
80,5.92441,-0.358771
81,6.00489,-0.2783
82,6.00489,-0.2783
83,6.09784,-0.185348
84,6.09784,-0.185348
85,6.09784,-0.185348
86,6.09784,-0.185348
87,6.09784,-0.185348
88,6.09784,-0.185348
89,6.09784,-0.185348
90,6.09784,-0.185348
91,6.09784,-0.185348
92,6.09784,-0.185348
93,6.09784,-0.185348
94,6.09784,-0.185348
95,6.19253,-0.0906599
96,6.19253,-0.0906599
97,6.19253,-0.0906599
98,6.19253,-0.0906599
99,6.19253,-0.0906599
100,6.19253,-0.0906599
101,0.0906599,0.0906599
102,0.0906599,0.0906599
103,0.0906599,0.0906599
104,0.0906599,0.0906599
105,0.0906599,0.0906599
106,0.132552,0.132552
107,0.132552,0.132552
108,0.132552,0.132552
109,0.132552,0.132552
110,0.14889,0.14889
111,0.14889,0.14889
112,0.14889,0.14889
113,0.14889,0.14889
114,0.14889,0.14889
115,0.14889,0.14889
116,0.14889,0.14889
117,0.14889,0.14889
118,0.14889,0.14889
119,0.14889,0.14889
120,0.14889,0.14889
121,0.14889,0.14889
122,0.14889,0.14889
123,5.69518,-0.588003
124,5.69518,-0.588003
125,5.69518,-0.588003
126,5.69518,-0.588003
127,5.69518,-0.588003
128,0.165149,0.165149
129,0.165149,0.165149
130,0.165149,0.165149
131,0.165149,0.165149
132,0.165149,0.165149
133,0.165149,0.165149
134,0.165149,0.165149
135,0.165149,0.165149
136,0.165149,0.165149
137,0.165149,0.165149
138,5.81954,-0.463648
139,5.81954,-0.463648
140,5.81954,-0.463648
141,0.110657,0.110657
142,0.110657,0.110657
143,0.110657,0.110657
144,0.110657,0.110657
145,0.110657,0.110657
146,0.110657,0.110657
147,0.110657,0.110657
148,0.110657,0.110657
149,0.110657,0.110657
150,0.110657,0.110657
151,0.110657,0.110657
152,0.179853,0.179853
153,0.179853,0.179853
154,0.179853,0.179853
155,0.179853,0.179853
156,0.179853,0.179853
157,0.179853,0.179853
158,0.179853,0.179853
159,2.67795,2.67795
160,2.67795,2.67795
161,1.89255,1.89255
162,1.89255,1.89255
163,1.24905,1.24905
164,0.141897,0.141897
165,0.141897,0.141897
166,0.141897,0.141897
167,0.141897,0.141897
168,0.141897,0.141897
169,0.141897,0.141897
170,0.141897,0.141897
171,0.141897,0.141897
172,0.141897,0.141897
173,0.141897,0.141897
174,6.03821,-0.244979
175,6.03821,-0.244979
176,5.30039,-0.982794
177,5.30039,-0.982794
178,5.30039,-0.982794
179,5.69518,-0.588003
180,5.69518,-0.588003
181,0.197396,0.197396
182,0.197396,0.197396
183,0.197396,0.197396
184,0.197396,0.197396
185,0.197396,0.197396
186,0.197396,0.197396
187,0.197396,0.197396
188,0.982794,0.982794
189,0.982794,0.982794
190,0.982794,0.982794
191,0.588003,0.588003
192,0.588003,0.588003
193,5.69518,-0.588003
194,5.69518,-0.588003
195,5.69518,-0.588003
196,5.69518,-0.588003
197,5.69518,-0.588003
198,0.463648,0.463648
199,0.463648,0.463648
200,0.463648,0.463648
201,6.14129,-0.141897
202,6.14129,-0.141897
203,6.14129,-0.141897
204,6.14129,-0.141897
205,6.14129,-0.141897
206,0.124355,0.124355
207,0.124355,0.124355
208,0.124355,0.124355
209,0.124355,0.124355
210,0.124355,0.124355
211,0.124355,0.124355
212,0.124355,0.124355
213,0.124355,0.124355
214,0.124355,0.124355
215,0.124355,0.124355
216,0.124355,0.124355
217,0.124355,0.124355
218,0.179853,0.179853
219,0.179853,0.179853
220,0.179853,0.179853
221,0.179853,0.179853
222,0.179853,0.179853
223,0.179853,0.179853
224,0.179853,0.179853
225,0.179853,0.179853
226,5.81954,-0.463648
227,5.81954,-0.463648
228,0.197396,0.197396
229,0.197396,0.197396
230,0.197396,0.197396
231,0.197396,0.197396
232,0.197396,0.197396
233,0.197396,0.197396
234,0.197396,0.197396
235,0.197396,0.197396
236,0.197396,0.197396
237,5.81954,-0.463648
238,5.81954,-0.463648
239,5.81954,-0.463648
240,5.81954,-0.463648
241,5.17604,-1.10715
242,5.17604,-1.10715
243,6.17253,-0.110657
244,6.17253,-0.110657
245,6.17253,-0.110657
246,6.17253,-0.110657
247,6.17253,-0.110657
248,0.110657,0.110657
249,0.110657,0.110657
250,0.110657,0.110657
251,0.110657,0.110657
252,0.588003,0.588003
253,0.982794,0.982794
254,1.24905,1.24905
255,1.24905,1.24905
256,1.24905,1.24905
257,0.982794,0.982794
258,0.54042,0.54042
259,0.54042,0.54042
260,0.54042,0.54042
261,0.54042,0.54042
262,0.54042,0.54042
263,6.14129,-0.141897
264,6.14129,-0.141897
265,6.14129,-0.141897
266,6.14129,-0.141897
267,6.14129,-0.141897
268,6.14129,-0.141897
269,0.141897,0.141897
270,0.141897,0.141897
271,0.141897,0.141897
272,0.588003,0.588003
273,0.588003,0.588003
274,0.588003,0.588003
275,0.321751,0.321751
276,0.321751,0.321751
277,5.96143,-0.321751
278,5.96143,-0.321751
279,5.96143,-0.321751
280,5.96143,-0.321751
281,0.321751,0.321751
282,0.588003,0.588003
283,0.588003,0.588003
284,0.588003,0.588003
285,0.588003,0.588003
286,6.19253,-0.0906599
287,6.19253,-0.0906599
288,6.19253,-0.0906599
289,6.19253,-0.0906599
290,6.19253,-0.0906599
291,6.19253,-0.0906599
292,6.19253,-0.0906599
293,6.19253,-0.0906599
294,0.0906599,0.0906599
295,0.0906599,0.0906599
296,0.0906599,0.0906599
297,0.0906599,0.0906599
298,0.0906599,0.0906599
299,0.0906599,0.0906599
300,0.0906599,0.0906599
301,0.0906599,0.0906599
302,6.25993,-0.0232516
303,6.25993,-0.0232516
304,6.25993,-0.0232516
305,6.25993,-0.0232516
306,6.25993,-0.0232516
307,6.25993,-0.0232516
308,6.25993,-0.0232516
309,6.25993,-0.0232516
310,6.25993,-0.0232516
311,6.25993,-0.0232516
312,6.25993,-0.0232516
313,6.25993,-0.0232516
314,6.25993,-0.0232516
315,6.25993,-0.0232516
316,6.25993,-0.0232516
317,6.25993,-0.0232516
318,6.25993,-0.0232516
319,6.25993,-0.0232516
320,6.25993,-0.0232516
321,6.25993,-0.0232516
322,6.25993,-0.0232516
323,6.25993,-0.0232516
324,6.25993,-0.0232516
325,6.25993,-0.0232516
326,6.25993,-0.0232516
327,6.25993,-0.0232516
328,6.25993,-0.0232516
329,6.25993,-0.0232516
330,6.25993,-0.0232516
331,6.25993,-0.0232516
332,6.25993,-0.0232516
333,6.25993,-0.0232516
334,6.25993,-0.0232516
335,6.25993,-0.0232516
336,6.25993,-0.0232516
337,6.25993,-0.0232516
338,6.25993,-0.0232516
339,6.25993,-0.0232516
340,6.25993,-0.0232516
341,6.25993,-0.0232516
342,6.25993,-0.0232516
343,6.25993,-0.0232516
344,6.25993,-0.0232516
345,6.25993,-0.0232516
346,6.25993,-0.0232516
347,6.25993,-0.0232516
348,6.25993,-0.0232516
349,6.25993,-0.0232516
350,6.25993,-0.0232516
351,0.197396,0.197396
352,0.197396,0.197396
353,0.197396,0.197396
354,0.197396,0.197396
355,0.197396,0.197396
356,6.14129,-0.141897
357,6.14129,-0.141897
358,6.14129,-0.141897
359,6.14129,-0.141897
360,6.14129,-0.141897
361,6.14129,-0.141897
362,6.14129,-0.141897
363,6.14129,-0.141897
364,6.14129,-0.141897
365,6.14129,-0.141897
366,6.10333,-0.179853
367,6.10333,-0.179853
368,6.10333,-0.179853
369,6.10333,-0.179853
370,6.10333,-0.179853
371,6.10333,-0.179853
372,5.25281,-1.03038
373,5.25281,-1.03038
374,5.25281,-1.03038
375,5.25281,-1.03038
376,5.25281,-1.03038
377,5.35589,-0.927295
378,5.35589,-0.927295
379,5.35589,-0.927295
380,5.35589,-0.927295
381,5.35589,-0.927295
382,5.25281,-1.03038
383,5.25281,-1.03038
384,5.0929,-1.19029
385,4.95737,-1.32582
386,4.95737,-1.32582
387,4.95737,-1.32582
388,4.95737,-1.32582
389,5.0929,-1.19029
390,5.0929,-1.19029
391,5.0929,-1.19029
392,6.12658,-0.156602
393,6.12658,-0.156602
394,6.12658,-0.156602
395,6.12658,-0.156602
396,6.12658,-0.156602
397,6.12658,-0.156602
398,6.12658,-0.156602
399,6.12658,-0.156602
400,6.12658,-0.156602
401,6.12658,-0.156602
402,6.12658,-0.156602
403,6.12658,-0.156602
404,6.12658,-0.156602
405,6.12658,-0.156602
406,6.21188,-0.0713075
407,6.21188,-0.0713075
408,6.21188,-0.0713075
409,6.21188,-0.0713075
410,6.21188,-0.0713075
411,6.21188,-0.0713075
412,6.21188,-0.0713075
413,6.21188,-0.0713075
414,6.21188,-0.0713075
415,6.21188,-0.0713075
416,6.21188,-0.0713075
417,6.21188,-0.0713075
418,6.21188,-0.0713075
419,6.21188,-0.0713075
420,6.06452,-0.218669
421,6.06452,-0.218669
422,6.06452,-0.218669
423,6.01693,-0.266252
424,6.01693,-0.266252
425,6.01693,-0.266252
426,6.01693,-0.266252
427,6.01693,-0.266252
428,6.01693,-0.266252
429,5.69518,-0.588003
430,5.30039,-0.982794
431,5.30039,-0.982794
432,5.30039,-0.982794
433,5.30039,-0.982794
434,5.30039,-0.982794
435,5.30039,-0.982794
436,0.643501,0.643501
437,0.643501,0.643501
438,0.643501,0.643501
439,0.643501,0.643501
440,0.643501,0.643501
441,0.110657,0.110657
442,0.110657,0.110657
443,0.110657,0.110657
444,0.110657,0.110657
445,0.110657,0.110657
446,6.17253,-0.110657
447,6.17253,-0.110657
448,6.17253,-0.110657
449,6.17253,-0.110657
450,5.35589,-0.927295
451,5.35589,-0.927295
452,5.35589,-0.927295
453,5.35589,-0.927295
454,5.63968,-0.643501
455,5.63968,-0.643501
456,5.63968,-0.643501
457,0.463648,0.463648
458,1.10715,1.10715
459,1.10715,1.10715
460,0.463648,0.463648
461,6.00489,-0.2783
462,6.00489,-0.2783
463,6.00489,-0.2783
464,6.00489,-0.2783
465,6.00489,-0.2783
466,6.00489,-0.2783
467,6.10851,-0.174672
468,6.10851,-0.174672
469,6.10851,-0.174672
470,6.10851,-0.174672
471,6.10851,-0.174672
472,6.10851,-0.174672
473,6.10851,-0.174672
474,6.10851,-0.174672
475,6.10851,-0.174672
476,6.10851,-0.174672
477,6.10851,-0.174672
478,6.10851,-0.174672
479,6.10851,-0.174672
480,6.10851,-0.174672
481,6.10851,-0.174672
482,6.10851,-0.174672
483,6.10851,-0.174672
484,6.10851,-0.174672
485,6.10851,-0.174672
486,6.06452,-0.218669
487,6.06452,-0.218669
488,6.06452,-0.218669
489,6.06452,-0.218669
490,6.06452,-0.218669
491,6.06452,-0.218669
492,6.18352,-0.0996687
493,6.18352,-0.0996687
494,6.18352,-0.0996687
495,6.18352,-0.0996687
496,6.18352,-0.0996687
497,0.0996687,0.0996687
498,0.0996687,0.0996687
499,0.0996687,0.0996687
500,0.0996687,0.0996687
501,0.0996687,0.0996687
502,1.10715,1.10715
503,1.10715,1.10715
504,1.10715,1.10715
505,1.10715,1.10715
506,1.10715,1.10715
507,1.10715,1.10715
508,5.30039,-0.982794
509,5.30039,-0.982794
510,5.03414,-1.24905
511,5.03414,-1.24905
512,5.03414,-1.24905
513,5.30039,-0.982794
514,5.69518,-0.588003
515,5.96143,-0.321751
516,5.96143,-0.321751
517,5.96143,-0.321751
518,5.63968,-0.643501
519,5.63968,-0.643501
520,5.63968,-0.643501
521,5.63968,-0.643501
522,5.63968,-0.643501
523,5.96143,-0.321751
524,5.96143,-0.321751
525,5.96143,-0.321751
526,5.35589,-0.927295
527,5.35589,-0.927295
528,5.35589,-0.927295
529,5.35589,-0.927295
530,5.63968,-0.643501
531,5.63968,-0.643501
532,5.96143,-0.321751
533,5.96143,-0.321751
534,0.321751,0.321751
535,0.321751,0.321751
536,0.321751,0.321751
537,0.321751,0.321751
538,5.90268,-0.380506
539,5.90268,-0.380506
540,5.90268,-0.380506
541,5.74277,-0.54042
542,5.63968,-0.643501
543,5.63968,-0.643501
544,5.63968,-0.643501
545,5.63968,-0.643501
546,5.63968,-0.643501
547,5.96143,-0.321751
548,5.96143,-0.321751
549,5.96143,-0.321751
550,5.57456,-0.708626
551,5.57456,-0.708626
552,5.57456,-0.708626
553,5.57456,-0.708626
554,5.57456,-0.708626
555,5.42102,-0.86217
556,5.42102,-0.86217
557,5.42102,-0.86217
558,5.42102,-0.86217
559,5.42102,-0.86217
560,5.03414,-1.24905
561,5.03414,-1.24905
562,5.03414,-1.24905
563,5.30039,-0.982794
564,5.30039,-0.982794
565,5.30039,-0.982794
566,5.0929,-1.19029
567,5.0929,-1.19029
568,5.0929,-1.19029
569,5.0929,-1.19029
570,5.0929,-1.19029
571,5.0929,-1.19029
572,5.0929,-1.19029
573,4.95737,-1.32582
574,4.95737,-1.32582
575,4.95737,-1.32582
576,4.95737,-1.32582
577,5.35589,-0.927295
578,5.35589,-0.927295
579,5.35589,-0.927295
580,5.35589,-0.927295
581,5.35589,-0.927295
582,4.95737,-1.32582
583,4.95737,-1.32582
584,4.95737,-1.32582
585,4.95737,-1.32582
586,5.11728,-1.1659
587,5.11728,-1.1659
588,5.11728,-1.1659
589,5.23154,-1.05165
590,5.23154,-1.05165
591,5.23154,-1.05165
592,5.27099,-1.0122
593,5.27099,-1.0122
594,5.27099,-1.0122
595,5.33264,-0.950547
596,5.33264,-0.950547
597,5.33264,-0.950547
598,5.33264,-0.950547
599,5.33264,-0.950547
600,5.33264,-0.950547
601,5.33264,-0.950547
602,5.03414,-1.24905
603,5.03414,-1.24905
604,5.03414,-1.24905
605,5.43903,-0.844154
606,5.43903,-0.844154
607,5.43903,-0.844154
608,5.43903,-0.844154
609,5.43903,-0.844154
610,5.43903,-0.844154
611,5.43903,-0.844154
612,5.43903,-0.844154
613,5.43903,-0.844154
614,5.43903,-0.844154
615,5.43903,-0.844154
616,5.43903,-0.844154
617,5.43903,-0.844154
618,5.43903,-0.844154
619,5.43903,-0.844154
620,5.43903,-0.844154
621,5.43903,-0.844154
622,5.96143,-0.321751
623,5.96143,-0.321751
624,5.96143,-0.321751
625,5.66294,-0.620249
626,5.66294,-0.620249
627,5.66294,-0.620249
628,5.66294,-0.620249
629,5.66294,-0.620249
630,5.58845,-0.694738
631,5.58845,-0.694738
632,5.58845,-0.694738
633,5.58845,-0.694738
634,5.40713,-0.876058
635,5.40713,-0.876058
636,5.40713,-0.876058
637,5.40713,-0.876058
638,5.40713,-0.876058
639,5.40713,-0.876058
640,6.17253,-0.110657
641,6.17253,-0.110657
642,6.17253,-0.110657
643,6.17253,-0.110657
644,6.17253,-0.110657
645,6.17253,-0.110657
646,6.17253,-0.110657
647,6.17253,-0.110657
648,6.17253,-0.110657
649,5.90268,-0.380506
650,5.90268,-0.380506
651,5.72459,-0.558599
652,5.72459,-0.558599
653,5.72459,-0.558599
654,5.72459,-0.558599
655,5.66294,-0.620249
656,5.66294,-0.620249
657,5.66294,-0.620249
658,5.66294,-0.620249
659,5.66294,-0.620249
660,5.66294,-0.620249
661,5.66294,-0.620249
662,5.96143,-0.321751
663,5.96143,-0.321751
664,0.165149,0.165149
665,0.165149,0.165149
666,0.165149,0.165149
667,0.165149,0.165149
668,0.165149,0.165149
669,6.11804,-0.165149
670,6.11804,-0.165149
671,6.11804,-0.165149
672,5.90268,-0.380506
673,5.90268,-0.380506
674,5.90268,-0.380506
675,5.90268,-0.380506
676,6.06452,-0.218669
677,6.06452,-0.218669
678,6.06452,-0.218669
679,6.06452,-0.218669
680,6.06452,-0.218669
681,6.18823,-0.0949517
682,6.18823,-0.0949517
683,6.18823,-0.0949517
684,6.18823,-0.0949517
685,6.18823,-0.0949517
686,6.18823,-0.0949517
687,6.18823,-0.0949517
688,6.18823,-0.0949517
689,6.18823,-0.0949517
690,6.18823,-0.0949517
691,6.18823,-0.0949517
692,6.20641,-0.0767719
693,6.20641,-0.0767719
694,6.20641,-0.0767719
695,6.20641,-0.0767719
696,6.20641,-0.0767719
697,6.20641,-0.0767719
698,6.20641,-0.0767719
699,6.20641,-0.0767719
700,6.20641,-0.0767719
701,6.20641,-0.0767719
702,6.20641,-0.0767719
703,6.20641,-0.0767719
704,6.20641,-0.0767719
705,5.69518,-0.588003
706,5.25281,-1.03038
707,5.25281,-1.03038
708,5.25281,-1.03038
709,5.25281,-1.03038
710,5.25281,-1.03038
711,5.25281,-1.03038
712,5.25281,-1.03038
713,5.25281,-1.03038
714,5.25281,-1.03038
715,4.90978,-1.3734
716,4.90978,-1.3734
717,4.90978,-1.3734
718,4.90978,-1.3734
719,4.90978,-1.3734
720,6.03821,-0.244979
721,6.03821,-0.244979
722,0.197396,0.197396
723,0.197396,0.197396
724,0.197396,0.197396
725,0.197396,0.197396
726,0.197396,0.197396
727,0.197396,0.197396
728,0.197396,0.197396
729,0.197396,0.197396
730,0.588003,0.588003
731,1.03038,1.03038
732,1.03038,1.03038
733,1.03038,1.03038
734,1.03038,1.03038
735,1.03038,1.03038
736,2.03444,2.03444
737,2.03444,2.03444
738,2.03444,2.03444
739,0.982794,0.982794
740,0.982794,0.982794
741,0.982794,0.982794
742,0.982794,0.982794
743,1.32582,1.32582
744,1.32582,1.32582
745,1.32582,1.32582
746,1.32582,1.32582
747,0.982794,0.982794
748,0.588003,0.588003
749,0.380506,0.380506
750,0.380506,0.380506
751,0.380506,0.380506
752,0.380506,0.380506
753,0.380506,0.380506
754,0.380506,0.380506
755,0.380506,0.380506
756,0.197396,0.197396
757,0.197396,0.197396
758,0.197396,0.197396
759,0.197396,0.197396
760,0.197396,0.197396
761,0.291457,0.291457
762,0.291457,0.291457
763,0.291457,0.291457
764,0.291457,0.291457
765,0.291457,0.291457
766,0.291457,0.291457
767,0.291457,0.291457
768,0.291457,0.291457
769,0.291457,0.291457
770,0.165149,0.165149
771,0.165149,0.165149
772,0.165149,0.165149
773,0.165149,0.165149
774,0.165149,0.165149
775,0.165149,0.165149
776,0.588003,0.588003
777,0.588003,0.588003
778,0.588003,0.588003
779,0.588003,0.588003
780,0.588003,0.588003
781,1.4289,1.4289
782,1.4289,1.4289
783,1.4289,1.4289
784,1.4289,1.4289
785,1.4289,1.4289
786,1.4289,1.4289
787,1.4289,1.4289
788,0.2783,0.2783
789,0.2783,0.2783
790,0.2783,0.2783
791,0.2783,0.2783
792,0.2783,0.2783
793,0.2783,0.2783
794,0.2783,0.2783
795,0.2783,0.2783
796,0.2783,0.2783
797,0.2783,0.2783
798,0.358771,0.358771
799,0.358771,0.358771
800,0.358771,0.358771
801,0.358771,0.358771
802,0.358771,0.358771
803,0.358771,0.358771
804,0.358771,0.358771
805,0.358771,0.358771
806,0.358771,0.358771
807,0.358771,0.358771
808,0.358771,0.358771
809,0.358771,0.358771
810,0.358771,0.358771
811,0.358771,0.358771
812,0.358771,0.358771
813,0.54042,0.54042
814,0.54042,0.54042
815,0.54042,0.54042
816,0.54042,0.54042
817,0.244979,0.244979
818,0.244979,0.244979
819,0.244979,0.244979
820,0.244979,0.244979
821,0.588003,0.588003
822,0.588003,0.588003
823,0.588003,0.588003
824,0.266252,0.266252
825,0.266252,0.266252
826,0.266252,0.266252
827,0.266252,0.266252
828,0.266252,0.266252
829,0.266252,0.266252
830,0.266252,0.266252
831,0.266252,0.266252
832,0.266252,0.266252
833,0.266252,0.266252
834,0.266252,0.266252
835,0.266252,0.266252
836,0.266252,0.266252
837,0.588003,0.588003
838,0.588003,0.588003
839,0.588003,0.588003
840,0.404892,0.404892
841,0.404892,0.404892
842,0.404892,0.404892
843,0.404892,0.404892
844,0.404892,0.404892
845,0.404892,0.404892
846,0.519146,0.519146
847,0.519146,0.519146
848,0.519146,0.519146
849,0.558599,0.558599
850,0.558599,0.558599
851,0.558599,0.558599
852,0.620249,0.620249
853,0.620249,0.620249
854,0.620249,0.620249
855,0.620249,0.620249
856,0.620249,0.620249
857,0.620249,0.620249
858,0.620249,0.620249
859,0.54042,0.54042
860,0.54042,0.54042
861,0.54042,0.54042
862,0.54042,0.54042
863,0.54042,0.54042
864,0.54042,0.54042
865,0.54042,0.54042
866,0.54042,0.54042
867,0.54042,0.54042
868,0.54042,0.54042
869,0.876058,0.876058
870,0.876058,0.876058
871,0.876058,0.876058
872,0.876058,0.876058
873,0.876058,0.876058
874,0.876058,0.876058
875,0.876058,0.876058
876,0.876058,0.876058
877,0.876058,0.876058
878,0.876058,0.876058
879,0.876058,0.876058
880,0.876058,0.876058
881,0.876058,0.876058
882,0.876058,0.876058
883,0.876058,0.876058
884,0.876058,0.876058
885,0.674741,0.674741
886,0.674741,0.674741
887,0.674741,0.674741
888,0.674741,0.674741
889,0.674741,0.674741
890,0.837981,0.837981
891,0.837981,0.837981
892,0.837981,0.837981
893,0.837981,0.837981
894,0.837981,0.837981
895,0.837981,0.837981
896,0.837981,0.837981
897,0.837981,0.837981
898,0.837981,0.837981
899,0.837981,0.837981
900,0.837981,0.837981
901,0.837981,0.837981
902,0.837981,0.837981
903,0.837981,0.837981
904,0.837981,0.837981
905,0.837981,0.837981
906,0.837981,0.837981
907,0.837981,0.837981
908,0.837981,0.837981
909,1.0637,1.0637
910,1.0637,1.0637
911,1.0637,1.0637
912,1.0637,1.0637
913,1.0637,1.0637
914,1.15257,1.15257
915,1.15257,1.15257
916,1.15257,1.15257
917,1.15257,1.15257
918,1.40565,1.40565
919,1.40565,1.40565
920,1.40565,1.40565
921,1.73595,1.73595
922,1.73595,1.73595
923,1.73595,1.73595
924,1.73595,1.73595
925,1.73595,1.73595
926,1.73595,1.73595
927,1.2925,1.2925
928,1.2925,1.2925
929,1.2925,1.2925
930,1.2925,1.2925
931,1.2925,1.2925
932,1.2925,1.2925
933,1.2925,1.2925
934,1.2925,1.2925
935,1.81577,1.81577
936,1.81577,1.81577
937,1.9513,1.9513
938,1.9513,1.9513
939,2.11122,2.11122
940,2.11122,2.11122
941,2.11122,2.11122
942,2.11122,2.11122
943,2.11122,2.11122
944,1.32582,1.32582
945,1.32582,1.32582
946,1.32582,1.32582
947,1.8491,1.8491
948,1.8491,1.8491
949,1.8491,1.8491
950,1.8491,1.8491
951,1.8491,1.8491
952,1.8491,1.8491
953,2.1588,2.1588
954,2.1588,2.1588
955,2.1588,2.1588
956,1.97569,1.97569
957,1.97569,1.97569
958,1.97569,1.97569
959,1.97569,1.97569
960,1.97569,1.97569
961,1.97569,1.97569
962,2.08994,2.08994
963,2.08994,2.08994
964,2.08994,2.08994
965,2.1294,2.1294
966,2.1294,2.1294
967,2.1294,2.1294
968,2.19959,2.19959
969,2.19959,2.19959
970,2.19959,2.19959
971,2.19959,2.19959
972,2.19959,2.19959
973,2.19959,2.19959
974,2.23184,2.23184
975,2.23184,2.23184
976,2.23184,2.23184
977,2.23184,2.23184
978,2.23184,2.23184
979,2.23184,2.23184
980,2.23184,2.23184
981,2.23184,2.23184
982,2.23184,2.23184
983,2.23184,2.23184
984,2.23184,2.23184
985,2.23184,2.23184
986,2.67795,2.67795
987,2.67795,2.67795
988,2.03444,2.03444
989,2.03444,2.03444
990,2.89661,2.89661
991,2.89661,2.89661
992,2.89661,2.89661
993,2.89661,2.89661
994,2.55359,2.55359
995,2.1588,2.1588
996,2.1588,2.1588
997,2.1588,2.1588
998,2.1588,2.1588
999,2.60117,2.60117
1000,2.60117,2.60117
1001,2.60117,2.60117
1002,2.76109,2.76109
1003,2.76109,2.76109
1004,2.76109,2.76109
1005,2.76109,2.76109
1006,2.76109,2.76109
1007,2.76109,2.76109
1008,2.60117,2.60117
1009,2.42276,2.42276
1010,2.42276,2.42276
1011,2.42276,2.42276
1012,2.42276,2.42276
1013,2.42276,2.42276
1014,2.42276,2.42276
1015,2.28963,2.28963
1016,2.28963,2.28963
1017,2.28963,2.28963
1018,2.28963,2.28963
1019,2.28963,2.28963
1020,2.28963,2.28963
1021,2.28963,2.28963
1022,2.28963,2.28963
1023,2.67795,2.67795
1024,2.67795,2.67795
1025,1.76819,1.76819
1026,1.76819,1.76819
1027,1.76819,1.76819
1028,1.76819,1.76819
1029,1.76819,1.76819
1030,2.1588,2.1588
1031,2.1588,2.1588
1032,2.1588,2.1588
1033,1.8491,1.8491
1034,1.8491,1.8491
1035,1.8491,1.8491
1036,1.8491,1.8491
1037,1.71269,1.71269
1038,1.71269,1.71269
1039,1.71269,1.71269
1040,1.71269,1.71269
1041,1.71269,1.71269
1042,1.71269,1.71269
1043,1.71269,1.71269
1044,2.97644,2.97644
1045,2.97644,2.97644
1046,2.97644,2.97644
1047,3.30674,-2.97644
1048,3.30674,-2.97644
1049,3.30674,-2.97644
1050,3.41989,-2.86329
1051,3.41989,-2.86329
1052,3.41989,-2.86329
1053,3.41989,-2.86329
1054,3.78509,-2.49809
1055,3.78509,-2.49809
1056,4.06889,-2.2143
1057,4.06889,-2.2143
1058,4.17197,-2.11122
1059,4.17197,-2.11122
1060,4.33188,-1.9513
1061,4.33188,-1.9513
1062,4.33188,-1.9513
1063,4.33188,-1.9513
1064,3.25225,-3.03094
1065,3.25225,-3.03094
1066,3.25225,-3.03094
1067,3.25225,-3.03094
1068,3.25225,-3.03094
1069,3.03094,3.03094
1070,3.03094,3.03094
1071,3.03094,3.03094
1072,3.03094,3.03094
1073,3.03094,3.03094
1074,3.03094,3.03094
1075,3.03094,3.03094
1076,3.38657,-2.89661
1077,3.38657,-2.89661
1078,3.38657,-2.89661
1079,3.38657,-2.89661
1080,3.38657,-2.89661
1081,2.81984,2.81984
1082,2.55359,2.55359
1083,2.55359,2.55359
1084,2.55359,2.55359
1085,2.81984,2.81984
1086,2.81984,2.81984
1087,2.81984,2.81984
1088,2.55359,2.55359
1089,2.55359,2.55359
1090,2.55359,2.55359
1091,3.00904,3.00904
1092,3.00904,3.00904
1093,3.00904,3.00904
1094,3.00904,3.00904
1095,3.00904,3.00904
1096,3.00904,3.00904
1097,3.00904,3.00904
1098,3.00904,3.00904
1099,3.05093,3.05093
1100,3.05093,3.05093
1101,3.05093,3.05093
1102,3.05093,3.05093
1103,3.05093,3.05093
1104,3.05093,3.05093
1105,3.23225,-3.05093
1106,3.23225,-3.05093
1107,3.23225,-3.05093
1108,3.23225,-3.05093
1109,3.23225,-3.05093
1110,3.23225,-3.05093
1111,3.23225,-3.05093
1112,3.23225,-3.05093
1113,3.23225,-3.05093
1114,3.23225,-3.05093
1115,3.01724,3.01724
1116,3.01724,3.01724
1117,3.01724,3.01724
1118,3.01724,3.01724
1119,3.01724,3.01724
1120,3.01724,3.01724
1121,3.01724,3.01724
1122,3.01724,3.01724
1123,3.30674,-2.97644
1124,3.30674,-2.97644
1125,3.30674,-2.97644
1126,4.24874,-2.03444
1127,4.24874,-2.03444
1128,3.19418,-3.08901
1129,3.19418,-3.08901
1130,3.19418,-3.08901
1131,3.19418,-3.08901
1132,3.19418,-3.08901
1133,3.19418,-3.08901
1134,3.19418,-3.08901
1135,3.19418,-3.08901
1136,3.19418,-3.08901
1137,3.19418,-3.08901
1138,3.19418,-3.08901
1139,3.19418,-3.08901
1140,3.19418,-3.08901
1141,3.19418,-3.08901
1142,3.19418,-3.08901
1143,3.19418,-3.08901
1144,3.19418,-3.08901
1145,3.19418,-3.08901
1146,3.19418,-3.08901
1147,3.29424,-2.98894
1148,3.29424,-2.98894
1149,3.29424,-2.98894
1150,3.29424,-2.98894
1151,3.29424,-2.98894
1152,3.29424,-2.98894
1153,3.29424,-2.98894
1154,3.29424,-2.98894
1155,3.26595,-3.01724
1156,3.26595,-3.01724
1157,3.26595,-3.01724
1158,3.26595,-3.01724
1159,3.26595,-3.01724
1160,3.26595,-3.01724
1161,3.26595,-3.01724
1162,3.26595,-3.01724
1163,4.24874,-2.03444
1164,4.24874,-2.03444
1165,3.33899,-2.9442
1166,3.33899,-2.9442
1167,3.33899,-2.9442
1168,3.33899,-2.9442
1169,3.33899,-2.9442
1170,3.7296,-2.55359
1171,3.7296,-2.55359
1172,3.7296,-2.55359
1173,3.30674,-2.97644
1174,3.30674,-2.97644
1175,3.30674,-2.97644
1176,3.30674,-2.97644
1177,3.30674,-2.97644
1178,3.30674,-2.97644
1179,4.24874,-2.03444
1180,4.24874,-2.03444
1181,3.60524,-2.67795
1182,2.67795,2.67795
1183,2.67795,2.67795
1184,2.67795,2.67795
1185,3.83633,-2.44685
1186,3.83633,-2.44685
1187,3.83633,-2.44685
1188,3.83633,-2.44685
1189,3.83633,-2.44685
1190,3.83633,-2.44685
1191,3.83633,-2.44685
1192,3.83633,-2.44685
1193,3.83633,-2.44685
1194,3.46334,-2.81984
1195,3.46334,-2.81984
1196,3.46334,-2.81984
1197,3.46334,-2.81984
1198,3.46334,-2.81984
1199,3.46334,-2.81984
1200,3.46334,-2.81984
1201,3.66074,-2.62245
1202,3.66074,-2.62245
1203,3.66074,-2.62245
1204,3.66074,-2.62245
1205,3.66074,-2.62245
1206,3.66074,-2.62245
1207,3.66074,-2.62245
1208,3.66074,-2.62245
1209,3.66074,-2.62245
1210,3.66074,-2.62245
1211,3.66074,-2.62245
1212,3.78509,-2.49809
1213,3.78509,-2.49809
1214,3.78509,-2.49809
1215,3.78509,-2.49809
1216,3.78509,-2.49809
1217,3.78509,-2.49809
1218,3.78509,-2.49809
1219,3.78509,-2.49809
1220,4.12439,-2.1588
1221,4.39064,-1.89255
1222,4.39064,-1.89255
1223,4.39064,-1.89255
1224,4.01765,-2.26553
1225,4.01765,-2.26553
1226,4.01765,-2.26553
1227,4.01765,-2.26553
1228,3.83633,-2.44685
1229,3.83633,-2.44685
1230,3.83633,-2.44685
1231,3.83633,-2.44685
1232,3.83633,-2.44685
1233,3.83633,-2.44685
1234,3.83633,-2.44685
1235,3.83633,-2.44685
1236,3.83633,-2.44685
1237,3.83633,-2.44685
1238,3.83633,-2.44685
1239,3.83633,-2.44685
1240,3.83633,-2.44685
1241,3.83633,-2.44685
1242,3.83633,-2.44685
1243,3.83633,-2.44685
1244,3.83633,-2.44685
1245,3.83633,-2.44685
1246,3.83633,-2.44685
1247,3.83633,-2.44685
1248,3.83633,-2.44685
1249,3.83633,-2.44685
1250,3.83633,-2.44685
1251,2.67795,2.67795
1252,2.67795,2.67795
1253,3.7296,-2.55359
1254,3.7296,-2.55359
1255,4.12439,-2.1588
1256,4.12439,-2.1588
1257,5.17604,-1.10715
1258,5.17604,-1.10715
1259,5.17604,-1.10715
1260,3.83633,-2.44685
1261,3.83633,-2.44685
1262,3.83633,-2.44685
1263,3.83633,-2.44685
1264,3.83633,-2.44685
1265,3.83633,-2.44685
1266,3.83633,-2.44685
1267,3.83633,-2.44685
1268,3.68201,-2.60117
1269,3.68201,-2.60117
1270,3.5221,-2.76109
1271,3.2587,-3.02448
1272,3.2587,-3.02448
1273,3.2587,-3.02448
1274,3.2587,-3.02448
1275,3.2587,-3.02448
1276,3.2587,-3.02448
1277,3.2587,-3.02448
1278,3.2587,-3.02448
1279,3.2587,-3.02448
1280,3.21836,-3.06482
1281,3.21836,-3.06482
1282,3.21836,-3.06482
1283,3.21836,-3.06482
1284,3.21836,-3.06482
1285,3.21836,-3.06482
1286,3.21836,-3.06482
1287,3.06482,3.06482
1288,3.06482,3.06482
1289,3.06482,3.06482
1290,3.06482,3.06482
1291,3.06482,3.06482
1292,3.06482,3.06482
1293,2.98894,2.98894
1294,2.98894,2.98894
1295,2.98894,2.98894
1296,2.98894,2.98894
1297,2.98894,2.98894
1298,2.98894,2.98894
1299,2.98894,2.98894
1300,2.86329,2.86329
1301,2.86329,2.86329
1302,2.86329,2.86329
1303,2.86329,2.86329
1304,2.55359,2.55359
1305,2.55359,2.55359
1306,2.55359,2.55359
1307,2.89661,2.89661
1308,2.89661,2.89661
1309,3.38657,-2.89661
1310,3.38657,-2.89661
1311,3.38657,-2.89661
1312,3.38657,-2.89661
1313,3.38657,-2.89661
1314,2.85014,2.85014
1315,2.85014,2.85014
1316,2.85014,2.85014
1317,2.85014,2.85014
1318,2.85014,2.85014
1319,2.85014,2.85014
1320,2.85014,2.85014
1321,2.85014,2.85014
1322,2.85014,2.85014
1323,2.85014,2.85014
1324,2.55359,2.55359
1325,2.55359,2.55359
1326,2.55359,2.55359
1327,2.89661,2.89661
1328,2.89661,2.89661
1329,3.30674,-2.97644
1330,3.30674,-2.97644
1331,3.30674,-2.97644
1332,3.30674,-2.97644
1333,3.30674,-2.97644
1334,3.30674,-2.97644
1335,2.9694,2.9694
1336,2.9694,2.9694
1337,2.9694,2.9694
1338,2.9694,2.9694
1339,2.9694,2.9694
1340,2.9694,2.9694
1341,2.9694,2.9694
1342,2.9694,2.9694
1343,2.9694,2.9694
1344,2.9694,2.9694
1345,2.9694,2.9694
1346,2.9694,2.9694
1347,2.9694,2.9694
1348,2.9694,2.9694
1349,2.9694,2.9694
1350,2.9694,2.9694
1351,2.9694,2.9694
1352,2.9694,2.9694
1353,2.9694,2.9694
1354,2.9694,2.9694
1355,2.9694,2.9694
1356,2.9694,2.9694
1357,2.9694,2.9694
1358,2.9694,2.9694
1359,3.08609,3.08609
1360,3.08609,3.08609
1361,3.08609,3.08609
1362,3.08609,3.08609
1363,3.08609,3.08609
1364,3.08609,3.08609
1365,3.08609,3.08609
1366,3.08609,3.08609
1367,3.08609,3.08609
1368,3.08609,3.08609
1369,3.08609,3.08609
1370,3.08609,3.08609
1371,3.08609,3.08609
1372,3.08609,3.08609
1373,3.08609,3.08609
1374,3.08609,3.08609
1375,3.08609,3.08609
1376,3.08609,3.08609
1377,2.86329,2.86329
1378,2.86329,2.86329
1379,2.78282,2.78282
1380,2.78282,2.78282
1381,2.78282,2.78282
1382,2.78282,2.78282
1383,2.60117,2.60117
1384,2.60117,2.60117
1385,2.60117,2.60117
1386,2.60117,2.60117
1387,2.81984,2.81984
1388,2.81984,2.81984
1389,3.46334,-2.81984
1390,3.46334,-2.81984
1391,3.46334,-2.81984
1392,2.98894,2.98894
1393,2.98894,2.98894
1394,2.98894,2.98894
1395,2.98894,2.98894
1396,2.98894,2.98894
1397,2.98894,2.98894
1398,2.98894,2.98894
1399,2.98894,2.98894
1400,2.98894,2.98894
1401,3.04664,3.04664
1402,3.04664,3.04664
1403,3.04664,3.04664
1404,3.04664,3.04664
1405,3.04664,3.04664
1406,3.04664,3.04664
1407,3.04664,3.04664
1408,3.04664,3.04664
1409,3.04664,3.04664
1410,3.04664,3.04664
1411,3.04664,3.04664
1412,3.07029,3.07029
1413,3.07029,3.07029
1414,3.07029,3.07029
1415,3.07029,3.07029
1416,3.07029,3.07029
1417,3.07029,3.07029
1418,3.07029,3.07029
1419,3.07029,3.07029
1420,3.07029,3.07029
1421,3.07029,3.07029
1422,3.07029,3.07029
1423,3.07029,3.07029
1424,3.07029,3.07029
1425,3.07029,3.07029
1426,2.86329,2.86329
1427,2.86329,2.86329
1428,2.86329,2.86329
1429,2.86329,2.86329
1430,2.86329,2.86329
1431,3.06482,3.06482
1432,3.06482,3.06482
1433,3.06482,3.06482
1434,3.06482,3.06482
1435,3.06482,3.06482
1436,3.06482,3.06482
1437,3.06482,3.06482
1438,3.06482,3.06482
1439,3.06482,3.06482
1440,3.06482,3.06482
1441,3.06482,3.06482
1442,3.06482,3.06482
1443,3.06482,3.06482
1444,2.76109,2.76109
1445,2.76109,2.76109
1446,2.60117,2.60117
1447,2.60117,2.60117
1448,2.60117,2.60117
1449,2.60117,2.60117
1450,2.95624,2.95624
1451,2.95624,2.95624
1452,2.95624,2.95624
1453,2.95624,2.95624
1454,2.95624,2.95624
1455,2.95624,2.95624
1456,2.95624,2.95624
1457,2.95624,2.95624
1458,2.95624,2.95624
1459,2.95624,2.95624
1460,2.95624,2.95624
1461,2.95624,2.95624
1462,2.95624,2.95624
1463,2.95624,2.95624
1464,2.95624,2.95624
1465,2.95624,2.95624
1466,2.95624,2.95624
1467,2.95624,2.95624
1468,2.95624,2.95624
1469,2.95624,2.95624
1470,2.95624,2.95624
1471,2.95624,2.95624
1472,2.95624,2.95624
1473,2.95624,2.95624
1474,2.86329,2.86329
1475,2.86329,2.86329
1476,2.86329,2.86329
1477,2.86329,2.86329
1478,2.86329,2.86329
1479,3.01724,3.01724
1480,3.01724,3.01724
1481,3.01724,3.01724
1482,3.01724,3.01724
1483,3.01724,3.01724
1484,3.01724,3.01724
1485,3.01724,3.01724
1486,3.01724,3.01724
1487,2.55359,2.55359
1488,2.1588,2.1588
1489,2.1588,2.1588
1490,2.1588,2.1588
1491,2.1588,2.1588
1492,2.1588,2.1588
1493,2.1588,2.1588
1494,1.76819,1.76819
1495,1.76819,1.76819
1496,1.76819,1.76819
1497,1.76819,1.76819
1498,1.76819,1.76819
1499,1.8491,1.8491
1500,1.8491,1.8491
1501,1.8491,1.8491
1502,1.8491,1.8491
1503,1.8491,1.8491
1504,1.76819,1.76819
1505,1.76819,1.76819
1506,1.76819,1.76819
1507,1.76819,1.76819
1508,1.76819,1.76819
1509,2.1588,2.1588
1510,2.55359,2.55359
1511,2.81984,2.81984
1512,2.81984,2.81984
1513,3.46334,-2.81984
1514,3.7296,-2.55359
1515,3.7296,-2.55359
1516,3.7296,-2.55359
1517,3.36026,-2.92292
1518,3.36026,-2.92292
1519,3.36026,-2.92292
1520,3.36026,-2.92292
1521,3.36026,-2.92292
1522,3.30674,-2.97644
1523,3.30674,-2.97644
1524,3.30674,-2.97644
1525,3.30674,-2.97644
1526,3.30674,-2.97644
1527,3.30674,-2.97644
1528,4.51499,-1.76819
1529,4.51499,-1.76819
1530,4.51499,-1.76819
1531,4.90978,-1.3734
1532,4.90978,-1.3734
1533,4.90978,-1.3734
1534,4.90978,-1.3734
1535,4.90978,-1.3734
1536,4.90978,-1.3734
1537,4.51499,-1.76819
1538,4.51499,-1.76819
1539,3.46334,-2.81984
1540,3.46334,-2.81984
1541,2.87534,2.87534
1542,2.87534,2.87534
1543,2.87534,2.87534
1544,2.87534,2.87534
1545,2.87534,2.87534
1546,2.87534,2.87534
1547,2.87534,2.87534
1548,2.87534,2.87534
1549,2.87534,2.87534
1550,2.87534,2.87534
1551,2.87534,2.87534
1552,2.87534,2.87534
1553,2.87534,2.87534
1554,2.87534,2.87534
1555,2.92292,2.92292
1556,2.92292,2.92292
1557,2.9997,2.9997
1558,2.9997,2.9997
1559,2.9997,2.9997
1560,2.9997,2.9997
1561,2.9997,2.9997
1562,2.9997,2.9997
1563,2.9997,2.9997
1564,2.92292,2.92292
1565,2.92292,2.92292
1566,2.92292,2.92292
1567,2.92292,2.92292
1568,2.92292,2.92292
1569,2.7367,2.7367
1570,2.7367,2.7367
1571,2.7367,2.7367
1572,2.7367,2.7367
1573,2.7367,2.7367
1574,2.7367,2.7367
1575,2.7367,2.7367
1576,2.89661,2.89661
1577,2.89661,2.89661
1578,2.89661,2.89661
1579,2.89661,2.89661
1580,2.55359,2.55359
1581,2.1588,2.1588
1582,2.1588,2.1588
1583,2.1588,2.1588
1584,3.05845,3.05845
1585,3.05845,3.05845
1586,3.05845,3.05845
1587,3.05845,3.05845
1588,3.05845,3.05845
1589,3.05845,3.05845
1590,3.05845,3.05845
1591,3.05845,3.05845
1592,3.05845,3.05845
1593,3.05845,3.05845
1594,3.05845,3.05845
1595,3.05845,3.05845
1596,2.55359,2.55359
1597,2.55359,2.55359
1598,2.55359,2.55359
1599,2.81984,2.81984
1600,2.81984,2.81984
1601,3.46334,-2.81984
1602,3.46334,-2.81984
1603,3.46334,-2.81984
1604,2.97644,2.97644
1605,2.97644,2.97644
1606,2.97644,2.97644
1607,2.97644,2.97644
1608,2.97644,2.97644
1609,2.97644,2.97644
1610,2.97644,2.97644
1611,2.97644,2.97644
1612,2.49809,2.49809
1613,2.49809,2.49809
1614,2.49809,2.49809
1615,2.49809,2.49809
1616,2.49809,2.49809
1617,2.49809,2.49809
1618,3.60524,-2.67795
1619,3.60524,-2.67795
1620,2.76109,2.76109
1621,2.76109,2.76109
1622,2.76109,2.76109
1623,2.76109,2.76109
1624,2.76109,2.76109
1625,3.01724,3.01724
1626,3.01724,3.01724
1627,3.01724,3.01724
1628,3.01724,3.01724
1629,3.01724,3.01724
1630,3.01724,3.01724
1631,3.01724,3.01724
1632,3.01724,3.01724
1633,2.76109,2.76109
1634,2.76109,2.76109
1635,2.76109,2.76109
1636,2.76109,2.76109
1637,2.9442,2.9442
1638,2.9442,2.9442
1639,2.9442,2.9442
1640,2.9442,2.9442
1641,2.9442,2.9442
1642,2.46685,2.46685
1643,2.46685,2.46685
1644,2.46685,2.46685
1645,2.24554,2.24554
1646,2.24554,2.24554
1647,2.24554,2.24554
1648,2.24554,2.24554
1649,2.24554,2.24554
1650,2.24554,2.24554
1651,2.55359,2.55359
1652,3.01724,3.01724
1653,3.01724,3.01724
1654,3.01724,3.01724
1655,3.01724,3.01724
1656,3.26595,-3.01724
1657,3.26595,-3.01724
1658,3.26595,-3.01724
1659,3.26595,-3.01724
1660,3.26595,-3.01724
1661,3.26595,-3.01724
1662,3.26595,-3.01724
1663,2.81984,2.81984
1664,2.49809,2.49809
1665,2.49809,2.49809
1666,2.49809,2.49809
1667,2.49809,2.49809
1668,2.49809,2.49809
1669,2.81984,2.81984
1670,2.81984,2.81984
1671,3.33899,-2.9442
1672,3.33899,-2.9442
1673,3.33899,-2.9442
1674,3.33899,-2.9442
1675,3.33899,-2.9442
1676,2.92292,2.92292
1677,2.92292,2.92292
1678,2.92292,2.92292
1679,2.92292,2.92292
1680,2.92292,2.92292
1681,2.92292,2.92292
1682,2.92292,2.92292
1683,2.92292,2.92292
1684,2.92292,2.92292
1685,2.92292,2.92292
1686,2.92292,2.92292
1687,2.92292,2.92292
1688,2.92292,2.92292
1689,2.76109,2.76109
1690,2.76109,2.76109
1691,2.76109,2.76109
1692,2.76109,2.76109
1693,3.00904,3.00904
1694,3.00904,3.00904
1695,3.00904,3.00904
1696,3.00904,3.00904
1697,3.00904,3.00904
1698,3.00904,3.00904
1699,3.00904,3.00904
1700,3.00904,3.00904
1701,3.00904,3.00904
1702,3.00904,3.00904
1703,3.00904,3.00904
1704,3.00904,3.00904
1705,3.00904,3.00904
1706,3.00904,3.00904
1707,3.00904,3.00904
1708,3.00904,3.00904
1709,2.76109,2.76109
1710,2.76109,2.76109
1711,2.60117,2.60117
1712,2.60117,2.60117
1713,2.1588,2.1588
1714,1.78947,1.78947
1715,1.78947,1.78947
1716,1.78947,1.78947
1717,1.78947,1.78947
1718,1.78947,1.78947
1719,1.73595,1.73595
1720,1.73595,1.73595
1721,1.73595,1.73595
1722,1.73595,1.73595
1723,1.73595,1.73595
1724,1.73595,1.73595
1725,1.73595,1.73595
1726,1.73595,1.73595
1727,1.73595,1.73595
1728,1.73595,1.73595
1729,1.73595,1.73595
1730,1.73595,1.73595
1731,1.73595,1.73595
1732,1.8491,1.8491
1733,1.8491,1.8491
1734,1.92957,1.92957
1735,1.92957,1.92957
1736,1.92957,1.92957
1737,1.92957,1.92957
1738,1.92957,1.92957
1739,2.81984,2.81984
1740,2.81984,2.81984
1741,3.46334,-2.81984
1742,3.7296,-2.55359
1743,3.7296,-2.55359
1744,3.7296,-2.55359
1745,3.30674,-2.97644
1746,3.30674,-2.97644
1747,3.30674,-2.97644
1748,3.30674,-2.97644
1749,3.30674,-2.97644
1750,3.30674,-2.97644
1751,3.36026,-2.92292
1752,3.36026,-2.92292
1753,3.36026,-2.92292
1754,3.36026,-2.92292
1755,3.36026,-2.92292
1756,4.51499,-1.76819
1757,4.51499,-1.76819
1758,4.51499,-1.76819
1759,4.90978,-1.3734
1760,4.90978,-1.3734
1761,4.99069,-1.2925
1762,4.99069,-1.2925
1763,4.99069,-1.2925
1764,4.99069,-1.2925
1765,4.99069,-1.2925
1766,4.85429,-1.4289
1767,4.85429,-1.4289
1768,4.85429,-1.4289
1769,4.85429,-1.4289
1770,4.85429,-1.4289
1771,4.85429,-1.4289
1772,4.85429,-1.4289
1773,4.85429,-1.4289
1774,4.85429,-1.4289
1775,4.85429,-1.4289
1776,4.46741,-1.81577
1777,4.46741,-1.81577
1778,3.35269,-2.9305
1779,3.35269,-2.9305
1780,3.35269,-2.9305
1781,3.35269,-2.9305
1782,3.35269,-2.9305
1783,3.35269,-2.9305
1784,3.35269,-2.9305
1785,3.35269,-2.9305
1786,3.32145,-2.96174
1787,3.32145,-2.96174
1788,3.32145,-2.96174
1789,3.32145,-2.96174
1790,3.32145,-2.96174
1791,3.32145,-2.96174
1792,3.32145,-2.96174
1793,3.32145,-2.96174
1794,3.32145,-2.96174
1795,3.76184,-2.52134
1796,3.76184,-2.52134
1797,3.76184,-2.52134
1798,3.76184,-2.52134
1799,3.76184,-2.52134
1800,3.82732,-2.45586
1801,3.82732,-2.45586
1802,3.82732,-2.45586
1803,3.82732,-2.45586
1804,3.82732,-2.45586
1805,3.82732,-2.45586
1806,3.82732,-2.45586
1807,3.82732,-2.45586
1808,3.82732,-2.45586
1809,3.82732,-2.45586
1810,3.82732,-2.45586
1811,3.82732,-2.45586
1812,3.82732,-2.45586
1813,3.82732,-2.45586
1814,3.82732,-2.45586
1815,3.82732,-2.45586
1816,3.82732,-2.45586
1817,3.82732,-2.45586
1818,3.82732,-2.45586
1819,2.67795,2.67795
1820,2.03444,2.03444
1821,2.03444,2.03444
1822,2.89661,2.89661
1823,2.89661,2.89661
1824,3.38657,-2.89661
1825,3.38657,-2.89661
1826,3.38657,-2.89661
1827,3.38657,-2.89661
1828,3.38657,-2.89661
1829,3.38657,-2.89661
1830,3.38657,-2.89661
1831,3.7296,-2.55359
1832,3.7296,-2.55359
1833,3.7296,-2.55359
1834,3.46334,-2.81984
1835,3.46334,-2.81984
1836,3.46334,-2.81984
1837,4.54724,-1.73595
1838,4.54724,-1.73595
1839,4.54724,-1.73595
1840,4.54724,-1.73595
1841,4.54724,-1.73595
1842,4.54724,-1.73595
1843,4.54724,-1.73595
1844,4.54724,-1.73595
1845,4.54724,-1.73595
1846,4.54724,-1.73595
1847,4.54724,-1.73595
