#Grabcut execution time: 0s 347ms 347049us 
0.0000              70.5258             
1.0000              71.5819             
2.0000              71.3980             
3.0000              71.5957             
4.0000              71.7413             
5.0000              71.8601             
6.0000              71.9985             
7.0000              72.1347             
8.0000              72.1125             
9.0000              72.1020             
10.0000             72.1017             
11.0000             72.1017             
12.0000             72.1017             
13.0000             72.1017             
14.0000             72.1017             
15.0000             72.1017             
16.0000             72.1017             
17.0000             72.1017             
18.0000             72.1017             
19.0000             72.1017             
20.0000             72.1017             
21.0000             72.1017             
22.0000             72.1017             
23.0000             72.1017             
24.0000             72.1017             
25.0000             72.1017             
26.0000             72.1017             
27.0000             72.1017             
28.0000             72.1017             
29.0000             72.1017             
30.0000             72.1017             
31.0000             72.1017             
#Execution time: 46s 46395ms 46395686us 
