n,tangent,t2
0,5.11728,-1.1659
1,5.11728,-1.1659
2,5.11728,-1.1659
3,5.11728,-1.1659
4,5.11728,-1.1659
5,5.11728,-1.1659
6,5.11728,-1.1659
7,5.11728,-1.1659
8,5.11728,-1.1659
9,5.11728,-1.1659
10,5.07116,-1.21203
11,5.07116,-1.21203
12,4.99069,-1.2925
13,4.99069,-1.2925
14,4.86504,-1.41815
15,4.86504,-1.41815
16,4.86504,-1.41815
17,4.86504,-1.41815
18,4.86504,-1.41815
19,4.86504,-1.41815
20,4.86504,-1.41815
21,4.86504,-1.41815
22,4.86504,-1.41815
23,4.86504,-1.41815
24,4.86504,-1.41815
25,4.86504,-1.41815
26,4.86504,-1.41815
27,4.86504,-1.41815
28,5.01089,-1.2723
29,5.01089,-1.2723
30,5.01089,-1.2723
31,5.01089,-1.2723
32,5.01089,-1.2723
33,5.01089,-1.2723
34,5.05541,-1.22777
35,5.05541,-1.22777
36,5.05541,-1.22777
37,5.05541,-1.22777
38,5.05541,-1.22777
39,5.05541,-1.22777
40,5.11728,-1.1659
41,5.11728,-1.1659
42,5.11728,-1.1659
43,5.23154,-1.05165
44,5.23154,-1.05165
45,5.23154,-1.05165
46,5.27912,-1.00407
47,5.27912,-1.00407
48,5.27912,-1.00407
49,5.27912,-1.00407
50,5.27912,-1.00407
51,5.32311,-0.96007
52,5.32311,-0.96007
53,5.32311,-0.96007
54,5.32311,-0.96007
55,5.32311,-0.96007
56,5.48084,-0.802346
57,5.48084,-0.802346
58,5.48084,-0.802346
59,5.48084,-0.802346
60,5.48084,-0.802346
61,5.48084,-0.802346
62,5.48084,-0.802346
63,5.48084,-0.802346
64,5.48084,-0.802346
65,5.48084,-0.802346
66,5.48084,-0.802346
67,5.48084,-0.802346
68,5.48084,-0.802346
69,5.48084,-0.802346
70,5.48084,-0.802346
71,5.48084,-0.802346
72,5.48084,-0.802346
73,5.48084,-0.802346
74,5.48084,-0.802346
75,5.48084,-0.802346
76,5.48084,-0.802346
77,5.48084,-0.802346
78,5.48084,-0.802346
79,5.48084,-0.802346
80,5.48084,-0.802346
81,5.48084,-0.802346
82,5.48084,-0.802346
83,5.48084,-0.802346
84,5.51473,-0.768451
85,5.51473,-0.768451
86,5.51473,-0.768451
87,5.51473,-0.768451
88,5.51473,-0.768451
89,5.51473,-0.768451
90,5.51473,-0.768451
91,5.51473,-0.768451
92,5.51473,-0.768451
93,5.51473,-0.768451
94,5.51473,-0.768451
95,5.51473,-0.768451
96,5.51473,-0.768451
97,5.51473,-0.768451
98,5.51473,-0.768451
99,5.51473,-0.768451
100,5.51473,-0.768451
101,5.51473,-0.768451
102,5.51473,-0.768451
103,5.51473,-0.768451
104,5.51473,-0.768451
105,5.51473,-0.768451
106,5.51473,-0.768451
107,5.51473,-0.768451
108,5.51473,-0.768451
109,5.51473,-0.768451
110,5.51473,-0.768451
111,5.51473,-0.768451
112,5.66294,-0.620249
113,5.66294,-0.620249
114,5.66294,-0.620249
115,5.66294,-0.620249
116,5.66294,-0.620249
117,5.66294,-0.620249
118,5.66294,-0.620249
119,5.55654,-0.726642
120,5.55654,-0.726642
121,5.55654,-0.726642
122,5.55654,-0.726642
123,5.55654,-0.726642
124,5.55654,-0.726642
125,5.55654,-0.726642
126,5.55654,-0.726642
127,5.55654,-0.726642
128,5.55654,-0.726642
129,5.55654,-0.726642
130,5.55654,-0.726642
131,5.55654,-0.726642
132,5.55654,-0.726642
133,5.55654,-0.726642
134,5.75511,-0.528074
135,5.75511,-0.528074
136,5.75511,-0.528074
137,5.75511,-0.528074
138,5.75511,-0.528074
139,5.75511,-0.528074
140,5.75511,-0.528074
141,5.75511,-0.528074
142,5.75511,-0.528074
143,5.75511,-0.528074
144,5.75511,-0.528074
145,5.82934,-0.453844
146,5.82934,-0.453844
147,5.82934,-0.453844
148,5.82934,-0.453844
149,5.82934,-0.453844
150,5.82934,-0.453844
151,5.82934,-0.453844
152,5.82934,-0.453844
153,5.82934,-0.453844
154,5.82934,-0.453844
155,5.82934,-0.453844
156,5.82934,-0.453844
157,5.82934,-0.453844
158,5.82934,-0.453844
159,5.82934,-0.453844
160,5.82934,-0.453844
161,5.82934,-0.453844
162,5.82934,-0.453844
163,5.82934,-0.453844
164,5.82934,-0.453844
165,5.82934,-0.453844
166,5.82934,-0.453844
167,5.82934,-0.453844
168,5.82934,-0.453844
169,5.82934,-0.453844
170,5.82934,-0.453844
171,5.82934,-0.453844
172,5.82934,-0.453844
173,5.82934,-0.453844
174,5.82934,-0.453844
175,5.82934,-0.453844
176,5.82934,-0.453844
177,5.82934,-0.453844
178,5.82934,-0.453844
179,5.82934,-0.453844
180,5.82934,-0.453844
181,5.82934,-0.453844
182,5.82934,-0.453844
183,5.82934,-0.453844
184,5.82934,-0.453844
185,5.82934,-0.453844
186,5.82934,-0.453844
187,5.82934,-0.453844
188,5.82934,-0.453844
189,5.82934,-0.453844
190,5.82934,-0.453844
191,5.82934,-0.453844
192,5.82934,-0.453844
193,5.82934,-0.453844
194,5.82934,-0.453844
195,5.82934,-0.453844
196,5.82934,-0.453844
197,5.82934,-0.453844
198,5.82934,-0.453844
199,5.82934,-0.453844
200,5.82934,-0.453844
201,5.82934,-0.453844
202,5.82934,-0.453844
203,5.82934,-0.453844
204,5.82934,-0.453844
205,5.82934,-0.453844
206,5.82934,-0.453844
207,5.82934,-0.453844
208,5.82934,-0.453844
209,5.86033,-0.422854
210,5.86033,-0.422854
211,5.86033,-0.422854
212,5.86033,-0.422854
213,5.86033,-0.422854
214,5.86033,-0.422854
215,5.86033,-0.422854
216,5.86033,-0.422854
217,5.86033,-0.422854
218,5.86033,-0.422854
219,5.86033,-0.422854
220,5.86033,-0.422854
221,5.86033,-0.422854
222,5.92441,-0.358771
223,5.92441,-0.358771
224,6.00489,-0.2783
225,6.00489,-0.2783
226,6.00489,-0.2783
227,6.00489,-0.2783
228,6.00489,-0.2783
229,6.00489,-0.2783
230,6.00489,-0.2783
231,6.00489,-0.2783
232,6.00489,-0.2783
233,6.00489,-0.2783
234,6.00489,-0.2783
235,6.06452,-0.218669
236,6.06452,-0.218669
237,6.06452,-0.218669
238,6.06452,-0.218669
239,6.06452,-0.218669
240,6.06452,-0.218669
241,6.06452,-0.218669
242,6.06452,-0.218669
243,6.06452,-0.218669
244,6.06452,-0.218669
245,5.94016,-0.343024
246,5.94016,-0.343024
247,5.94016,-0.343024
248,5.94016,-0.343024
249,5.94016,-0.343024
250,5.94016,-0.343024
251,5.94016,-0.343024
252,5.94016,-0.343024
253,5.94016,-0.343024
254,5.94016,-0.343024
255,5.98469,-0.298499
256,5.98469,-0.298499
257,5.98469,-0.298499
258,5.98469,-0.298499
259,5.98469,-0.298499
260,5.98469,-0.298499
261,5.99713,-0.286051
262,5.99713,-0.286051
263,5.99713,-0.286051
264,5.99713,-0.286051
265,5.99713,-0.286051
266,6.01402,-0.269167
267,6.01402,-0.269167
268,6.01402,-0.269167
269,6.01402,-0.269167
270,6.01402,-0.269167
271,6.01402,-0.269167
272,6.01402,-0.269167
273,6.01402,-0.269167
274,6.01402,-0.269167
275,6.01402,-0.269167
276,6.01402,-0.269167
277,6.01402,-0.269167
278,6.01402,-0.269167
279,6.01402,-0.269167
280,6.01402,-0.269167
281,6.01402,-0.269167
282,6.01402,-0.269167
283,6.01402,-0.269167
284,6.01402,-0.269167
285,6.01402,-0.269167
286,6.01402,-0.269167
287,6.06452,-0.218669
288,6.06452,-0.218669
289,6.11804,-0.165149
290,6.11804,-0.165149
291,6.11804,-0.165149
292,6.11804,-0.165149
293,6.11804,-0.165149
294,6.11804,-0.165149
295,6.00489,-0.2783
296,6.00489,-0.2783
297,6.00489,-0.2783
298,6.00489,-0.2783
299,6.00489,-0.2783
300,6.10333,-0.179853
301,6.10333,-0.179853
302,6.10333,-0.179853
303,6.10333,-0.179853
304,6.10333,-0.179853
305,6.10333,-0.179853
306,6.24474,-0.0384426
307,6.24474,-0.0384426
308,6.24474,-0.0384426
309,6.24474,-0.0384426
310,6.24474,-0.0384426
311,6.24474,-0.0384426
312,6.24474,-0.0384426
313,6.24474,-0.0384426
314,6.24474,-0.0384426
315,6.24474,-0.0384426
316,6.24474,-0.0384426
317,6.24474,-0.0384426
318,6.24474,-0.0384426
319,6.24474,-0.0384426
320,6.24474,-0.0384426
321,6.24474,-0.0384426
322,6.24474,-0.0384426
323,6.24474,-0.0384426
324,6.24474,-0.0384426
325,6.24474,-0.0384426
326,6.24474,-0.0384426
327,6.24474,-0.0384426
328,6.24474,-0.0384426
329,6.24474,-0.0384426
330,6.24474,-0.0384426
331,6.24474,-0.0384426
332,6.24474,-0.0384426
333,6.24474,-0.0384426
334,6.24474,-0.0384426
335,6.24474,-0.0384426
336,6.24474,-0.0384426
337,6.24474,-0.0384426
338,0.110657,0.110657
339,0.110657,0.110657
340,0.110657,0.110657
341,0.110657,0.110657
342,0.110657,0.110657
343,0.110657,0.110657
344,0.110657,0.110657
345,0.110657,0.110657
346,0.110657,0.110657
347,6.14129,-0.141897
348,6.14129,-0.141897
349,6.14129,-0.141897
350,6.06452,-0.218669
351,6.06452,-0.218669
352,6.06452,-0.218669
353,6.06452,-0.218669
354,6.06452,-0.218669
355,6.06452,-0.218669
356,6.25195,-0.0312398
357,6.25195,-0.0312398
358,6.25195,-0.0312398
359,6.25195,-0.0312398
360,6.25195,-0.0312398
361,6.25195,-0.0312398
362,6.25195,-0.0312398
363,6.25195,-0.0312398
364,6.25195,-0.0312398
365,6.25195,-0.0312398
366,6.25195,-0.0312398
367,6.25195,-0.0312398
368,6.25195,-0.0312398
369,6.25195,-0.0312398
370,6.25195,-0.0312398
371,6.25195,-0.0312398
372,0.0312398,0.0312398
373,0.0312398,0.0312398
374,0.0312398,0.0312398
375,0.0312398,0.0312398
376,0.0312398,0.0312398
377,0.0312398,0.0312398
378,0.0312398,0.0312398
379,0.0312398,0.0312398
380,0.0312398,0.0312398
381,0.0312398,0.0312398
382,0.0312398,0.0312398
383,0.0312398,0.0312398
384,0.0312398,0.0312398
385,0.0312398,0.0312398
386,0.0312398,0.0312398
387,0.0312398,0.0312398
388,0.0312398,0.0312398
389,0.0312398,0.0312398
390,0.0312398,0.0312398
391,0.0312398,0.0312398
392,0.0312398,0.0312398
393,0.0312398,0.0312398
394,6.26358,-0.0196053
395,6.26358,-0.0196053
396,6.26358,-0.0196053
397,6.26358,-0.0196053
398,6.26358,-0.0196053
399,6.26358,-0.0196053
400,6.26358,-0.0196053
401,6.26358,-0.0196053
402,6.26358,-0.0196053
403,6.26358,-0.0196053
404,6.26358,-0.0196053
405,6.26358,-0.0196053
406,6.26358,-0.0196053
407,6.26358,-0.0196053
408,6.26358,-0.0196053
409,6.26358,-0.0196053
410,6.26358,-0.0196053
411,6.26358,-0.0196053
412,6.26358,-0.0196053
413,6.26358,-0.0196053
414,6.26358,-0.0196053
415,6.26358,-0.0196053
416,6.26358,-0.0196053
417,6.26358,-0.0196053
418,6.26358,-0.0196053
419,6.26358,-0.0196053
420,6.26358,-0.0196053
421,6.26358,-0.0196053
422,6.26358,-0.0196053
423,6.26358,-0.0196053
424,6.26358,-0.0196053
425,0.0196053,0.0196053
426,0.0196053,0.0196053
427,0.0196053,0.0196053
428,0.0196053,0.0196053
429,0.0196053,0.0196053
430,0.0196053,0.0196053
431,0.0196053,0.0196053
432,0.0196053,0.0196053
433,0.0196053,0.0196053
434,0.0196053,0.0196053
435,0.0196053,0.0196053
436,0.0196053,0.0196053
437,0.0196053,0.0196053
438,0.0196053,0.0196053
439,0.0196053,0.0196053
440,0.0196053,0.0196053
441,0.0196053,0.0196053
442,0.0196053,0.0196053
443,0.0196053,0.0196053
444,0.0196053,0.0196053
445,0.0196053,0.0196053
446,0.0196053,0.0196053
447,0.0196053,0.0196053
448,0.0196053,0.0196053
449,0.0196053,0.0196053
450,0.179853,0.179853
451,0.179853,0.179853
452,0.179853,0.179853
453,0.179853,0.179853
454,0.179853,0.179853
455,0.179853,0.179853
456,0.179853,0.179853
457,0.110657,0.110657
458,0.110657,0.110657
459,0.110657,0.110657
460,0.110657,0.110657
461,0.110657,0.110657
462,0.110657,0.110657
463,0.110657,0.110657
464,0.110657,0.110657
465,0.110657,0.110657
466,0.110657,0.110657
467,0.110657,0.110657
468,5.81954,-0.463648
469,5.81954,-0.463648
470,0.218669,0.218669
471,0.218669,0.218669
472,0.218669,0.218669
473,0.218669,0.218669
474,0.218669,0.218669
475,0.218669,0.218669
476,0.218669,0.218669
477,0.218669,0.218669
478,0.218669,0.218669
479,0.218669,0.218669
480,0.218669,0.218669
481,0.218669,0.218669
482,0.218669,0.218669
483,0.218669,0.218669
484,0.218669,0.218669
485,0.266252,0.266252
486,0.266252,0.266252
487,0.291457,0.291457
488,0.291457,0.291457
489,0.291457,0.291457
490,0.291457,0.291457
491,0.291457,0.291457
492,0.291457,0.291457
493,0.291457,0.291457
494,0.291457,0.291457
495,0.291457,0.291457
496,0.0831412,0.0831412
497,0.0831412,0.0831412
498,0.0831412,0.0831412
499,0.0831412,0.0831412
500,0.0831412,0.0831412
501,0.0831412,0.0831412
502,0.0831412,0.0831412
503,0.0831412,0.0831412
504,0.0831412,0.0831412
505,0.0831412,0.0831412
506,0.0831412,0.0831412
507,0.0831412,0.0831412
508,0.226799,0.226799
509,0.226799,0.226799
510,0.226799,0.226799
511,0.226799,0.226799
512,0.226799,0.226799
513,0.260602,0.260602
514,0.260602,0.260602
515,0.260602,0.260602
516,0.260602,0.260602
517,0.260602,0.260602
518,0.308053,0.308053
519,0.308053,0.308053
520,0.308053,0.308053
521,0.308053,0.308053
522,0.308053,0.308053
523,0.308053,0.308053
524,0.308053,0.308053
525,0.308053,0.308053
526,0.308053,0.308053
527,0.308053,0.308053
528,0.308053,0.308053
529,0.308053,0.308053
530,0.308053,0.308053
531,0.308053,0.308053
532,0.308053,0.308053
533,0.308053,0.308053
534,0.308053,0.308053
535,0.308053,0.308053
536,0.308053,0.308053
537,0.308053,0.308053
538,0.308053,0.308053
539,0.308053,0.308053
540,0.308053,0.308053
541,0.308053,0.308053
542,0.308053,0.308053
543,0.266252,0.266252
544,0.266252,0.266252
545,0.266252,0.266252
546,0.218669,0.218669
547,0.218669,0.218669
548,0.117109,0.117109
549,0.117109,0.117109
550,0.117109,0.117109
551,0.117109,0.117109
552,0.117109,0.117109
553,0.117109,0.117109
554,0.117109,0.117109
555,0.117109,0.117109
556,0.117109,0.117109
557,0.0713075,0.0713075
558,0.0713075,0.0713075
559,0.0713075,0.0713075
560,0.0713075,0.0713075
561,0.0713075,0.0713075
562,0.0713075,0.0713075
563,0.0713075,0.0713075
564,0.0713075,0.0713075
565,0.0713075,0.0713075
566,0.0713075,0.0713075
567,0.0713075,0.0713075
568,0.0713075,0.0713075
569,0.0713075,0.0713075
570,0.0713075,0.0713075
571,0.519146,0.519146
572,0.519146,0.519146
573,0.519146,0.519146
574,0.519146,0.519146
575,0.519146,0.519146
576,0.519146,0.519146
577,0.404892,0.404892
578,0.404892,0.404892
579,0.404892,0.404892
580,0.404892,0.404892
581,0.404892,0.404892
582,0.404892,0.404892
583,0.404892,0.404892
584,0.404892,0.404892
585,0.404892,0.404892
586,0.519146,0.519146
587,0.519146,0.519146
588,0.519146,0.519146
589,0.551655,0.551655
590,0.551655,0.551655
591,0.551655,0.551655
592,0.551655,0.551655
593,0.551655,0.551655
594,0.551655,0.551655
595,0.551655,0.551655
596,0.551655,0.551655
597,0.551655,0.551655
598,0.551655,0.551655
599,0.551655,0.551655
600,0.551655,0.551655
601,0.528074,0.528074
602,0.528074,0.528074
603,0.528074,0.528074
604,0.528074,0.528074
605,0.499347,0.499347
606,0.499347,0.499347
607,0.499347,0.499347
608,0.499347,0.499347
609,0.499347,0.499347
610,0.499347,0.499347
611,0.43467,0.43467
612,0.43467,0.43467
613,0.43467,0.43467
614,0.43467,0.43467
615,0.43467,0.43467
616,0.43467,0.43467
617,0.43467,0.43467
618,0.43467,0.43467
619,0.43467,0.43467
620,0.43467,0.43467
621,0.43467,0.43467
622,0.43467,0.43467
623,0.43467,0.43467
624,0.43467,0.43467
625,0.43467,0.43467
626,0.43467,0.43467
627,0.43467,0.43467
628,0.43467,0.43467
629,0.43467,0.43467
630,0.43467,0.43467
631,0.43467,0.43467
632,0.43467,0.43467
633,0.43467,0.43467
634,0.43467,0.43467
635,0.43467,0.43467
636,0.43467,0.43467
637,0.43467,0.43467
638,0.43467,0.43467
639,0.450661,0.450661
640,0.450661,0.450661
641,0.450661,0.450661
642,0.450661,0.450661
643,0.450661,0.450661
644,0.450661,0.450661
645,0.450661,0.450661
646,0.450661,0.450661
647,0.450661,0.450661
648,0.450661,0.450661
649,0.450661,0.450661
650,0.450661,0.450661
651,0.450661,0.450661
652,0.450661,0.450661
653,0.450661,0.450661
654,0.450661,0.450661
655,0.450661,0.450661
656,0.450661,0.450661
657,0.450661,0.450661
658,0.450661,0.450661
659,0.450661,0.450661
660,0.476467,0.476467
661,0.476467,0.476467
662,0.476467,0.476467
663,0.476467,0.476467
664,0.476467,0.476467
665,0.476467,0.476467
666,0.476467,0.476467
667,0.476467,0.476467
668,0.476467,0.476467
669,0.476467,0.476467
670,0.476467,0.476467
671,0.476467,0.476467
672,0.476467,0.476467
673,0.476467,0.476467
674,0.476467,0.476467
675,0.476467,0.476467
676,0.476467,0.476467
677,0.476467,0.476467
678,0.476467,0.476467
679,0.476467,0.476467
680,0.476467,0.476467
681,0.571337,0.571337
682,0.571337,0.571337
683,0.571337,0.571337
684,0.571337,0.571337
685,0.571337,0.571337
686,0.571337,0.571337
687,0.571337,0.571337
688,0.571337,0.571337
689,0.605545,0.605545
690,0.605545,0.605545
691,0.605545,0.605545
692,0.605545,0.605545
693,0.605545,0.605545
694,0.605545,0.605545
695,0.605545,0.605545
696,0.661043,0.661043
697,0.661043,0.661043
698,0.661043,0.661043
699,0.661043,0.661043
700,0.661043,0.661043
701,0.661043,0.661043
702,0.661043,0.661043
703,0.661043,0.661043
704,0.661043,0.661043
705,0.661043,0.661043
706,0.661043,0.661043
707,0.628796,0.628796
708,0.628796,0.628796
709,0.628796,0.628796
710,0.610726,0.610726
711,0.610726,0.610726
712,0.610726,0.610726
713,0.610726,0.610726
714,0.610726,0.610726
715,0.610726,0.610726
716,0.610726,0.610726
717,0.610726,0.610726
718,0.610726,0.610726
719,0.610726,0.610726
720,0.610726,0.610726
721,0.610726,0.610726
722,0.760403,0.760403
723,0.760403,0.760403
724,0.760403,0.760403
725,0.760403,0.760403
726,0.760403,0.760403
727,0.760403,0.760403
728,0.760403,0.760403
729,0.760403,0.760403
730,0.760403,0.760403
731,0.760403,0.760403
732,0.760403,0.760403
733,0.760403,0.760403
734,0.760403,0.760403
735,0.760403,0.760403
736,0.760403,0.760403
737,0.760403,0.760403
738,0.760403,0.760403
739,0.760403,0.760403
740,0.760403,0.760403
741,0.760403,0.760403
742,0.760403,0.760403
743,0.760403,0.760403
744,0.760403,0.760403
745,0.760403,0.760403
746,0.760403,0.760403
747,0.760403,0.760403
748,0.760403,0.760403
749,0.760403,0.760403
750,0.760403,0.760403
751,0.760403,0.760403
752,0.760403,0.760403
753,0.760403,0.760403
754,0.760403,0.760403
755,0.760403,0.760403
756,0.760403,0.760403
757,0.760403,0.760403
758,0.760403,0.760403
759,0.760403,0.760403
760,0.760403,0.760403
761,0.767218,0.767218
762,0.767218,0.767218
763,0.767218,0.767218
764,0.767218,0.767218
765,0.767218,0.767218
766,0.767218,0.767218
767,0.767218,0.767218
768,0.767218,0.767218
769,0.767218,0.767218
770,0.767218,0.767218
771,0.767218,0.767218
772,0.767218,0.767218
773,0.767218,0.767218
774,0.767218,0.767218
775,0.767218,0.767218
776,0.767218,0.767218
777,0.767218,0.767218
778,0.767218,0.767218
779,0.767218,0.767218
780,0.767218,0.767218
781,0.767218,0.767218
782,0.767218,0.767218
783,0.767218,0.767218
784,0.767218,0.767218
785,0.767218,0.767218
786,0.767218,0.767218
787,0.803578,0.803578
788,0.803578,0.803578
789,0.803578,0.803578
790,0.803578,0.803578
791,0.803578,0.803578
792,0.803578,0.803578
793,0.803578,0.803578
794,0.803578,0.803578
795,0.803578,0.803578
796,0.803578,0.803578
797,0.803578,0.803578
798,0.803578,0.803578
799,0.803578,0.803578
800,0.803578,0.803578
801,0.803578,0.803578
802,0.803578,0.803578
803,0.803578,0.803578
804,0.803578,0.803578
805,0.803578,0.803578
806,0.803578,0.803578
807,0.803578,0.803578
808,0.803578,0.803578
809,0.803578,0.803578
810,0.803578,0.803578
811,0.803578,0.803578
812,0.803578,0.803578
813,0.950547,0.950547
814,0.950547,0.950547
815,0.950547,0.950547
816,1.0122,1.0122
817,1.0122,1.0122
818,1.05165,1.05165
819,1.05165,1.05165
820,1.05165,1.05165
821,1.1659,1.1659
822,1.1659,1.1659
823,1.1659,1.1659
824,1.21203,1.21203
825,1.21203,1.21203
826,1.2925,1.2925
827,1.2925,1.2925
828,1.4289,1.4289
829,1.4289,1.4289
830,1.4289,1.4289
831,1.4289,1.4289
832,1.4289,1.4289
833,1.4289,1.4289
834,1.4289,1.4289
835,1.2925,1.2925
836,1.2925,1.2925
837,1.21203,1.21203
838,1.21203,1.21203
839,1.21203,1.21203
840,1.21203,1.21203
841,1.03038,1.03038
842,1.03038,1.03038
843,1.03038,1.03038
844,1.03038,1.03038
845,1.03038,1.03038
846,1.03038,1.03038
847,1.19029,1.19029
848,1.38545,1.38545
849,1.38545,1.38545
850,1.38545,1.38545
851,1.38545,1.38545
852,1.38545,1.38545
853,1.38545,1.38545
854,1.38545,1.38545
855,1.38545,1.38545
856,1.38545,1.38545
857,1.38545,1.38545
858,1.38545,1.38545
859,1.38545,1.38545
860,1.5351,1.5351
861,1.5351,1.5351
862,1.5351,1.5351
863,1.5351,1.5351
864,1.5351,1.5351
865,1.5351,1.5351
866,1.5351,1.5351
867,1.5351,1.5351
868,1.5351,1.5351
869,1.5351,1.5351
870,1.5351,1.5351
871,1.5351,1.5351
872,1.5351,1.5351
873,1.5351,1.5351
874,1.6065,1.6065
875,1.6065,1.6065
876,1.6065,1.6065
877,1.6065,1.6065
878,1.6065,1.6065
879,1.6065,1.6065
880,1.6065,1.6065
881,1.6065,1.6065
882,1.6065,1.6065
883,1.6065,1.6065
884,1.6065,1.6065
885,1.6065,1.6065
886,1.6065,1.6065
887,1.6065,1.6065
888,1.7976,1.7976
889,1.7976,1.7976
890,1.7976,1.7976
891,1.7976,1.7976
892,1.7976,1.7976
893,1.8314,1.8314
894,1.8314,1.8314
895,1.8314,1.8314
896,1.8314,1.8314
897,1.8314,1.8314
898,1.8693,1.8693
899,1.8693,1.8693
900,1.8693,1.8693
901,1.8693,1.8693
902,1.8693,1.8693
903,1.8693,1.8693
904,1.8693,1.8693
905,1.8693,1.8693
906,1.8693,1.8693
907,1.8693,1.8693
908,1.8693,1.8693
909,1.8693,1.8693
910,1.8693,1.8693
911,1.8314,1.8314
912,1.8314,1.8314
913,1.8314,1.8314
914,1.8314,1.8314
915,1.8314,1.8314
916,1.8314,1.8314
917,1.8314,1.8314
918,1.8314,1.8314
919,1.8314,1.8314
920,1.8314,1.8314
921,1.8314,1.8314
922,1.8314,1.8314
923,1.8314,1.8314
924,1.8314,1.8314
925,1.98902,1.98902
926,1.98902,1.98902
927,1.98902,1.98902
928,1.98902,1.98902
929,1.98902,1.98902
930,1.98902,1.98902
931,1.98902,1.98902
932,1.98902,1.98902
933,1.98902,1.98902
934,1.98902,1.98902
935,1.92957,1.92957
936,1.92957,1.92957
937,1.92957,1.92957
938,1.92957,1.92957
939,1.92957,1.92957
940,1.92957,1.92957
941,1.92957,1.92957
942,1.92957,1.92957
943,1.92957,1.92957
944,1.92957,1.92957
945,1.92957,1.92957
946,1.92957,1.92957
947,1.92957,1.92957
948,1.92957,1.92957
949,1.92957,1.92957
950,1.92957,1.92957
951,1.92957,1.92957
952,1.92957,1.92957
953,1.99742,1.99742
954,1.99742,1.99742
955,1.99742,1.99742
956,1.99742,1.99742
957,1.99742,1.99742
958,1.99742,1.99742
959,2.07014,2.07014
960,2.07014,2.07014
961,2.07014,2.07014
962,2.07014,2.07014
963,2.07014,2.07014
964,2.07014,2.07014
965,2.1294,2.1294
966,2.1294,2.1294
967,2.1294,2.1294
968,2.19959,2.19959
969,2.19959,2.19959
970,2.19959,2.19959
971,2.19959,2.19959
972,2.19959,2.19959
973,2.19959,2.19959
974,2.23184,2.23184
975,2.23184,2.23184
976,2.23184,2.23184
977,2.23184,2.23184
978,2.23184,2.23184
979,2.23184,2.23184
980,2.23184,2.23184
981,2.23184,2.23184
982,2.23184,2.23184
983,2.23184,2.23184
984,2.19959,2.19959
985,2.19959,2.19959
986,2.19959,2.19959
987,2.19959,2.19959
988,2.19959,2.19959
989,2.19959,2.19959
990,2.19959,2.19959
991,2.19959,2.19959
992,2.19959,2.19959
993,2.19959,2.19959
994,2.19959,2.19959
995,2.23184,2.23184
996,2.23184,2.23184
997,2.23184,2.23184
998,2.32395,2.32395
999,2.32395,2.32395
1000,2.32395,2.32395
1001,2.32395,2.32395
1002,2.32395,2.32395
1003,2.32395,2.32395
1004,2.32395,2.32395
1005,2.32395,2.32395
1006,2.32395,2.32395
1007,2.32395,2.32395
1008,2.32395,2.32395
1009,2.32395,2.32395
1010,2.32395,2.32395
1011,2.32395,2.32395
1012,2.38844,2.38844
1013,2.38844,2.38844
1014,2.38844,2.38844
1015,2.38844,2.38844
1016,2.38844,2.38844
1017,2.38844,2.38844
1018,2.38844,2.38844
1019,2.38844,2.38844
1020,2.38844,2.38844
1021,2.38844,2.38844
1022,2.38844,2.38844
1023,2.38844,2.38844
1024,2.38844,2.38844
1025,2.38844,2.38844
1026,2.48055,2.48055
1027,2.48055,2.48055
1028,2.48055,2.48055
1029,2.48055,2.48055
1030,2.48055,2.48055
1031,2.48055,2.48055
1032,2.48055,2.48055
1033,2.60117,2.60117
1034,2.60117,2.60117
1035,2.60117,2.60117
1036,2.60117,2.60117
1037,2.60117,2.60117
1038,2.60117,2.60117
1039,2.60117,2.60117
1040,2.60117,2.60117
1041,2.70918,2.70918
1042,2.70918,2.70918
1043,2.70918,2.70918
1044,2.70918,2.70918
1045,2.70918,2.70918
1046,2.70918,2.70918
1047,2.70918,2.70918
1048,2.70918,2.70918
1049,2.70918,2.70918
1050,2.70918,2.70918
1051,2.70918,2.70918
1052,2.64765,2.64765
1053,2.64765,2.64765
1054,2.64765,2.64765
1055,2.64765,2.64765
1056,2.64765,2.64765
1057,2.64765,2.64765
1058,2.64765,2.64765
1059,2.60987,2.60987
1060,2.60987,2.60987
1061,2.60987,2.60987
1062,2.60987,2.60987
1063,2.60987,2.60987
1064,2.60987,2.60987
1065,2.60987,2.60987
1066,2.60987,2.60987
1067,2.60987,2.60987
1068,2.60987,2.60987
1069,2.60987,2.60987
1070,2.60987,2.60987
1071,2.60987,2.60987
1072,2.60987,2.60987
1073,2.60987,2.60987
1074,2.60987,2.60987
1075,2.41495,2.41495
1076,2.41495,2.41495
1077,2.41495,2.41495
1078,2.41495,2.41495
1079,2.41495,2.41495
1080,2.41495,2.41495
1081,2.41495,2.41495
1082,2.41495,2.41495
1083,2.41495,2.41495
1084,2.41495,2.41495
1085,2.41495,2.41495
1086,2.41495,2.41495
1087,2.41495,2.41495
1088,2.41495,2.41495
1089,2.41495,2.41495
1090,2.86329,2.86329
1091,2.86329,2.86329
1092,2.86329,2.86329
1093,2.86329,2.86329
1094,2.97644,2.97644
1095,2.97644,2.97644
1096,2.97644,2.97644
1097,3.30674,-2.97644
1098,3.30674,-2.97644
1099,3.30674,-2.97644
1100,3.50036,-2.78282
1101,3.50036,-2.78282
1102,3.50036,-2.78282
1103,3.50036,-2.78282
1104,3.50036,-2.78282
1105,3.50036,-2.78282
1106,3.41989,-2.86329
1107,3.41989,-2.86329
1108,3.23225,-3.05093
1109,3.23225,-3.05093
1110,3.23225,-3.05093
1111,3.23225,-3.05093
1112,3.23225,-3.05093
1113,3.23225,-3.05093
1114,3.05093,3.05093
1115,3.05093,3.05093
1116,3.05093,3.05093
1117,3.05093,3.05093
1118,3.05093,3.05093
1119,2.86329,2.86329
1120,2.86329,2.86329
1121,2.78282,2.78282
1122,2.78282,2.78282
1123,2.78282,2.78282
1124,2.78282,2.78282
1125,2.78282,2.78282
1126,2.78282,2.78282
1127,2.89661,2.89661
1128,2.89661,2.89661
1129,2.89661,2.89661
1130,2.89661,2.89661
1131,2.89661,2.89661
1132,2.89661,2.89661
1133,2.89661,2.89661
1134,2.89661,2.89661
1135,2.89661,2.89661
1136,2.78282,2.78282
1137,2.78282,2.78282
1138,2.78282,2.78282
1139,2.78282,2.78282
1140,2.78282,2.78282
1141,2.78282,2.78282
1142,2.86329,2.86329
1143,2.86329,2.86329
1144,2.86329,2.86329
1145,2.86329,2.86329
1146,2.86329,2.86329
1147,2.86329,2.86329
1148,2.70918,2.70918
1149,2.70918,2.70918
1150,2.70918,2.70918
1151,2.70918,2.70918
1152,2.70918,2.70918
1153,2.70918,2.70918
1154,2.70918,2.70918
1155,2.70918,2.70918
1156,2.70918,2.70918
1157,2.70918,2.70918
1158,2.70918,2.70918
1159,2.70918,2.70918
1160,2.70918,2.70918
1161,2.70918,2.70918
1162,2.70918,2.70918
1163,2.70918,2.70918
1164,2.7468,2.7468
1165,2.7468,2.7468
1166,2.7468,2.7468
1167,2.7468,2.7468
1168,2.77442,2.77442
1169,2.77442,2.77442
1170,2.77442,2.77442
1171,2.77442,2.77442
1172,2.77442,2.77442
1173,2.77442,2.77442
1174,2.77442,2.77442
1175,2.77442,2.77442
1176,2.77442,2.77442
1177,2.77442,2.77442
1178,2.77442,2.77442
1179,2.77442,2.77442
1180,2.77442,2.77442
1181,2.77442,2.77442
1182,2.77442,2.77442
1183,2.77442,2.77442
1184,2.77442,2.77442
1185,2.77442,2.77442
1186,2.77442,2.77442
1187,2.77442,2.77442
1188,2.77442,2.77442
1189,2.77442,2.77442
1190,2.77442,2.77442
1191,2.86329,2.86329
1192,2.86329,2.86329
1193,2.86329,2.86329
1194,2.86329,2.86329
1195,2.86329,2.86329
1196,2.86329,2.86329
1197,2.86329,2.86329
1198,2.86329,2.86329
1199,3.92699,-2.35619
1200,3.92699,-2.35619
1201,3.04192,3.04192
1202,3.04192,3.04192
1203,3.04192,3.04192
1204,3.04192,3.04192
1205,3.04192,3.04192
1206,3.04192,3.04192
1207,3.04192,3.04192
1208,3.04192,3.04192
1209,3.04192,3.04192
1210,3.04192,3.04192
1211,3.04192,3.04192
1212,2.96174,2.96174
1213,2.96174,2.96174
1214,2.96174,2.96174
1215,2.96174,2.96174
1216,2.96174,2.96174
1217,2.96174,2.96174
1218,2.86329,2.86329
1219,2.86329,2.86329
1220,2.77442,2.77442
1221,2.77442,2.77442
1222,2.77442,2.77442
1223,2.77442,2.77442
1224,2.77442,2.77442
1225,2.77442,2.77442
1226,2.7468,2.7468
1227,2.7468,2.7468
1228,2.7468,2.7468
1229,2.72918,2.72918
1230,2.72918,2.72918
1231,2.72918,2.72918
1232,2.72918,2.72918
1233,2.72918,2.72918
1234,2.72918,2.72918
1235,2.72918,2.72918
1236,2.72918,2.72918
1237,2.72918,2.72918
1238,2.72918,2.72918
1239,2.72918,2.72918
1240,2.72918,2.72918
1241,2.72918,2.72918
1242,2.72918,2.72918
1243,2.72918,2.72918
1244,2.74307,2.74307
1245,2.74307,2.74307
1246,2.74307,2.74307
1247,2.74307,2.74307
1248,2.74307,2.74307
1249,2.74307,2.74307
1250,2.74307,2.74307
1251,2.74307,2.74307
1252,2.74307,2.74307
1253,2.77442,2.77442
1254,2.77442,2.77442
1255,2.77442,2.77442
1256,2.77442,2.77442
1257,2.77442,2.77442
1258,2.86329,2.86329
1259,2.86329,2.86329
1260,2.97644,2.97644
1261,2.97644,2.97644
1262,2.97644,2.97644
1263,2.97644,2.97644
1264,2.97644,2.97644
1265,2.97644,2.97644
1266,2.92292,2.92292
1267,2.92292,2.92292
1268,2.92292,2.92292
1269,2.92292,2.92292
1270,2.92292,2.92292
1271,2.92292,2.92292
1272,3.03094,3.03094
1273,3.03094,3.03094
1274,3.03094,3.03094
1275,3.03094,3.03094
1276,3.03094,3.03094
1277,3.03094,3.03094
1278,3.03094,3.03094
1279,3.03094,3.03094
1280,3.03094,3.03094
1281,2.92292,2.92292
1282,2.92292,2.92292
1283,2.92292,2.92292
1284,2.92292,2.92292
1285,2.92292,2.92292
1286,2.78282,2.78282
1287,2.78282,2.78282
1288,2.78282,2.78282
1289,2.78282,2.78282
1290,2.78282,2.78282
1291,2.78282,2.78282
1292,2.86329,2.86329
1293,2.86329,2.86329
1294,3.05485,3.05485
1295,3.05485,3.05485
1296,3.05485,3.05485
1297,3.05485,3.05485
1298,3.05485,3.05485
1299,3.05485,3.05485
1300,3.05485,3.05485
1301,3.05485,3.05485
1302,3.05485,3.05485
1303,3.05485,3.05485
1304,3.05485,3.05485
1305,3.05485,3.05485
1306,3.07502,3.07502
1307,3.07502,3.07502
1308,3.07502,3.07502
1309,3.07502,3.07502
1310,3.07502,3.07502
1311,3.07502,3.07502
1312,3.07502,3.07502
1313,3.07502,3.07502
1314,3.20816,-3.07502
1315,3.20816,-3.07502
1316,3.20816,-3.07502
1317,3.20816,-3.07502
1318,3.20816,-3.07502
1319,3.20816,-3.07502
1320,3.20816,-3.07502
1321,3.36839,-2.91479
1322,3.36839,-2.91479
1323,3.36839,-2.91479
1324,3.36839,-2.91479
1325,3.36839,-2.91479
1326,3.4022,-2.88099
1327,3.4022,-2.88099
1328,3.4022,-2.88099
1329,3.4022,-2.88099
1330,3.4022,-2.88099
1331,3.4022,-2.88099
1332,3.4022,-2.88099
1333,3.50036,-2.78282
1334,3.50036,-2.78282
1335,3.54648,-2.7367
1336,3.54648,-2.7367
1337,3.54648,-2.7367
1338,3.66074,-2.62245
1339,3.66074,-2.62245
1340,3.66074,-2.62245
1341,3.66074,-2.62245
1342,3.66074,-2.62245
1343,3.66074,-2.62245
1344,3.66074,-2.62245
1345,3.66074,-2.62245
1346,3.66074,-2.62245
1347,3.54648,-2.7367
1348,3.54648,-2.7367
1349,3.54648,-2.7367
1350,3.26595,-3.01724
1351,3.26595,-3.01724
1352,3.26595,-3.01724
1353,3.26595,-3.01724
1354,3.01724,3.01724
1355,3.01724,3.01724
1356,3.01724,3.01724
1357,3.01724,3.01724
1358,2.86329,2.86329
1359,2.86329,2.86329
1360,2.86329,2.86329
1361,2.86329,2.86329
1362,2.55359,2.55359
1363,2.55359,2.55359
1364,2.55359,2.55359
1365,2.87534,2.87534
1366,2.87534,2.87534
1367,2.87534,2.87534
1368,2.87534,2.87534
1369,2.87534,2.87534
1370,2.87534,2.87534
1371,2.87534,2.87534
1372,2.92292,2.92292
1373,2.92292,2.92292
1374,3.05093,3.05093
1375,3.05093,3.05093
1376,3.05093,3.05093
1377,3.05093,3.05093
1378,3.05093,3.05093
1379,3.05093,3.05093
1380,3.23225,-3.05093
1381,3.23225,-3.05093
1382,3.23225,-3.05093
1383,3.23225,-3.05093
1384,3.23225,-3.05093
1385,3.5221,-2.76109
1386,3.5221,-2.76109
1387,3.5221,-2.76109
1388,3.5221,-2.76109
1389,3.5221,-2.76109
1390,3.5221,-2.76109
1391,3.5221,-2.76109
1392,3.7296,-2.55359
1393,3.7296,-2.55359
1394,3.7296,-2.55359
1395,3.38657,-2.89661
1396,3.38657,-2.89661
1397,3.38657,-2.89661
1398,3.38657,-2.89661
1399,3.56822,-2.71497
1400,3.56822,-2.71497
1401,3.56822,-2.71497
1402,3.56822,-2.71497
1403,3.56822,-2.71497
1404,3.56822,-2.71497
1405,3.64094,-2.64225
1406,3.64094,-2.64225
1407,3.64094,-2.64225
1408,3.64094,-2.64225
1409,3.64094,-2.64225
1410,3.64094,-2.64225
1411,3.64094,-2.64225
1412,3.64094,-2.64225
1413,3.64094,-2.64225
1414,3.64094,-2.64225
1415,3.64094,-2.64225
1416,3.64094,-2.64225
1417,3.64094,-2.64225
1418,3.64094,-2.64225
1419,3.64094,-2.64225
1420,3.64094,-2.64225
1421,3.64094,-2.64225
1422,4.24874,-2.03444
1423,4.24874,-2.03444
1424,3.64869,-2.63449
1425,3.64869,-2.63449
1426,3.64869,-2.63449
1427,3.64869,-2.63449
1428,3.64869,-2.63449
1429,3.64869,-2.63449
1430,3.64869,-2.63449
1431,3.64869,-2.63449
1432,3.64869,-2.63449
1433,3.64869,-2.63449
1434,3.64869,-2.63449
1435,3.64869,-2.63449
1436,3.64869,-2.63449
1437,3.55982,-2.72337
1438,3.55982,-2.72337
1439,3.55982,-2.72337
1440,3.55982,-2.72337
1441,3.28349,-2.9997
1442,3.28349,-2.9997
1443,3.28349,-2.9997
1444,3.28349,-2.9997
1445,3.28349,-2.9997
1446,3.28349,-2.9997
1447,3.28349,-2.9997
1448,3.54648,-2.7367
1449,3.54648,-2.7367
1450,3.54648,-2.7367
1451,3.66074,-2.62245
1452,3.66074,-2.62245
1453,3.66074,-2.62245
1454,3.86042,-2.42276
1455,3.86042,-2.42276
1456,3.86042,-2.42276
1457,3.86042,-2.42276
1458,3.86042,-2.42276
1459,3.86042,-2.42276
1460,3.86042,-2.42276
1461,3.86042,-2.42276
1462,3.86042,-2.42276
1463,3.86042,-2.42276
1464,3.86042,-2.42276
1465,3.86042,-2.42276
1466,3.86042,-2.42276
1467,3.64869,-2.63449
1468,3.64869,-2.63449
1469,3.64869,-2.63449
1470,3.64869,-2.63449
1471,3.64869,-2.63449
1472,3.64869,-2.63449
1473,3.64869,-2.63449
1474,3.64869,-2.63449
1475,3.64869,-2.63449
1476,3.64869,-2.63449
1477,3.64869,-2.63449
1478,3.64869,-2.63449
1479,3.64869,-2.63449
1480,3.64869,-2.63449
1481,3.64869,-2.63449
1482,3.64869,-2.63449
1483,3.64869,-2.63449
1484,3.54648,-2.7367
1485,3.54648,-2.7367
1486,3.54648,-2.7367
1487,3.50036,-2.78282
1488,3.50036,-2.78282
1489,3.41989,-2.86329
1490,3.41989,-2.86329
1491,3.24126,-3.04192
1492,3.24126,-3.04192
1493,3.24126,-3.04192
1494,3.24126,-3.04192
1495,3.24126,-3.04192
1496,3.24126,-3.04192
1497,3.24126,-3.04192
1498,3.24126,-3.04192
1499,3.24126,-3.04192
1500,3.24126,-3.04192
1501,3.36026,-2.92292
1502,3.36026,-2.92292
1503,3.36026,-2.92292
1504,3.36026,-2.92292
1505,3.36026,-2.92292
1506,3.7296,-2.55359
1507,3.7296,-2.55359
1508,3.7296,-2.55359
1509,3.5221,-2.76109
1510,3.5221,-2.76109
1511,3.5221,-2.76109
1512,3.5221,-2.76109
1513,3.5221,-2.76109
1514,3.5221,-2.76109
1515,3.5221,-2.76109
1516,3.33899,-2.9442
1517,3.33899,-2.9442
1518,3.33899,-2.9442
1519,3.33899,-2.9442
1520,3.33899,-2.9442
1521,3.33899,-2.9442
1522,3.33899,-2.9442
1523,3.33899,-2.9442
1524,3.33899,-2.9442
1525,3.33899,-2.9442
1526,3.33899,-2.9442
1527,3.42764,-2.85554
1528,3.42764,-2.85554
1529,3.42764,-2.85554
1530,3.42764,-2.85554
1531,3.42764,-2.85554
1532,3.42764,-2.85554
1533,3.42764,-2.85554
1534,3.42764,-2.85554
1535,3.42764,-2.85554
1536,3.44747,-2.83571
1537,3.44747,-2.83571
1538,3.44747,-2.83571
1539,3.44747,-2.83571
1540,3.44747,-2.83571
1541,3.44747,-2.83571
1542,3.44747,-2.83571
1543,3.44747,-2.83571
1544,3.44747,-2.83571
1545,3.44747,-2.83571
1546,3.44747,-2.83571
1547,3.44747,-2.83571
1548,3.44747,-2.83571
1549,3.44747,-2.83571
1550,3.44747,-2.83571
1551,3.44747,-2.83571
1552,3.44747,-2.83571
1553,3.44747,-2.83571
1554,3.44747,-2.83571
1555,3.44747,-2.83571
1556,3.44747,-2.83571
1557,3.40784,-2.87534
1558,3.40784,-2.87534
1559,3.40784,-2.87534
1560,3.35269,-2.9305
1561,3.35269,-2.9305
1562,3.35269,-2.9305
1563,3.35269,-2.9305
1564,3.35269,-2.9305
1565,3.32145,-2.96174
1566,3.32145,-2.96174
1567,3.32145,-2.96174
1568,3.26595,-3.01724
1569,3.26595,-3.01724
1570,3.26595,-3.01724
1571,3.26595,-3.01724
1572,3.26595,-3.01724
1573,3.26595,-3.01724
1574,3.26595,-3.01724
1575,3.26595,-3.01724
1576,3.41989,-2.86329
1577,3.41989,-2.86329
1578,3.50036,-2.78282
1579,3.50036,-2.78282
1580,3.56445,-2.71874
1581,3.56445,-2.71874
1582,3.56445,-2.71874
1583,3.56445,-2.71874
1584,3.56445,-2.71874
1585,3.56445,-2.71874
1586,3.56445,-2.71874
1587,3.56445,-2.71874
1588,3.56445,-2.71874
1589,3.56445,-2.71874
1590,3.56445,-2.71874
1591,3.56445,-2.71874
1592,3.56445,-2.71874
1593,3.56445,-2.71874
1594,3.56445,-2.71874
1595,3.56445,-2.71874
1596,3.56445,-2.71874
1597,3.56445,-2.71874
1598,3.56445,-2.71874
1599,3.64094,-2.64225
1600,3.64094,-2.64225
1601,3.64094,-2.64225
1602,3.64094,-2.64225
1603,3.64094,-2.64225
1604,3.64094,-2.64225
1605,3.66967,-2.61352
1606,3.66967,-2.61352
1607,3.66967,-2.61352
1608,3.66967,-2.61352
1609,3.66967,-2.61352
1610,3.66967,-2.61352
1611,3.66967,-2.61352
1612,3.66967,-2.61352
1613,3.76184,-2.52134
1614,3.76184,-2.52134
1615,3.76184,-2.52134
1616,3.76184,-2.52134
1617,3.76184,-2.52134
1618,3.76184,-2.52134
1619,3.76184,-2.52134
1620,3.76184,-2.52134
1621,3.70019,-2.58299
1622,3.70019,-2.58299
1623,3.62849,-2.65469
1624,3.62849,-2.65469
1625,3.62849,-2.65469
1626,3.62849,-2.65469
1627,3.62849,-2.65469
1628,3.62849,-2.65469
1629,3.62849,-2.65469
1630,3.62849,-2.65469
1631,3.62849,-2.65469
1632,3.62849,-2.65469
1633,3.62849,-2.65469
1634,3.58144,-2.70175
1635,3.58144,-2.70175
1636,3.58144,-2.70175
1637,3.58144,-2.70175
1638,3.58144,-2.70175
1639,3.58144,-2.70175
1640,3.58144,-2.70175
1641,3.58144,-2.70175
1642,3.58144,-2.70175
1643,3.58144,-2.70175
1644,3.58144,-2.70175
1645,3.58144,-2.70175
1646,3.58144,-2.70175
1647,3.58144,-2.70175
1648,3.58144,-2.70175
1649,3.58144,-2.70175
1650,3.66074,-2.62245
1651,3.66074,-2.62245
1652,3.66074,-2.62245
1653,3.70832,-2.57486
1654,3.70832,-2.57486
1655,3.70832,-2.57486
1656,3.70832,-2.57486
1657,3.70832,-2.57486
1658,3.75232,-2.53087
1659,3.75232,-2.53087
1660,3.75232,-2.53087
1661,3.75232,-2.53087
1662,3.75232,-2.53087
1663,3.81633,-2.46685
1664,3.81633,-2.46685
1665,3.81633,-2.46685
1666,4.03765,-2.24554
1667,4.03765,-2.24554
1668,4.03765,-2.24554
1669,4.03765,-2.24554
1670,4.03765,-2.24554
1671,4.03765,-2.24554
1672,3.7296,-2.55359
1673,3.7296,-2.55359
1674,3.7296,-2.55359
1675,4.24874,-2.03444
1676,4.24874,-2.03444
1677,3.46334,-2.81984
1678,3.46334,-2.81984
1679,3.46334,-2.81984
1680,3.83633,-2.44685
1681,3.83633,-2.44685
1682,3.83633,-2.44685
1683,3.83633,-2.44685
1684,4.01765,-2.26553
1685,4.01765,-2.26553
1686,4.01765,-2.26553
1687,4.01765,-2.26553
1688,4.05135,-2.23184
1689,4.05135,-2.23184
1690,4.05135,-2.23184
1691,4.05135,-2.23184
1692,4.08359,-2.19959
1693,4.08359,-2.19959
1694,4.08359,-2.19959
1695,4.10166,-2.18152
1696,4.10166,-2.18152
1697,4.10166,-2.18152
1698,4.10166,-2.18152
1699,4.10166,-2.18152
1700,4.10166,-2.18152
1701,4.10166,-2.18152
1702,4.10166,-2.18152
1703,4.10166,-2.18152
1704,4.10166,-2.18152
1705,4.10166,-2.18152
1706,4.10166,-2.18152
1707,3.98575,-2.29744
1708,3.98575,-2.29744
1709,3.98575,-2.29744
1710,3.98575,-2.29744
1711,3.98575,-2.29744
1712,3.98575,-2.29744
1713,3.98575,-2.29744
1714,3.98575,-2.29744
1715,3.98575,-2.29744
1716,3.98575,-2.29744
1717,3.98575,-2.29744
1718,3.98575,-2.29744
1719,3.98575,-2.29744
1720,3.98575,-2.29744
1721,3.98575,-2.29744
1722,4.02666,-2.25653
1723,4.02666,-2.25653
1724,4.02666,-2.25653
1725,4.02666,-2.25653
1726,4.02666,-2.25653
1727,4.04642,-2.23677
1728,4.04642,-2.23677
1729,4.04642,-2.23677
1730,4.04642,-2.23677
1731,4.04642,-2.23677
1732,4.04642,-2.23677
1733,4.04642,-2.23677
1734,4.04642,-2.23677
1735,4.04642,-2.23677
1736,4.04642,-2.23677
1737,4.04642,-2.23677
1738,4.19324,-2.08994
1739,4.19324,-2.08994
1740,4.19324,-2.08994
1741,4.19324,-2.08994
1742,4.19324,-2.08994
1743,4.19324,-2.08994
1744,4.19324,-2.08994
1745,4.19324,-2.08994
1746,4.14566,-2.13753
1747,4.14566,-2.13753
1748,4.14566,-2.13753
1749,4.14566,-2.13753
1750,4.14566,-2.13753
1751,4.10166,-2.18152
1752,4.10166,-2.18152
1753,4.10166,-2.18152
1754,4.10166,-2.18152
1755,4.10166,-2.18152
1756,4.10166,-2.18152
1757,4.10166,-2.18152
1758,4.10166,-2.18152
1759,4.10166,-2.18152
1760,4.10166,-2.18152
1761,4.10166,-2.18152
1762,4.10166,-2.18152
1763,4.10166,-2.18152
1764,4.15379,-2.1294
1765,4.15379,-2.1294
1766,4.21304,-2.07014
1767,4.21304,-2.07014
1768,4.21304,-2.07014
1769,4.21304,-2.07014
1770,4.21304,-2.07014
1771,4.21304,-2.07014
1772,4.28576,-1.99742
1773,4.28576,-1.99742
1774,4.28576,-1.99742
1775,4.28576,-1.99742
1776,4.28576,-1.99742
1777,4.28576,-1.99742
1778,4.29998,-1.98321
1779,4.29998,-1.98321
1780,4.29998,-1.98321
1781,4.29998,-1.98321
1782,4.29998,-1.98321
1783,4.29998,-1.98321
1784,4.29998,-1.98321
1785,4.29998,-1.98321
1786,4.29998,-1.98321
1787,4.29998,-1.98321
1788,4.36362,-1.91957
1789,4.36362,-1.91957
1790,4.36362,-1.91957
1791,4.36362,-1.91957
1792,4.42093,-1.86225
1793,4.42093,-1.86225
1794,4.42093,-1.86225
1795,4.42093,-1.86225
1796,4.45179,-1.8314
1797,4.45179,-1.8314
1798,4.45179,-1.8314
1799,4.45179,-1.8314
1800,4.45179,-1.8314
1801,4.48559,-1.7976
1802,4.48559,-1.7976
1803,4.48559,-1.7976
1804,4.48559,-1.7976
1805,4.48559,-1.7976
1806,4.58803,-1.69515
1807,4.58803,-1.69515
1808,4.58803,-1.69515
1809,4.58803,-1.69515
1810,4.58803,-1.69515
1811,4.58803,-1.69515
1812,4.58803,-1.69515
1813,4.58803,-1.69515
1814,4.55974,-1.72345
1815,4.55974,-1.72345
1816,4.55974,-1.72345
1817,4.55974,-1.72345
1818,4.55974,-1.72345
1819,4.55974,-1.72345
1820,4.55974,-1.72345
1821,4.55974,-1.72345
1822,4.66697,-1.61622
1823,4.66697,-1.61622
1824,4.66697,-1.61622
1825,4.66697,-1.61622
1826,4.66697,-1.61622
1827,4.66697,-1.61622
1828,4.66697,-1.61622
1829,4.66697,-1.61622
1830,4.66697,-1.61622
1831,4.66697,-1.61622
1832,4.66697,-1.61622
1833,4.66697,-1.61622
1834,4.66697,-1.61622
1835,4.66697,-1.61622
1836,4.66697,-1.61622
1837,4.66697,-1.61622
1838,4.66697,-1.61622
1839,4.66697,-1.61622
1840,4.66697,-1.61622
1841,4.66697,-1.61622
1842,4.66697,-1.61622
1843,4.66697,-1.61622
