n,tangent,t2
0,6.08579,-0.197396
1,6.08579,-0.197396
2,6.08579,-0.197396
3,6.08579,-0.197396
4,6.08579,-0.197396
5,6.08579,-0.197396
6,6.08579,-0.197396
7,6.00489,-0.2783
8,6.00489,-0.2783
9,6.00489,-0.2783
10,6.00489,-0.2783
11,6.00489,-0.2783
12,3.5221,-2.76109
13,3.5221,-2.76109
14,3.5221,-2.76109
15,3.38657,-2.89661
16,3.38657,-2.89661
17,3.38657,-2.89661
18,3.38657,-2.89661
19,4.46741,-1.81577
20,4.46741,-1.81577
21,4.95737,-1.32582
22,4.95737,-1.32582
23,6.19253,-0.0906599
24,6.19253,-0.0906599
25,6.19253,-0.0906599
26,6.19253,-0.0906599
27,6.19253,-0.0906599
28,6.19253,-0.0906599
29,6.19253,-0.0906599
30,6.19253,-0.0906599
31,6.19253,-0.0906599
32,6.19253,-0.0906599
33,6.19253,-0.0906599
34,5.69518,-0.588003
35,5.45781,-0.825377
36,5.45781,-0.825377
37,5.45781,-0.825377
38,5.45781,-0.825377
39,5.45781,-0.825377
40,5.45781,-0.825377
41,5.45781,-0.825377
42,5.45781,-0.825377
43,5.45781,-0.825377
44,5.45781,-0.825377
45,5.45781,-0.825377
46,5.45781,-0.825377
47,5.45781,-0.825377
48,5.45781,-0.825377
49,5.53777,-0.745419
50,5.53777,-0.745419
51,5.53777,-0.745419
52,5.53777,-0.745419
53,5.53777,-0.745419
54,5.53777,-0.745419
55,5.53777,-0.745419
56,5.53777,-0.745419
57,5.53777,-0.745419
58,5.53777,-0.745419
59,5.53777,-0.745419
60,5.74277,-0.54042
61,5.74277,-0.54042
62,5.74277,-0.54042
63,5.74277,-0.54042
64,5.74277,-0.54042
65,5.63968,-0.643501
66,5.63968,-0.643501
67,5.63968,-0.643501
68,5.63968,-0.643501
69,5.63968,-0.643501
70,6.00489,-0.2783
71,6.00489,-0.2783
72,6.00489,-0.2783
73,6.00489,-0.2783
74,6.00489,-0.2783
75,6.00489,-0.2783
76,6.00489,-0.2783
77,6.00489,-0.2783
78,6.00489,-0.2783
79,6.00489,-0.2783
80,6.00489,-0.2783
81,6.00489,-0.2783
82,5.69518,-0.588003
83,5.69518,-0.588003
84,5.69518,-0.588003
85,6.03821,-0.244979
86,6.03821,-0.244979
87,6.03821,-0.244979
88,6.03821,-0.244979
89,4.95737,-1.32582
90,4.95737,-1.32582
91,4.95737,-1.32582
92,4.95737,-1.32582
93,5.11728,-1.1659
94,5.11728,-1.1659
95,5.11728,-1.1659
96,5.23154,-1.05165
97,5.23154,-1.05165
98,5.23154,-1.05165
99,5.27099,-1.0122
100,5.27099,-1.0122
101,5.27099,-1.0122
102,5.33264,-0.950547
103,5.33264,-0.950547
104,5.33264,-0.950547
105,5.33264,-0.950547
106,5.33264,-0.950547
107,5.33264,-0.950547
108,5.33264,-0.950547
109,5.03414,-1.24905
110,5.03414,-1.24905
111,5.03414,-1.24905
112,5.03414,-1.24905
113,5.03414,-1.24905
114,3.68201,-2.60117
115,3.68201,-2.60117
116,3.68201,-2.60117
117,3.68201,-2.60117
118,3.68201,-2.60117
119,3.68201,-2.60117
120,4.12439,-2.1588
121,4.12439,-2.1588
122,5.30039,-0.982794
123,5.30039,-0.982794
124,5.69518,-0.588003
125,5.69518,-0.588003
126,5.69518,-0.588003
127,5.69518,-0.588003
128,5.69518,-0.588003
129,5.69518,-0.588003
130,5.96143,-0.321751
131,5.96143,-0.321751
132,5.96143,-0.321751
133,5.96143,-0.321751
134,3.66074,-2.62245
135,3.66074,-2.62245
136,3.66074,-2.62245
137,3.66074,-2.62245
138,3.66074,-2.62245
139,3.54648,-2.7367
140,3.54648,-2.7367
141,3.54648,-2.7367
142,3.33899,-2.9442
143,3.33899,-2.9442
144,3.33899,-2.9442
145,3.33899,-2.9442
146,3.33899,-2.9442
147,3.7296,-2.55359
148,3.7296,-2.55359
149,3.7296,-2.55359
150,3.38657,-2.89661
151,3.38657,-2.89661
152,2.89661,2.89661
153,2.89661,2.89661
154,2.55359,2.55359
155,2.55359,2.55359
156,2.55359,2.55359
157,2.55359,2.55359
158,2.55359,2.55359
159,2.55359,2.55359
160,2.55359,2.55359
161,4.12439,-2.1588
162,4.12439,-2.1588
163,4.12439,-2.1588
164,4.12439,-2.1588
165,3.21836,-3.06482
166,3.21836,-3.06482
167,3.21836,-3.06482
168,3.21836,-3.06482
169,3.21836,-3.06482
170,3.21836,-3.06482
171,3.21836,-3.06482
172,3.21836,-3.06482
173,3.21836,-3.06482
174,3.21836,-3.06482
175,3.21836,-3.06482
176,3.21836,-3.06482
177,3.21836,-3.06482
178,3.54648,-2.7367
179,3.54648,-2.7367
180,3.54648,-2.7367
181,3.66074,-2.62245
182,3.66074,-2.62245
183,3.66074,-2.62245
184,3.81633,-2.46685
185,3.81633,-2.46685
186,3.81633,-2.46685
187,4.03765,-2.24554
188,4.03765,-2.24554
189,4.03765,-2.24554
190,4.17197,-2.11122
191,4.17197,-2.11122
192,4.35362,-1.92957
193,4.35362,-1.92957
194,4.35362,-1.92957
195,4.43409,-1.8491
196,4.43409,-1.8491
197,4.62925,-1.65394
198,4.62925,-1.65394
199,4.62925,-1.65394
200,4.62925,-1.65394
201,4.62925,-1.65394
202,4.62925,-1.65394
203,4.79553,-1.48766
204,4.79553,-1.48766
205,4.79553,-1.48766
206,4.79553,-1.48766
207,4.79553,-1.48766
208,4.79553,-1.48766
209,4.79553,-1.48766
210,4.79553,-1.48766
211,4.79553,-1.48766
212,4.79553,-1.48766
213,4.79553,-1.48766
214,4.79553,-1.48766
215,4.60173,-1.68145
216,4.60173,-1.68145
217,4.60173,-1.68145
218,4.60173,-1.68145
219,4.12439,-2.1588
220,3.68201,-2.60117
221,3.68201,-2.60117
222,3.68201,-2.60117
223,3.68201,-2.60117
224,3.68201,-2.60117
225,3.68201,-2.60117
226,4.54724,-1.73595
227,4.54724,-1.73595
228,4.54724,-1.73595
229,4.54724,-1.73595
230,4.54724,-1.73595
231,4.54724,-1.73595
232,4.54724,-1.73595
233,4.54724,-1.73595
234,5.60844,-0.674741
235,5.60844,-0.674741
236,5.60844,-0.674741
237,5.60844,-0.674741
238,5.60844,-0.674741
239,5.60844,-0.674741
240,5.96143,-0.321751
241,5.96143,-0.321751
242,0.321751,0.321751
243,0.321751,0.321751
244,0.321751,0.321751
245,4.80305,-1.48014
246,4.80305,-1.48014
247,4.80305,-1.48014
248,4.80305,-1.48014
249,4.80305,-1.48014
250,4.80305,-1.48014
251,4.62173,-1.66146
252,4.62173,-1.66146
253,4.62173,-1.66146
254,4.62173,-1.66146
255,4.62173,-1.66146
256,3.60524,-2.67795
257,3.60524,-2.67795
258,4.33188,-1.9513
259,4.33188,-1.9513
260,4.33188,-1.9513
261,4.33188,-1.9513
262,4.33188,-1.9513
263,5.03414,-1.24905
264,5.30039,-0.982794
265,5.69518,-0.588003
266,5.69518,-0.588003
267,5.69518,-0.588003
268,4.74571,-1.53748
269,4.74571,-1.53748
270,4.74571,-1.53748
271,4.74571,-1.53748
272,4.74571,-1.53748
273,4.74571,-1.53748
274,4.74571,-1.53748
275,4.74571,-1.53748
276,4.74571,-1.53748
277,4.74571,-1.53748
278,4.74571,-1.53748
279,4.74571,-1.53748
280,4.74571,-1.53748
281,4.74571,-1.53748
282,4.74571,-1.53748
283,4.67907,-1.60412
284,4.67907,-1.60412
285,4.67907,-1.60412
286,4.67907,-1.60412
287,4.67907,-1.60412
288,4.67907,-1.60412
289,4.67907,-1.60412
290,4.67907,-1.60412
291,4.67907,-1.60412
292,4.67907,-1.60412
293,4.67907,-1.60412
294,4.67907,-1.60412
295,4.67907,-1.60412
296,4.67907,-1.60412
297,4.67907,-1.60412
298,4.49372,-1.78947
299,4.49372,-1.78947
300,4.49372,-1.78947
301,4.49372,-1.78947
302,4.49372,-1.78947
303,3.38657,-2.89661
304,3.38657,-2.89661
305,3.38657,-2.89661
306,3.38657,-2.89661
307,3.38657,-2.89661
308,5.69518,-0.588003
309,5.69518,-0.588003
310,5.96143,-0.321751
311,5.96143,-0.321751
312,5.96143,-0.321751
313,4.95737,-1.32582
314,4.95737,-1.32582
315,4.61272,-1.67046
316,4.61272,-1.67046
317,4.61272,-1.67046
318,4.61272,-1.67046
319,4.61272,-1.67046
320,4.61272,-1.67046
321,4.61272,-1.67046
322,4.61272,-1.67046
323,4.81206,-1.47113
324,4.81206,-1.47113
325,4.81206,-1.47113
326,4.81206,-1.47113
327,4.81206,-1.47113
328,4.81206,-1.47113
329,4.81206,-1.47113
330,4.12439,-2.1588
331,4.12439,-2.1588
332,4.12439,-2.1588
333,4.12439,-2.1588
334,4.12439,-2.1588
335,5.49779,-0.785398
336,5.49779,-0.785398
337,3.46334,-2.81984
338,3.46334,-2.81984
339,3.46334,-2.81984
340,3.46334,-2.81984
341,5.81954,-0.463648
342,5.81954,-0.463648
343,5.81954,-0.463648
344,5.81954,-0.463648
345,0.588003,0.588003
346,0.588003,0.588003
347,0.588003,0.588003
348,0.165149,0.165149
349,0.165149,0.165149
350,0.165149,0.165149
351,6.11804,-0.165149
352,6.11804,-0.165149
353,6.11804,-0.165149
354,6.11804,-0.165149
355,6.11804,-0.165149
356,0.785398,0.785398
357,0.785398,0.785398
358,6.00489,-0.2783
359,6.00489,-0.2783
360,6.00489,-0.2783
361,6.00489,-0.2783
362,6.00489,-0.2783
363,6.08579,-0.197396
364,6.08579,-0.197396
365,6.08579,-0.197396
366,6.08579,-0.197396
367,6.08579,-0.197396
368,5.90268,-0.380506
369,5.90268,-0.380506
370,5.74277,-0.54042
371,5.74277,-0.54042
372,5.74277,-0.54042
373,5.74277,-0.54042
374,5.74277,-0.54042
375,1.10715,1.10715
376,1.10715,1.10715
377,0.0996687,0.0996687
378,0.0996687,0.0996687
379,0.0996687,0.0996687
380,0.0996687,0.0996687
381,0.0996687,0.0996687
382,0.0996687,0.0996687
383,0.0996687,0.0996687
384,0.0996687,0.0996687
385,0.0996687,0.0996687
386,0.0996687,0.0996687
387,0.380506,0.380506
388,0.380506,0.380506
389,0.380506,0.380506
390,1.19029,1.19029
391,1.19029,1.19029
392,1.19029,1.19029
393,1.44644,1.44644
394,1.44644,1.44644
395,1.44644,1.44644
396,1.44644,1.44644
397,1.66575,1.66575
398,1.66575,1.66575
399,1.66575,1.66575
400,1.66575,1.66575
401,1.66575,1.66575
402,1.66575,1.66575
403,1.66575,1.66575
404,1.66575,1.66575
405,1.66575,1.66575
406,1.66575,1.66575
407,1.66575,1.66575
408,1.66575,1.66575
409,1.66575,1.66575
410,1.66575,1.66575
411,1.66575,1.66575
412,1.66575,1.66575
413,1.64757,1.64757
414,1.64757,1.64757
415,1.64757,1.64757
416,1.64757,1.64757
417,1.64757,1.64757
418,1.64757,1.64757
419,1.64757,1.64757
420,1.49402,1.49402
421,1.49402,1.49402
422,1.49402,1.49402
423,1.49402,1.49402
424,1.49402,1.49402
425,1.49402,1.49402
426,1.49402,1.49402
427,5.49779,-0.785398
428,5.49779,-0.785398
429,1.19029,1.19029
430,1.19029,1.19029
431,1.19029,1.19029
432,1.19029,1.19029
433,1.19029,1.19029
434,1.19029,1.19029
435,1.03038,1.03038
436,1.03038,1.03038
437,1.03038,1.03038
438,1.03038,1.03038
439,1.03038,1.03038
440,1.19029,1.19029
441,1.49402,1.49402
442,1.49402,1.49402
443,1.49402,1.49402
444,1.49402,1.49402
445,1.49402,1.49402
446,1.49402,1.49402
447,1.49402,1.49402
448,1.49402,1.49402
449,1.49402,1.49402
450,1.49402,1.49402
451,1.49402,1.49402
452,1.49402,1.49402
453,1.49402,1.49402
454,1.49402,1.49402
455,1.49402,1.49402
456,1.49402,1.49402
457,1.49402,1.49402
458,1.49402,1.49402
459,1.49402,1.49402
460,1.49402,1.49402
461,1.49402,1.49402
462,1.64757,1.64757
463,1.64757,1.64757
464,1.64757,1.64757
465,1.64757,1.64757
466,1.64757,1.64757
467,1.64757,1.64757
468,1.64757,1.64757
469,1.64757,1.64757
470,1.64757,1.64757
471,1.64757,1.64757
472,1.64757,1.64757
473,1.44644,1.44644
474,1.44644,1.44644
475,1.44644,1.44644
476,1.44644,1.44644
477,1.44644,1.44644
478,1.44644,1.44644
479,2.03444,2.03444
480,2.03444,2.03444
481,1.10715,1.10715
482,0.244979,0.244979
483,0.244979,0.244979
484,6.03821,-0.244979
485,6.03821,-0.244979
486,6.03821,-0.244979
487,6.03821,-0.244979
488,0.463648,0.463648
489,1.10715,1.10715
490,1.10715,1.10715
491,0.179853,0.179853
492,0.179853,0.179853
493,0.179853,0.179853
494,0.179853,0.179853
495,0.179853,0.179853
496,0.179853,0.179853
497,0.179853,0.179853
498,0.179853,0.179853
499,0.179853,0.179853
500,0.179853,0.179853
501,0.179853,0.179853
502,0.179853,0.179853
503,0.2783,0.2783
504,0.2783,0.2783
505,0.2783,0.2783
506,0.2783,0.2783
507,0.2783,0.2783
508,0.124355,0.124355
509,0.124355,0.124355
510,0.124355,0.124355
511,0.124355,0.124355
512,0.124355,0.124355
513,0.124355,0.124355
514,0.124355,0.124355
515,0.124355,0.124355
516,0.694738,0.694738
517,0.694738,0.694738
518,0.694738,0.694738
519,0.694738,0.694738
520,0.694738,0.694738
521,0.694738,0.694738
522,0.694738,0.694738
523,0.694738,0.694738
524,0.694738,0.694738
525,0.694738,0.694738
526,5.81954,-0.463648
527,5.81954,-0.463648
528,5.81954,-0.463648
529,0.950547,0.950547
530,0.950547,0.950547
531,0.950547,0.950547
532,0.950547,0.950547
533,0.950547,0.950547
534,0.950547,0.950547
535,0.950547,0.950547
536,1.0122,1.0122
537,1.0122,1.0122
538,1.05165,1.05165
539,1.05165,1.05165
540,1.05165,1.05165
541,1.1659,1.1659
542,1.1659,1.1659
543,1.1659,1.1659
544,1.32582,1.32582
545,1.32582,1.32582
546,1.32582,1.32582
547,1.32582,1.32582
548,0.982794,0.982794
549,0.982794,0.982794
550,0.982794,0.982794
551,0.982794,0.982794
552,0.982794,0.982794
553,0.982794,0.982794
554,5.49779,-0.785398
555,5.49779,-0.785398
556,0.982794,0.982794
557,0.982794,0.982794
558,1.2925,1.2925
559,1.2925,1.2925
560,1.2925,1.2925
561,1.2925,1.2925
562,1.5153,1.5153
563,1.5153,1.5153
564,1.5153,1.5153
565,1.5153,1.5153
566,1.5153,1.5153
567,1.5153,1.5153
568,1.5153,1.5153
569,1.5153,1.5153
570,1.5153,1.5153
571,1.62629,1.62629
572,1.62629,1.62629
573,1.62629,1.62629
574,1.62629,1.62629
575,1.62629,1.62629
576,1.62629,1.62629
577,1.62629,1.62629
578,1.62629,1.62629
579,1.62629,1.62629
580,1.75065,1.75065
581,1.75065,1.75065
582,1.75065,1.75065
583,1.75065,1.75065
584,1.75065,1.75065
585,1.75065,1.75065
586,1.75065,1.75065
587,1.75065,1.75065
588,1.75065,1.75065
589,1.40565,1.40565
590,1.40565,1.40565
591,1.40565,1.40565
592,1.40565,1.40565
593,1.40565,1.40565
594,1.62075,1.62075
595,1.62075,1.62075
596,1.62075,1.62075
597,1.62075,1.62075
598,1.62075,1.62075
599,1.62075,1.62075
600,1.62075,1.62075
601,1.62075,1.62075
602,1.62075,1.62075
603,1.62075,1.62075
604,1.62075,1.62075
605,1.62075,1.62075
606,1.62075,1.62075
607,1.62075,1.62075
608,1.62075,1.62075
609,1.62075,1.62075
610,1.62075,1.62075
611,1.62075,1.62075
612,1.62075,1.62075
613,1.62075,1.62075
614,1.62075,1.62075
615,1.62075,1.62075
616,1.62075,1.62075
617,1.62075,1.62075
618,1.98902,1.98902
619,1.98902,1.98902
620,1.98902,1.98902
621,1.98902,1.98902
622,1.98902,1.98902
623,2.07789,2.07789
624,2.07789,2.07789
625,2.07789,2.07789
626,2.07789,2.07789
627,2.24554,2.24554
628,2.24554,2.24554
629,2.24554,2.24554
630,2.46685,2.46685
631,2.46685,2.46685
632,2.46685,2.46685
633,2.52134,2.52134
634,2.52134,2.52134
635,2.52134,2.52134
636,2.52134,2.52134
637,2.52134,2.52134
638,2.52134,2.52134
639,2.52134,2.52134
640,2.52134,2.52134
641,2.52134,2.52134
642,2.2143,2.2143
643,2.2143,2.2143
644,1.73595,1.73595
645,1.73595,1.73595
646,1.73595,1.73595
647,1.73595,1.73595
648,1.73595,1.73595
649,1.73595,1.73595
650,1.8491,1.8491
651,1.8491,1.8491
652,1.8491,1.8491
653,1.8491,1.8491
654,2.24554,2.24554
655,2.24554,2.24554
656,2.24554,2.24554
657,2.46685,2.46685
658,2.46685,2.46685
659,2.46685,2.46685
660,2.46685,2.46685
661,2.46685,2.46685
662,1.78947,1.78947
663,1.78947,1.78947
664,1.78947,1.78947
665,1.78947,1.78947
666,1.78947,1.78947
667,1.78947,1.78947
668,1.78947,1.78947
669,1.78947,1.78947
670,1.78947,1.78947
671,1.78947,1.78947
672,2.24554,2.24554
673,2.24554,2.24554
674,2.24554,2.24554
675,2.46685,2.46685
676,2.46685,2.46685
677,2.46685,2.46685
678,2.60117,2.60117
679,2.60117,2.60117
680,2.76109,2.76109
681,3.01724,3.01724
682,3.01724,3.01724
683,3.01724,3.01724
684,3.01724,3.01724
685,3.26595,-3.01724
686,3.26595,-3.01724
687,3.26595,-3.01724
688,3.26595,-3.01724
689,3.76184,-2.52134
690,3.76184,-2.52134
691,3.76184,-2.52134
692,3.76184,-2.52134
693,3.76184,-2.52134
694,3.76184,-2.52134
695,3.76184,-2.52134
696,4.06889,-2.2143
697,4.06889,-2.2143
698,4.17197,-2.11122
699,4.17197,-2.11122
700,4.33188,-1.9513
701,4.58803,-1.69515
702,4.58803,-1.69515
703,4.58803,-1.69515
704,4.58803,-1.69515
705,4.58803,-1.69515
706,4.58803,-1.69515
707,4.58803,-1.69515
708,4.58803,-1.69515
709,4.12439,-2.1588
710,4.12439,-2.1588
711,4.12439,-2.1588
712,4.43409,-1.8491
713,4.43409,-1.8491
714,4.43409,-1.8491
715,4.43409,-1.8491
716,4.43409,-1.8491
717,4.43409,-1.8491
718,4.95737,-1.32582
719,4.95737,-1.32582
720,4.95737,-1.32582
721,4.95737,-1.32582
722,4.24874,-2.03444
723,3.60524,-2.67795
724,3.60524,-2.67795
725,4.24874,-2.03444
726,5.03414,-1.24905
727,5.03414,-1.24905
728,5.03414,-1.24905
729,5.03414,-1.24905
730,4.39064,-1.89255
731,3.78509,-2.49809
732,3.78509,-2.49809
733,3.78509,-2.49809
734,3.78509,-2.49809
735,3.78509,-2.49809
736,3.78509,-2.49809
737,3.78509,-2.49809
738,3.26595,-3.01724
739,3.26595,-3.01724
740,3.26595,-3.01724
741,3.26595,-3.01724
742,3.01724,3.01724
743,3.01724,3.01724
744,3.01724,3.01724
745,3.01724,3.01724
746,2.85014,2.85014
747,2.85014,2.85014
748,2.85014,2.85014
749,2.85014,2.85014
750,2.85014,2.85014
751,2.85014,2.85014
752,2.85014,2.85014
753,2.85014,2.85014
754,2.49809,2.49809
755,2.49809,2.49809
756,2.49809,2.49809
757,2.49809,2.49809
758,2.49809,2.49809
759,2.76109,2.76109
760,2.76109,2.76109
761,2.76109,2.76109
762,2.76109,2.76109
763,2.76109,2.76109
764,2.60117,2.60117
765,2.60117,2.60117
766,2.60117,2.60117
767,2.60117,2.60117
768,2.81984,2.81984
769,2.81984,2.81984
770,2.81984,2.81984
771,2.55359,2.55359
772,2.55359,2.55359
773,2.55359,2.55359
774,2.55359,2.55359
775,2.55359,2.55359
776,2.55359,2.55359
777,2.55359,2.55359
778,2.55359,2.55359
779,2.81984,2.81984
780,2.81984,2.81984
781,2.81984,2.81984
782,2.03444,2.03444
783,2.03444,2.03444
784,2.55359,2.55359
785,2.55359,2.55359
786,2.55359,2.55359
787,2.55359,2.55359
788,2.55359,2.55359
789,2.87534,2.87534
790,2.87534,2.87534
791,2.87534,2.87534
792,2.87534,2.87534
793,2.87534,2.87534
794,2.87534,2.87534
795,2.87534,2.87534
796,2.87534,2.87534
797,2.87534,2.87534
798,2.87534,2.87534
799,2.87534,2.87534
800,3.43305,-2.85014
801,3.43305,-2.85014
802,3.43305,-2.85014
803,3.43305,-2.85014
804,3.43305,-2.85014
805,3.43305,-2.85014
806,3.43305,-2.85014
807,3.43305,-2.85014
808,3.43305,-2.85014
809,3.43305,-2.85014
810,4.24874,-2.03444
811,4.24874,-2.03444
