n,tangent,t2
0,4.93106,-1.35213
1,4.93106,-1.35213
2,4.93106,-1.35213
3,4.93106,-1.35213
4,4.93106,-1.35213
5,4.93106,-1.35213
6,4.93106,-1.35213
7,4.93106,-1.35213
8,4.93106,-1.35213
9,4.93106,-1.35213
10,4.93106,-1.35213
11,4.93106,-1.35213
12,4.93106,-1.35213
13,4.93106,-1.35213
14,4.93106,-1.35213
15,5.0929,-1.19029
16,5.0929,-1.19029
17,5.0929,-1.19029
18,5.0929,-1.19029
19,4.92645,-1.35674
20,4.92645,-1.35674
21,4.92645,-1.35674
22,4.92645,-1.35674
23,4.92645,-1.35674
24,4.92645,-1.35674
25,4.92645,-1.35674
26,4.92645,-1.35674
27,4.92645,-1.35674
28,4.92645,-1.35674
29,4.92645,-1.35674
30,4.92645,-1.35674
31,4.92645,-1.35674
32,4.92645,-1.35674
33,4.92645,-1.35674
34,4.92645,-1.35674
35,4.92645,-1.35674
36,4.92645,-1.35674
37,4.92645,-1.35674
38,4.88706,-1.39612
39,4.88706,-1.39612
40,4.88706,-1.39612
41,4.88706,-1.39612
42,4.88706,-1.39612
43,4.88706,-1.39612
44,4.88706,-1.39612
45,4.86504,-1.41815
46,4.86504,-1.41815
47,4.86504,-1.41815
48,4.82305,-1.46014
49,4.82305,-1.46014
50,4.82305,-1.46014
51,4.82305,-1.46014
52,4.82305,-1.46014
53,4.82305,-1.46014
54,4.82305,-1.46014
55,4.82305,-1.46014
56,4.82305,-1.46014
57,4.86504,-1.41815
58,4.86504,-1.41815
59,4.86504,-1.41815
60,4.86504,-1.41815
61,4.86504,-1.41815
62,4.86504,-1.41815
63,4.86504,-1.41815
64,4.86504,-1.41815
65,4.86504,-1.41815
66,4.86504,-1.41815
67,4.86504,-1.41815
68,4.86504,-1.41815
69,4.86504,-1.41815
70,4.86504,-1.41815
71,4.86504,-1.41815
72,4.89224,-1.39094
73,4.89224,-1.39094
74,4.89224,-1.39094
75,4.89224,-1.39094
76,4.89224,-1.39094
77,4.89224,-1.39094
78,4.99844,-1.28474
79,4.99844,-1.28474
80,4.99844,-1.28474
81,4.99844,-1.28474
82,4.99844,-1.28474
83,4.99844,-1.28474
84,4.99844,-1.28474
85,4.99844,-1.28474
86,4.99844,-1.28474
87,4.99844,-1.28474
88,4.99844,-1.28474
89,4.99844,-1.28474
90,4.99844,-1.28474
91,4.99844,-1.28474
92,4.99844,-1.28474
93,4.99844,-1.28474
94,4.99844,-1.28474
95,4.99844,-1.28474
96,4.87754,-1.40565
97,4.87754,-1.40565
98,4.87754,-1.40565
99,4.87754,-1.40565
100,4.87754,-1.40565
101,4.87754,-1.40565
102,4.99069,-1.2925
103,4.99069,-1.2925
104,5.07116,-1.21203
105,5.07116,-1.21203
106,5.07116,-1.21203
107,5.07116,-1.21203
108,5.25281,-1.03038
109,5.37343,-0.909753
110,5.37343,-0.909753
111,5.37343,-0.909753
112,5.37343,-0.909753
113,5.37343,-0.909753
114,5.37343,-0.909753
115,5.37343,-0.909753
116,5.42102,-0.86217
117,5.42102,-0.86217
118,5.42102,-0.86217
119,5.42102,-0.86217
120,5.42102,-0.86217
121,5.57456,-0.708626
122,5.57456,-0.708626
123,5.57456,-0.708626
124,5.57456,-0.708626
125,5.57456,-0.708626
126,5.66294,-0.620249
127,5.66294,-0.620249
128,5.66294,-0.620249
129,5.66294,-0.620249
130,5.66294,-0.620249
131,5.66294,-0.620249
132,5.66294,-0.620249
133,5.60844,-0.674741
134,5.60844,-0.674741
135,5.60844,-0.674741
136,5.60844,-0.674741
137,5.60844,-0.674741
138,5.60844,-0.674741
139,5.60844,-0.674741
140,5.78384,-0.499347
141,5.78384,-0.499347
142,5.78384,-0.499347
143,5.78384,-0.499347
144,5.78384,-0.499347
145,5.78384,-0.499347
146,5.78384,-0.499347
147,5.78384,-0.499347
148,5.78384,-0.499347
149,5.78384,-0.499347
150,5.78384,-0.499347
151,5.78384,-0.499347
152,5.78384,-0.499347
153,5.78384,-0.499347
154,5.72459,-0.558599
155,5.72459,-0.558599
156,5.72459,-0.558599
157,5.66294,-0.620249
158,5.66294,-0.620249
159,5.66294,-0.620249
160,5.66294,-0.620249
161,5.66294,-0.620249
162,5.66294,-0.620249
163,5.66294,-0.620249
164,5.66294,-0.620249
165,5.66294,-0.620249
166,5.66294,-0.620249
167,5.66294,-0.620249
168,5.66294,-0.620249
169,6.00489,-0.2783
170,6.00489,-0.2783
171,6.00489,-0.2783
172,6.00489,-0.2783
173,6.13054,-0.152649
174,6.13054,-0.152649
175,6.13054,-0.152649
176,6.13054,-0.152649
177,6.13054,-0.152649
178,6.13054,-0.152649
179,6.13054,-0.152649
180,6.20641,-0.0767719
181,6.20641,-0.0767719
182,6.20641,-0.0767719
183,6.20641,-0.0767719
184,6.20641,-0.0767719
185,6.20641,-0.0767719
186,6.20641,-0.0767719
187,0.0767719,0.0767719
188,0.0767719,0.0767719
189,0.0767719,0.0767719
190,0.0767719,0.0767719
191,0.0767719,0.0767719
192,0.0767719,0.0767719
193,0.418224,0.418224
194,0.418224,0.418224
195,0.418224,0.418224
196,0.418224,0.418224
197,0.418224,0.418224
198,0.418224,0.418224
199,0.418224,0.418224
200,0.418224,0.418224
201,0.418224,0.418224
202,0.418224,0.418224
203,0.394791,0.394791
204,0.394791,0.394791
205,0.394791,0.394791
206,0.394791,0.394791
207,0.394791,0.394791
208,0.394791,0.394791
209,0.394791,0.394791
210,0.266252,0.266252
211,0.266252,0.266252
212,0.266252,0.266252
213,0.266252,0.266252
214,0.266252,0.266252
215,0.266252,0.266252
216,0.266252,0.266252
217,0.266252,0.266252
218,0.266252,0.266252
219,0.266252,0.266252
220,0.266252,0.266252
221,0.266252,0.266252
222,0.218669,0.218669
223,0.218669,0.218669
224,0.0454233,0.0454233
225,0.0454233,0.0454233
226,0.0454233,0.0454233
227,0.0454233,0.0454233
228,0.0454233,0.0454233
229,0.0454233,0.0454233
230,0.0454233,0.0454233
231,0.0454233,0.0454233
232,0.0454233,0.0454233
233,0.0454233,0.0454233
234,0.0454233,0.0454233
235,0.0454233,0.0454233
236,0.0454233,0.0454233
237,0.0454233,0.0454233
238,0.0454233,0.0454233
239,0.0454233,0.0454233
240,0.0454233,0.0454233
241,0.0454233,0.0454233
242,0.0454233,0.0454233
243,0.0454233,0.0454233
244,0.0454233,0.0454233
245,0.0454233,0.0454233
246,0.432408,0.432408
247,0.432408,0.432408
248,0.432408,0.432408
249,0.432408,0.432408
250,0.432408,0.432408
251,0.432408,0.432408
252,0.432408,0.432408
253,0.432408,0.432408
254,0.432408,0.432408
255,0.432408,0.432408
256,0.432408,0.432408
257,0.432408,0.432408
258,0.432408,0.432408
259,0.432408,0.432408
260,0.432408,0.432408
261,0.927295,0.927295
262,0.927295,0.927295
263,0.927295,0.927295
264,0.927295,0.927295
265,0.927295,0.927295
266,0.927295,0.927295
267,0.927295,0.927295
268,0.927295,0.927295
269,0.927295,0.927295
270,0.927295,0.927295
271,0.927295,0.927295
272,0.927295,0.927295
273,0.927295,0.927295
274,0.927295,0.927295
275,1.03038,1.03038
276,1.03038,1.03038
277,1.21203,1.21203
278,1.21203,1.21203
279,1.21203,1.21203
280,1.2925,1.2925
281,1.2925,1.2925
282,1.46014,1.46014
283,1.46014,1.46014
284,1.46014,1.46014
285,1.46014,1.46014
286,1.46014,1.46014
287,1.68145,1.68145
288,1.68145,1.68145
289,1.68145,1.68145
290,1.68145,1.68145
291,1.72345,1.72345
292,1.72345,1.72345
293,1.72345,1.72345
294,1.72345,1.72345
295,1.72345,1.72345
296,1.72345,1.72345
297,1.72345,1.72345
298,1.72345,1.72345
299,1.69515,1.69515
300,1.69515,1.69515
301,1.69515,1.69515
302,1.69515,1.69515
303,1.44644,1.44644
304,1.44644,1.44644
305,1.44644,1.44644
306,1.44644,1.44644
307,1.39094,1.39094
308,1.39094,1.39094
309,1.39094,1.39094
310,1.39094,1.39094
311,1.39094,1.39094
312,1.39094,1.39094
313,1.27934,1.27934
314,1.27934,1.27934
315,1.27934,1.27934
316,1.27934,1.27934
317,1.22203,1.22203
318,1.22203,1.22203
319,1.22203,1.22203
320,1.22203,1.22203
321,1.14417,1.14417
322,1.14417,1.14417
323,1.14417,1.14417
324,1.14417,1.14417
325,1.14417,1.14417
326,1.14417,1.14417
327,1.07145,1.07145
328,1.07145,1.07145
329,1.07145,1.07145
330,1.07145,1.07145
331,1.07145,1.07145
332,1.07145,1.07145
333,1.07145,1.07145
334,1.07145,1.07145
335,1.07145,1.07145
336,1.21203,1.21203
337,1.21203,1.21203
338,1.21203,1.21203
339,1.21203,1.21203
340,1.21203,1.21203
341,1.21203,1.21203
342,1.21203,1.21203
343,1.21203,1.21203
344,1.21203,1.21203
345,1.2925,1.2925
346,1.2925,1.2925
347,1.4289,1.4289
348,1.4289,1.4289
349,1.4289,1.4289
350,1.4289,1.4289
351,1.71269,1.71269
352,1.71269,1.71269
353,1.71269,1.71269
354,1.78947,1.78947
355,1.78947,1.78947
356,1.78947,1.78947
357,1.83705,1.83705
358,1.83705,1.83705
359,1.86225,1.86225
360,1.86225,1.86225
361,1.86225,1.86225
362,1.86225,1.86225
363,1.91957,1.91957
364,1.91957,1.91957
365,1.91957,1.91957
366,1.91957,1.91957
367,1.99742,1.99742
368,1.99742,1.99742
369,1.99742,1.99742
370,1.99742,1.99742
371,1.99742,1.99742
372,1.99742,1.99742
373,1.99742,1.99742
374,1.99742,1.99742
375,1.99742,1.99742
376,1.99742,1.99742
377,1.99742,1.99742
378,1.99742,1.99742
379,1.99742,1.99742
380,1.92957,1.92957
381,1.92957,1.92957
382,1.8491,1.8491
383,1.8491,1.8491
384,1.61244,1.61244
385,1.61244,1.61244
386,1.61244,1.61244
387,1.61244,1.61244
388,1.61244,1.61244
389,1.61244,1.61244
390,1.61244,1.61244
391,1.61244,1.61244
392,1.61244,1.61244
393,1.61244,1.61244
394,1.61244,1.61244
395,1.61244,1.61244
396,1.61244,1.61244
397,1.61244,1.61244
398,1.61244,1.61244
399,1.61244,1.61244
400,1.61244,1.61244
401,1.61244,1.61244
402,1.61244,1.61244
403,1.61244,1.61244
404,1.61244,1.61244
405,1.61244,1.61244
406,1.61244,1.61244
407,1.61244,1.61244
408,1.64474,1.64474
409,1.64474,1.64474
410,1.64474,1.64474
411,1.64474,1.64474
412,1.64474,1.64474
413,1.64474,1.64474
414,1.64474,1.64474
415,1.64474,1.64474
416,1.64474,1.64474
417,1.64474,1.64474
418,1.64474,1.64474
419,1.64474,1.64474
420,1.64474,1.64474
421,1.64474,1.64474
422,1.8491,1.8491
423,1.8491,1.8491
424,1.92957,1.92957
425,1.92957,1.92957
426,1.99742,1.99742
427,1.99742,1.99742
428,1.99742,1.99742
429,1.99742,1.99742
430,1.99742,1.99742
431,1.99742,1.99742
432,2.07014,2.07014
433,2.07014,2.07014
434,2.07014,2.07014
435,2.07014,2.07014
436,2.07014,2.07014
437,2.07014,2.07014
438,2.1294,2.1294
439,2.1294,2.1294
440,2.1294,2.1294
441,2.19105,2.19105
442,2.19105,2.19105
443,2.31917,2.31917
444,2.31917,2.31917
445,2.31917,2.31917
446,2.31917,2.31917
447,2.31917,2.31917
448,2.31917,2.31917
449,2.31917,2.31917
450,2.31917,2.31917
451,2.31917,2.31917
452,2.31917,2.31917
453,2.31917,2.31917
454,2.31917,2.31917
455,2.31917,2.31917
456,2.31917,2.31917
457,2.31917,2.31917
458,2.31917,2.31917
459,2.31917,2.31917
460,2.31917,2.31917
461,2.31917,2.31917
462,2.31917,2.31917
463,2.31917,2.31917
464,2.31917,2.31917
465,2.31917,2.31917
466,2.31917,2.31917
467,2.31917,2.31917
468,2.18152,2.18152
469,2.18152,2.18152
470,2.18152,2.18152
471,2.18152,2.18152
472,2.18152,2.18152
473,2.13753,2.13753
474,2.13753,2.13753
475,2.13753,2.13753
476,2.13753,2.13753
477,2.13753,2.13753
478,2.08994,2.08994
479,2.08994,2.08994
480,2.08994,2.08994
481,2.08994,2.08994
482,2.08994,2.08994
483,2.08994,2.08994
484,2.08994,2.08994
485,2.08994,2.08994
486,2.26553,2.26553
487,2.26553,2.26553
488,2.26553,2.26553
489,2.26553,2.26553
490,2.44685,2.44685
491,2.44685,2.44685
492,2.44685,2.44685
493,2.44685,2.44685
494,2.62245,2.62245
495,2.62245,2.62245
496,2.62245,2.62245
497,2.7367,2.7367
498,2.7367,2.7367
499,2.7367,2.7367
500,2.9442,2.9442
501,2.9442,2.9442
502,2.9442,2.9442
503,3.33899,-2.9442
504,3.33899,-2.9442
505,3.5221,-2.76109
506,3.5221,-2.76109
507,3.5221,-2.76109
508,3.5221,-2.76109
509,3.5221,-2.76109
510,3.5221,-2.76109
511,3.5221,-2.76109
512,3.5221,-2.76109
513,3.5221,-2.76109
514,3.68201,-2.60117
515,3.68201,-2.60117
516,3.68201,-2.60117
517,3.68201,-2.60117
518,3.33899,-2.9442
519,3.33899,-2.9442
520,3.33899,-2.9442
521,2.9442,2.9442
522,2.9442,2.9442
523,2.46685,2.46685
524,2.46685,2.46685
525,2.46685,2.46685
526,2.46685,2.46685
527,2.46685,2.46685
528,2.46685,2.46685
529,2.46685,2.46685
530,2.60117,2.60117
531,2.60117,2.60117
532,2.78282,2.78282
533,2.78282,2.78282
534,2.78282,2.78282
535,2.78282,2.78282
536,2.78282,2.78282
537,2.78282,2.78282
538,2.78282,2.78282
539,3.50036,-2.78282
540,3.50036,-2.78282
541,3.50036,-2.78282
542,3.50036,-2.78282
543,3.50036,-2.78282
544,3.50036,-2.78282
545,3.50036,-2.78282
546,3.68201,-2.60117
547,3.75232,-2.53087
548,3.75232,-2.53087
549,3.75232,-2.53087
550,3.75232,-2.53087
551,3.75232,-2.53087
552,3.75232,-2.53087
553,3.75232,-2.53087
554,3.75232,-2.53087
555,3.75232,-2.53087
556,3.75232,-2.53087
557,3.70832,-2.57486
558,3.70832,-2.57486
559,3.70832,-2.57486
560,3.70832,-2.57486
561,3.70832,-2.57486
562,3.70832,-2.57486
563,3.70832,-2.57486
564,3.5221,-2.76109
565,3.33899,-2.9442
566,3.33899,-2.9442
567,3.33899,-2.9442
568,2.92292,2.92292
569,2.92292,2.92292
570,2.92292,2.92292
571,2.92292,2.92292
572,2.92292,2.92292
573,2.92292,2.92292
574,2.92292,2.92292
575,2.76109,2.76109
576,2.76109,2.76109
577,2.60117,2.60117
578,2.60117,2.60117
579,2.60117,2.60117
580,2.60117,2.60117
581,2.81984,2.81984
582,2.81984,2.81984
583,2.81984,2.81984
584,2.55359,2.55359
585,2.55359,2.55359
586,2.55359,2.55359
587,3.03094,3.03094
588,3.03094,3.03094
589,3.03094,3.03094
590,3.03094,3.03094
591,3.03094,3.03094
592,3.25225,-3.03094
593,3.25225,-3.03094
594,3.25225,-3.03094
595,3.25225,-3.03094
596,3.54648,-2.7367
597,3.54648,-2.7367
598,3.54648,-2.7367
599,3.66074,-2.62245
600,3.66074,-2.62245
601,3.66074,-2.62245
602,3.83633,-2.44685
603,3.83633,-2.44685
604,3.83633,-2.44685
605,3.83633,-2.44685
606,4.01765,-2.26553
607,4.01765,-2.26553
608,4.01765,-2.26553
609,4.01765,-2.26553
610,4.20529,-2.07789
611,4.20529,-2.07789
612,4.20529,-2.07789
613,4.20529,-2.07789
614,4.20529,-2.07789
615,4.20529,-2.07789
616,4.20529,-2.07789
617,4.20529,-2.07789
618,4.20529,-2.07789
619,4.20529,-2.07789
620,4.20529,-2.07789
621,4.14566,-2.13753
622,4.14566,-2.13753
623,4.14566,-2.13753
624,4.14566,-2.13753
625,4.14566,-2.13753
626,4.14566,-2.13753
627,4.14566,-2.13753
628,4.14566,-2.13753
629,4.14566,-2.13753
630,4.14566,-2.13753
631,4.14566,-2.13753
632,4.14566,-2.13753
633,4.14566,-2.13753
634,4.14566,-2.13753
635,4.14566,-2.13753
636,4.14566,-2.13753
637,4.14566,-2.13753
638,4.14566,-2.13753
639,4.14566,-2.13753
640,4.14566,-2.13753
641,4.14566,-2.13753
642,4.09214,-2.19105
643,4.09214,-2.19105
644,3.97957,-2.30361
645,3.97957,-2.30361
646,3.97957,-2.30361
647,3.97957,-2.30361
648,3.97957,-2.30361
649,3.97957,-2.30361
650,3.97957,-2.30361
651,3.97957,-2.30361
652,3.97957,-2.30361
653,3.97957,-2.30361
654,3.97957,-2.30361
655,3.97957,-2.30361
656,3.97957,-2.30361
657,3.97957,-2.30361
658,3.97957,-2.30361
659,3.97957,-2.30361
660,3.97957,-2.30361
661,4.19324,-2.08994
662,4.19324,-2.08994
663,4.19324,-2.08994
664,4.3075,-1.97569
665,4.3075,-1.97569
666,4.3075,-1.97569
667,4.35362,-1.92957
668,4.35362,-1.92957
669,4.44614,-1.83705
670,4.44614,-1.83705
671,4.44614,-1.83705
672,4.44614,-1.83705
673,4.44614,-1.83705
674,4.49372,-1.78947
675,4.49372,-1.78947
676,4.57049,-1.71269
677,4.57049,-1.71269
678,4.57049,-1.71269
679,4.57049,-1.71269
680,4.57049,-1.71269
681,4.57049,-1.71269
682,4.57049,-1.71269
683,4.43409,-1.8491
684,4.43409,-1.8491
685,4.43409,-1.8491
686,4.43409,-1.8491
687,4.43409,-1.8491
688,4.61272,-1.67046
689,4.61272,-1.67046
690,4.61272,-1.67046
691,4.61272,-1.67046
692,4.61272,-1.67046
693,4.61272,-1.67046
694,4.61272,-1.67046
695,4.61272,-1.67046
696,4.61272,-1.67046
697,4.61272,-1.67046
