#Grabcut execution time: 0s 348ms 348642us 
0.0000              341.7065            
1.0000              198.8648            
2.0000              188.2007            
3.0000              187.8882            
4.0000              188.2585            
5.0000              187.7742            
6.0000              188.7286            
7.0000              189.2069            
8.0000              189.1661            
9.0000              188.7746            
10.0000             188.8914            
11.0000             188.5323            
12.0000             188.4324            
13.0000             188.2679            
14.0000             188.1163            
15.0000             188.3530            
16.0000             188.2240            
17.0000             188.2254            
18.0000             188.0506            
19.0000             188.1221            
20.0000             188.1978            
21.0000             188.4244            
22.0000             188.3074            
23.0000             188.3687            
24.0000             188.3239            
25.0000             188.2260            
26.0000             188.1565            
27.0000             188.0953            
28.0000             188.0848            
29.0000             188.1768            
30.0000             188.1896            
31.0000             188.1896            
#Execution time: 57s 57447ms 57447760us 
