n,tangent,t2
0,4.74016,-1.54303
1,4.74016,-1.54303
2,4.74016,-1.54303
3,4.74016,-1.54303
4,4.74016,-1.54303
5,4.74016,-1.54303
6,4.74016,-1.54303
7,4.74016,-1.54303
8,4.74016,-1.54303
9,4.74016,-1.54303
10,4.74016,-1.54303
11,4.74016,-1.54303
12,4.74016,-1.54303
13,4.74016,-1.54303
14,4.74016,-1.54303
15,4.74016,-1.54303
16,4.74016,-1.54303
17,4.74016,-1.54303
18,4.74016,-1.54303
19,4.74016,-1.54303
20,4.74016,-1.54303
21,4.74016,-1.54303
22,4.74016,-1.54303
23,4.74016,-1.54303
24,4.74016,-1.54303
25,4.74016,-1.54303
26,4.74016,-1.54303
27,4.74016,-1.54303
28,4.74016,-1.54303
29,4.74016,-1.54303
30,4.74016,-1.54303
31,4.74016,-1.54303
32,4.74016,-1.54303
33,4.74016,-1.54303
34,4.74016,-1.54303
35,4.74016,-1.54303
36,4.74016,-1.54303
37,5.0929,-1.19029
38,5.0929,-1.19029
39,5.0929,-1.19029
40,5.0929,-1.19029
41,4.74874,-1.53445
42,4.74874,-1.53445
43,4.74874,-1.53445
44,4.74874,-1.53445
45,4.74874,-1.53445
46,4.74874,-1.53445
47,4.74874,-1.53445
48,4.74874,-1.53445
49,4.74874,-1.53445
50,4.74874,-1.53445
51,4.74874,-1.53445
52,4.74874,-1.53445
53,4.74874,-1.53445
54,4.74874,-1.53445
55,4.74874,-1.53445
56,4.74874,-1.53445
57,4.74874,-1.53445
58,4.74874,-1.53445
59,4.74874,-1.53445
60,4.74874,-1.53445
61,4.74874,-1.53445
62,4.74874,-1.53445
63,4.74874,-1.53445
64,4.74874,-1.53445
65,4.74874,-1.53445
66,4.74874,-1.53445
67,4.74874,-1.53445
68,4.74874,-1.53445
69,4.71663,-1.56656
70,4.71663,-1.56656
71,4.71663,-1.56656
72,4.71663,-1.56656
73,4.71663,-1.56656
74,4.71663,-1.56656
75,4.71663,-1.56656
76,4.71663,-1.56656
77,4.71663,-1.56656
78,4.71663,-1.56656
79,4.71663,-1.56656
80,4.71663,-1.56656
81,4.71663,-1.56656
82,4.71663,-1.56656
83,4.71663,-1.56656
84,4.71663,-1.56656
85,4.71663,-1.56656
86,4.71663,-1.56656
87,4.71663,-1.56656
88,4.71663,-1.56656
89,4.71663,-1.56656
90,4.71663,-1.56656
91,4.71663,-1.56656
92,4.71663,-1.56656
93,4.71663,-1.56656
94,4.71663,-1.56656
95,4.71663,-1.56656
96,4.71663,-1.56656
97,4.71663,-1.56656
98,4.71663,-1.56656
99,4.71663,-1.56656
100,4.71663,-1.56656
101,4.71663,-1.56656
102,4.71663,-1.56656
103,4.71663,-1.56656
104,4.71663,-1.56656
105,4.71663,-1.56656
106,4.71663,-1.56656
107,4.71663,-1.56656
108,4.71663,-1.56656
109,4.71663,-1.56656
110,4.71663,-1.56656
111,4.71663,-1.56656
112,4.71663,-1.56656
113,4.71663,-1.56656
114,4.71663,-1.56656
115,4.71663,-1.56656
116,4.71663,-1.56656
117,4.71663,-1.56656
118,4.71663,-1.56656
119,4.71663,-1.56656
120,4.71663,-1.56656
121,4.71663,-1.56656
122,4.71663,-1.56656
123,4.71663,-1.56656
124,4.71663,-1.56656
125,4.71663,-1.56656
126,4.71663,-1.56656
127,4.71663,-1.56656
128,4.71663,-1.56656
129,4.71663,-1.56656
130,4.71663,-1.56656
131,4.71663,-1.56656
132,4.71663,-1.56656
133,4.71663,-1.56656
134,4.71663,-1.56656
135,4.71663,-1.56656
136,4.71663,-1.56656
137,4.71663,-1.56656
138,4.71663,-1.56656
139,4.71663,-1.56656
140,4.71663,-1.56656
141,4.71663,-1.56656
142,4.71663,-1.56656
143,4.71663,-1.56656
144,4.71663,-1.56656
145,4.71663,-1.56656
146,4.71663,-1.56656
147,4.71663,-1.56656
148,4.71663,-1.56656
149,4.71663,-1.56656
150,4.71663,-1.56656
151,4.71663,-1.56656
152,4.71663,-1.56656
153,4.71663,-1.56656
154,4.71663,-1.56656
155,4.71663,-1.56656
156,4.71663,-1.56656
157,4.71663,-1.56656
158,4.71663,-1.56656
159,4.71663,-1.56656
160,4.71663,-1.56656
161,4.71663,-1.56656
162,4.71663,-1.56656
163,4.71663,-1.56656
164,4.71663,-1.56656
165,4.71663,-1.56656
166,4.71663,-1.56656
167,4.71663,-1.56656
168,4.71663,-1.56656
169,4.71663,-1.56656
170,4.71663,-1.56656
171,4.71663,-1.56656
172,4.71663,-1.56656
173,4.71663,-1.56656
174,4.71663,-1.56656
175,4.71663,-1.56656
176,4.71663,-1.56656
177,4.71663,-1.56656
178,4.71663,-1.56656
179,4.71663,-1.56656
180,4.71663,-1.56656
181,4.71663,-1.56656
182,4.71663,-1.56656
183,4.71663,-1.56656
184,4.71663,-1.56656
185,4.71663,-1.56656
186,4.71663,-1.56656
187,4.71663,-1.56656
188,4.71663,-1.56656
189,4.71663,-1.56656
190,4.71663,-1.56656
191,4.71663,-1.56656
192,4.71663,-1.56656
193,4.71663,-1.56656
194,4.71663,-1.56656
195,4.71663,-1.56656
196,4.71663,-1.56656
197,4.71663,-1.56656
198,4.71663,-1.56656
199,4.71663,-1.56656
200,4.71663,-1.56656
201,4.71663,-1.56656
202,4.71663,-1.56656
203,4.71663,-1.56656
204,4.71663,-1.56656
205,4.71663,-1.56656
206,4.71663,-1.56656
207,4.71663,-1.56656
208,4.71663,-1.56656
209,4.71663,-1.56656
210,4.71663,-1.56656
211,4.71663,-1.56656
212,4.71663,-1.56656
213,4.71663,-1.56656
214,4.71663,-1.56656
215,4.71663,-1.56656
216,4.71663,-1.56656
217,4.71663,-1.56656
218,4.71663,-1.56656
219,4.71663,-1.56656
220,4.71663,-1.56656
221,4.71663,-1.56656
222,4.71663,-1.56656
223,4.71663,-1.56656
224,4.71663,-1.56656
225,4.71663,-1.56656
226,4.71663,-1.56656
227,4.71663,-1.56656
228,4.71663,-1.56656
229,4.71663,-1.56656
230,4.71663,-1.56656
231,4.71663,-1.56656
232,4.71663,-1.56656
233,4.71663,-1.56656
234,4.71663,-1.56656
235,4.71663,-1.56656
236,4.71663,-1.56656
237,4.71663,-1.56656
238,4.71663,-1.56656
239,4.71663,-1.56656
240,4.71663,-1.56656
241,4.71663,-1.56656
242,4.71663,-1.56656
243,4.71663,-1.56656
244,4.71663,-1.56656
245,4.71663,-1.56656
246,4.71663,-1.56656
247,4.71663,-1.56656
248,4.71663,-1.56656
249,4.71663,-1.56656
250,4.71663,-1.56656
251,4.71663,-1.56656
252,4.71663,-1.56656
253,4.71663,-1.56656
254,4.71663,-1.56656
255,4.71663,-1.56656
256,4.71663,-1.56656
257,4.71663,-1.56656
258,4.71663,-1.56656
259,4.71663,-1.56656
260,4.71663,-1.56656
261,4.71663,-1.56656
262,4.71663,-1.56656
263,4.71663,-1.56656
264,4.71663,-1.56656
265,4.71663,-1.56656
266,4.71663,-1.56656
267,4.71663,-1.56656
268,4.71663,-1.56656
269,4.71663,-1.56656
270,4.71663,-1.56656
271,4.71663,-1.56656
272,4.71663,-1.56656
273,4.71663,-1.56656
274,4.71663,-1.56656
275,4.71663,-1.56656
276,4.71663,-1.56656
277,4.71663,-1.56656
278,4.71663,-1.56656
279,4.71663,-1.56656
280,4.71663,-1.56656
281,4.71663,-1.56656
282,4.71663,-1.56656
283,4.71663,-1.56656
284,4.71663,-1.56656
285,4.71663,-1.56656
286,4.71663,-1.56656
287,4.71663,-1.56656
288,4.71663,-1.56656
289,4.71663,-1.56656
290,4.71663,-1.56656
291,4.71663,-1.56656
292,4.71663,-1.56656
293,4.71663,-1.56656
294,4.71663,-1.56656
295,4.71663,-1.56656
296,4.71663,-1.56656
297,4.71663,-1.56656
298,4.71663,-1.56656
299,4.71663,-1.56656
300,4.71663,-1.56656
301,4.71663,-1.56656
302,4.71663,-1.56656
303,4.71663,-1.56656
304,4.71663,-1.56656
305,4.78633,-1.49686
306,4.78633,-1.49686
307,4.78633,-1.49686
308,4.78633,-1.49686
309,4.78633,-1.49686
310,4.78633,-1.49686
311,4.78633,-1.49686
312,4.78633,-1.49686
313,4.78633,-1.49686
314,4.78633,-1.49686
315,4.78633,-1.49686
316,4.78633,-1.49686
317,4.78633,-1.49686
318,4.78633,-1.49686
319,4.93106,-1.35213
320,4.93106,-1.35213
321,4.93106,-1.35213
322,4.97864,-1.30454
323,4.97864,-1.30454
324,5.00385,-1.27934
325,5.00385,-1.27934
326,5.00385,-1.27934
327,5.00385,-1.27934
328,5.06116,-1.22203
329,5.06116,-1.22203
330,5.06116,-1.22203
331,5.06116,-1.22203
332,5.11728,-1.1659
333,5.11728,-1.1659
334,5.11728,-1.1659
335,5.23154,-1.05165
336,5.23154,-1.05165
337,5.23154,-1.05165
338,5.37343,-0.909753
339,5.37343,-0.909753
340,5.37343,-0.909753
341,5.37343,-0.909753
342,5.37343,-0.909753
343,5.37343,-0.909753
344,5.37343,-0.909753
345,5.40713,-0.876058
346,5.40713,-0.876058
347,5.40713,-0.876058
348,5.40713,-0.876058
349,5.40713,-0.876058
350,5.40713,-0.876058
351,5.40713,-0.876058
352,5.40713,-0.876058
353,5.40713,-0.876058
354,5.40713,-0.876058
355,5.40713,-0.876058
356,5.81954,-0.463648
357,5.81954,-0.463648
358,5.17604,-1.10715
359,5.17604,-1.10715
360,5.72459,-0.558599
361,5.72459,-0.558599
362,5.72459,-0.558599
363,5.72459,-0.558599
364,5.72459,-0.558599
365,5.72459,-0.558599
366,5.72459,-0.558599
367,5.72459,-0.558599
368,5.72459,-0.558599
369,5.72459,-0.558599
370,5.77609,-0.507099
371,5.77609,-0.507099
372,5.77609,-0.507099
373,5.77609,-0.507099
374,5.77609,-0.507099
375,5.86496,-0.418224
376,5.86496,-0.418224
377,5.86496,-0.418224
378,5.86496,-0.418224
379,5.86496,-0.418224
380,5.86496,-0.418224
381,5.86496,-0.418224
382,5.86496,-0.418224
383,5.86496,-0.418224
384,5.86496,-0.418224
385,5.76404,-0.519146
386,5.76404,-0.519146
387,5.76404,-0.519146
388,5.76404,-0.519146
389,5.76404,-0.519146
390,5.76404,-0.519146
391,5.76404,-0.519146
392,5.76404,-0.519146
393,5.76404,-0.519146
394,5.87829,-0.404892
395,5.87829,-0.404892
396,5.87829,-0.404892
397,5.92441,-0.358771
398,5.92441,-0.358771
399,6.00489,-0.2783
400,6.00489,-0.2783
401,6.17831,-0.104877
402,6.17831,-0.104877
403,6.17831,-0.104877
404,6.17831,-0.104877
405,6.17831,-0.104877
406,6.17831,-0.104877
407,6.17831,-0.104877
408,6.17831,-0.104877
409,6.17831,-0.104877
410,6.17831,-0.104877
411,6.23195,-0.0512372
412,6.23195,-0.0512372
413,6.23195,-0.0512372
414,6.23195,-0.0512372
415,6.23195,-0.0512372
416,6.23195,-0.0512372
417,6.23195,-0.0512372
418,6.23195,-0.0512372
419,6.23195,-0.0512372
420,6.23195,-0.0512372
421,6.23195,-0.0512372
422,6.23195,-0.0512372
423,6.23195,-0.0512372
424,6.23195,-0.0512372
425,6.23195,-0.0512372
426,6.23195,-0.0512372
427,6.23195,-0.0512372
428,6.23195,-0.0512372
429,6.23195,-0.0512372
430,6.23195,-0.0512372
431,6.23195,-0.0512372
432,6.23195,-0.0512372
433,6.23195,-0.0512372
434,6.23195,-0.0512372
435,6.23195,-0.0512372
436,6.23195,-0.0512372
437,6.23195,-0.0512372
438,6.23195,-0.0512372
439,6.23195,-0.0512372
440,6.23195,-0.0512372
441,6.23195,-0.0512372
442,6.23195,-0.0512372
443,6.23195,-0.0512372
444,6.23195,-0.0512372
445,6.23195,-0.0512372
446,6.23195,-0.0512372
447,6.23195,-0.0512372
448,6.23195,-0.0512372
449,6.23195,-0.0512372
450,6.23195,-0.0512372
451,6.20925,-0.073939
452,6.20925,-0.073939
453,6.20925,-0.073939
454,6.20925,-0.073939
455,6.20925,-0.073939
456,6.20925,-0.073939
457,6.20925,-0.073939
458,6.20925,-0.073939
459,6.20925,-0.073939
460,6.20925,-0.073939
461,6.20925,-0.073939
462,6.20925,-0.073939
463,6.20925,-0.073939
464,6.20925,-0.073939
465,6.20925,-0.073939
466,6.24617,-0.0370201
467,6.24617,-0.0370201
468,6.24617,-0.0370201
469,6.24617,-0.0370201
470,6.24617,-0.0370201
471,6.24617,-0.0370201
472,6.24617,-0.0370201
473,6.24617,-0.0370201
474,6.24617,-0.0370201
475,6.24617,-0.0370201
476,6.24617,-0.0370201
477,6.24617,-0.0370201
478,6.24617,-0.0370201
479,6.24617,-0.0370201
480,6.24617,-0.0370201
481,6.24617,-0.0370201
482,6.24617,-0.0370201
483,6.24617,-0.0370201
484,6.24617,-0.0370201
485,6.24617,-0.0370201
486,6.24617,-0.0370201
487,6.24617,-0.0370201
488,6.24617,-0.0370201
489,6.24617,-0.0370201
490,6.24617,-0.0370201
491,6.24617,-0.0370201
492,6.24617,-0.0370201
493,6.23444,-0.0487419
494,6.23444,-0.0487419
495,6.23444,-0.0487419
496,6.23444,-0.0487419
497,6.23444,-0.0487419
498,6.23444,-0.0487419
499,6.23444,-0.0487419
500,6.23444,-0.0487419
501,6.23444,-0.0487419
502,6.23444,-0.0487419
503,6.23444,-0.0487419
504,6.23444,-0.0487419
505,6.23444,-0.0487419
506,6.23444,-0.0487419
507,6.23444,-0.0487419
508,6.23444,-0.0487419
509,6.23444,-0.0487419
510,6.23444,-0.0487419
511,6.23444,-0.0487419
512,6.23444,-0.0487419
513,6.23444,-0.0487419
514,6.20336,-0.07983
515,6.20336,-0.07983
516,6.20336,-0.07983
517,6.20336,-0.07983
518,6.20336,-0.07983
519,6.20336,-0.07983
520,6.20336,-0.07983
521,6.20336,-0.07983
522,6.20336,-0.07983
523,6.20336,-0.07983
524,6.20336,-0.07983
525,6.20336,-0.07983
526,6.20336,-0.07983
527,6.20336,-0.07983
528,6.23973,-0.0434509
529,6.23973,-0.0434509
530,6.23973,-0.0434509
531,6.23973,-0.0434509
532,6.23973,-0.0434509
533,6.23973,-0.0434509
534,6.23973,-0.0434509
535,6.23973,-0.0434509
536,6.23973,-0.0434509
537,6.23973,-0.0434509
538,6.23973,-0.0434509
539,6.23973,-0.0434509
540,6.23973,-0.0434509
541,6.23973,-0.0434509
542,6.23973,-0.0434509
543,6.23973,-0.0434509
544,6.23973,-0.0434509
545,6.23973,-0.0434509
546,6.23973,-0.0434509
547,6.23973,-0.0434509
548,6.23973,-0.0434509
549,6.23973,-0.0434509
550,6.23973,-0.0434509
551,6.23195,-0.0512372
552,6.23195,-0.0512372
553,6.23195,-0.0512372
554,6.23195,-0.0512372
555,6.23195,-0.0512372
556,6.23195,-0.0512372
557,6.23195,-0.0512372
558,6.23195,-0.0512372
559,6.23195,-0.0512372
560,6.23195,-0.0512372
561,6.23195,-0.0512372
562,6.23195,-0.0512372
563,6.23195,-0.0512372
564,6.23195,-0.0512372
565,6.23195,-0.0512372
566,6.23195,-0.0512372
567,6.23195,-0.0512372
568,6.23195,-0.0512372
569,6.23195,-0.0512372
570,6.23195,-0.0512372
571,6.23195,-0.0512372
572,6.24872,-0.0344691
573,6.24872,-0.0344691
574,6.24872,-0.0344691
575,6.24872,-0.0344691
576,6.24872,-0.0344691
577,6.24872,-0.0344691
578,6.24872,-0.0344691
579,6.24872,-0.0344691
580,6.24872,-0.0344691
581,6.24872,-0.0344691
582,6.24872,-0.0344691
583,6.24872,-0.0344691
584,6.24872,-0.0344691
585,6.24872,-0.0344691
586,6.24872,-0.0344691
587,0.0344691,0.0344691
588,0.0344691,0.0344691
589,0.0344691,0.0344691
590,0.0344691,0.0344691
591,0.0344691,0.0344691
592,0.0344691,0.0344691
593,0.0344691,0.0344691
594,0.0344691,0.0344691
595,0.0344691,0.0344691
596,0.0344691,0.0344691
597,0.0344691,0.0344691
598,0.0344691,0.0344691
599,0.0344691,0.0344691
600,0.0344691,0.0344691
601,0.179853,0.179853
602,0.179853,0.179853
603,0.179853,0.179853
604,0.179853,0.179853
605,0.179853,0.179853
606,0.179853,0.179853
607,0.291457,0.291457
608,0.291457,0.291457
609,0.291457,0.291457
610,0.291457,0.291457
611,0.348771,0.348771
612,0.348771,0.348771
613,0.348771,0.348771
614,0.348771,0.348771
615,0.404892,0.404892
616,0.404892,0.404892
617,0.404892,0.404892
618,0.519146,0.519146
619,0.519146,0.519146
620,0.519146,0.519146
621,0.726642,0.726642
622,0.726642,0.726642
623,0.726642,0.726642
624,0.726642,0.726642
625,0.726642,0.726642
626,0.726642,0.726642
627,0.726642,0.726642
628,0.844154,0.844154
629,0.844154,0.844154
630,0.844154,0.844154
631,0.844154,0.844154
632,0.844154,0.844154
633,0.844154,0.844154
634,0.844154,0.844154
635,1.0637,1.0637
636,1.0637,1.0637
637,1.0637,1.0637
638,1.0637,1.0637
639,1.0637,1.0637
640,1.15257,1.15257
641,1.15257,1.15257
642,1.15257,1.15257
643,1.15257,1.15257
644,1.22777,1.22777
645,1.22777,1.22777
646,1.22777,1.22777
647,1.22777,1.22777
648,1.22777,1.22777
649,1.22777,1.22777
650,1.2723,1.2723
651,1.2723,1.2723
652,1.2723,1.2723
653,1.2723,1.2723
654,1.2723,1.2723
655,1.2723,1.2723
656,1.31019,1.31019
657,1.31019,1.31019
658,1.31019,1.31019
659,1.31019,1.31019
660,1.31019,1.31019
661,1.344,1.344
662,1.344,1.344
663,1.344,1.344
664,1.344,1.344
665,1.344,1.344
666,1.3633,1.3633
667,1.3633,1.3633
668,1.3633,1.3633
669,1.3633,1.3633
670,1.3633,1.3633
671,1.3633,1.3633
672,1.3633,1.3633
673,1.3633,1.3633
674,1.3633,1.3633
675,1.3633,1.3633
676,1.3633,1.3633
677,1.3633,1.3633
678,1.3633,1.3633
679,1.3633,1.3633
680,1.3633,1.3633
681,1.3633,1.3633
682,1.3633,1.3633
683,1.344,1.344
684,1.344,1.344
685,1.344,1.344
686,1.344,1.344
687,1.344,1.344
688,1.344,1.344
689,1.344,1.344
690,1.344,1.344
691,1.344,1.344
692,1.344,1.344
693,1.344,1.344
694,1.52084,1.52084
695,1.52084,1.52084
696,1.52084,1.52084
697,1.52084,1.52084
698,1.52084,1.52084
699,1.52084,1.52084
700,1.52084,1.52084
701,1.52084,1.52084
702,1.52084,1.52084
703,1.52084,1.52084
704,1.62075,1.62075
705,1.62075,1.62075
706,1.62075,1.62075
707,1.62075,1.62075
708,1.62075,1.62075
709,1.62075,1.62075
710,1.62075,1.62075
711,1.62075,1.62075
712,1.62075,1.62075
713,1.62075,1.62075
714,1.62075,1.62075
715,1.62075,1.62075
716,1.5153,1.5153
717,1.5153,1.5153
718,1.5153,1.5153
719,1.5153,1.5153
720,1.5153,1.5153
721,1.5153,1.5153
722,1.5153,1.5153
723,1.5153,1.5153
724,1.5153,1.5153
725,1.5153,1.5153
726,1.62629,1.62629
727,1.62629,1.62629
728,1.62629,1.62629
729,1.62629,1.62629
730,1.62629,1.62629
731,1.62629,1.62629
732,1.62629,1.62629
733,1.62629,1.62629
734,1.62629,1.62629
735,1.68791,1.68791
736,1.68791,1.68791
737,1.68791,1.68791
738,1.68791,1.68791
739,1.68791,1.68791
740,1.68791,1.68791
741,1.68791,1.68791
742,1.68791,1.68791
743,1.68791,1.68791
744,1.68791,1.68791
745,1.68791,1.68791
746,1.68791,1.68791
747,1.24905,1.24905
748,0.982794,0.982794
749,0.982794,0.982794
750,0.982794,0.982794
751,1.2925,1.2925
752,1.2925,1.2925
753,1.2925,1.2925
754,1.2925,1.2925
755,1.3734,1.3734
756,1.3734,1.3734
757,1.3734,1.3734
758,1.3734,1.3734
759,1.3734,1.3734
760,1.3734,1.3734
761,1.3734,1.3734
762,1.3734,1.3734
763,1.3734,1.3734
764,1.3734,1.3734
765,1.3734,1.3734
766,1.3734,1.3734
767,1.3734,1.3734
768,1.3734,1.3734
769,1.3734,1.3734
770,1.3734,1.3734
771,1.3734,1.3734
772,1.3734,1.3734
773,1.3734,1.3734
774,1.3734,1.3734
775,1.3734,1.3734
776,1.76819,1.76819
777,1.76819,1.76819
778,2.2143,2.2143
779,2.2143,2.2143
780,2.49809,2.49809
781,2.49809,2.49809
782,2.49809,2.49809
783,2.49809,2.49809
784,1.8491,1.8491
785,1.8491,1.8491
786,1.8491,1.8491
787,1.8491,1.8491
788,1.62629,1.62629
789,1.62629,1.62629
790,1.62629,1.62629
791,1.62629,1.62629
792,1.62629,1.62629
793,1.62629,1.62629
794,1.62629,1.62629
795,1.62629,1.62629
796,1.62629,1.62629
797,1.5153,1.5153
798,1.5153,1.5153
799,1.5153,1.5153
800,1.5153,1.5153
801,1.5153,1.5153
802,1.5153,1.5153
803,1.5153,1.5153
804,1.5153,1.5153
805,1.5153,1.5153
806,1.35213,1.35213
807,1.35213,1.35213
808,1.35213,1.35213
809,1.30454,1.30454
810,1.30454,1.30454
811,1.30454,1.30454
812,1.30454,1.30454
813,1.30454,1.30454
814,1.30454,1.30454
815,1.30454,1.30454
816,1.30454,1.30454
817,1.30454,1.30454
818,1.30454,1.30454
819,1.30454,1.30454
820,1.19029,1.19029
821,1.19029,1.19029
822,1.19029,1.19029
823,1.19029,1.19029
824,1.39094,1.39094
825,1.39094,1.39094
826,1.39094,1.39094
827,1.39094,1.39094
828,1.39094,1.39094
829,1.39094,1.39094
830,1.39094,1.39094
831,1.39094,1.39094
832,1.39094,1.39094
833,1.66575,1.66575
834,1.66575,1.66575
835,1.66575,1.66575
836,1.66575,1.66575
837,1.66575,1.66575
838,1.66575,1.66575
839,1.66575,1.66575
840,1.66575,1.66575
841,1.66575,1.66575
842,1.66575,1.66575
843,1.66575,1.66575
844,1.66575,1.66575
845,1.66575,1.66575
846,1.66575,1.66575
847,1.66575,1.66575
848,1.60924,1.60924
849,1.60924,1.60924
850,1.60924,1.60924
851,1.60924,1.60924
852,1.60924,1.60924
853,1.60924,1.60924
854,1.60924,1.60924
855,1.60924,1.60924
856,1.60924,1.60924
857,1.60924,1.60924
858,1.60924,1.60924
859,1.60924,1.60924
860,1.60924,1.60924
861,1.60924,1.60924
862,1.60924,1.60924
863,1.60924,1.60924
864,1.60924,1.60924
865,1.60924,1.60924
866,1.60924,1.60924
867,1.60924,1.60924
868,1.60924,1.60924
869,1.60924,1.60924
870,1.60924,1.60924
871,1.60924,1.60924
872,1.60924,1.60924
873,1.60924,1.60924
874,1.60924,1.60924
875,1.60924,1.60924
876,1.60924,1.60924
877,1.60924,1.60924
878,1.60924,1.60924
879,1.60924,1.60924
880,1.60924,1.60924
881,1.60924,1.60924
882,1.60924,1.60924
883,1.60924,1.60924
884,1.60924,1.60924
885,1.60924,1.60924
886,1.60924,1.60924
887,1.60924,1.60924
888,1.5316,1.5316
889,1.5316,1.5316
890,1.5316,1.5316
891,1.5316,1.5316
892,1.5316,1.5316
893,1.5316,1.5316
894,1.5316,1.5316
895,1.5316,1.5316
896,1.5316,1.5316
897,1.5316,1.5316
898,1.5316,1.5316
899,1.5316,1.5316
900,1.5316,1.5316
901,1.5316,1.5316
902,1.5316,1.5316
903,1.5316,1.5316
904,1.5316,1.5316
905,1.5316,1.5316
906,1.5316,1.5316
907,1.5316,1.5316
908,1.5316,1.5316
909,1.5316,1.5316
910,1.5316,1.5316
911,1.5316,1.5316
912,1.5316,1.5316
913,1.5316,1.5316
914,1.5316,1.5316
915,1.5316,1.5316
916,1.5316,1.5316
917,1.5316,1.5316
918,1.5316,1.5316
919,1.5316,1.5316
920,1.5316,1.5316
921,1.5316,1.5316
922,1.5316,1.5316
923,1.5316,1.5316
924,1.5316,1.5316
925,1.5316,1.5316
926,1.5316,1.5316
927,1.5316,1.5316
928,1.53855,1.53855
929,1.53855,1.53855
930,1.53855,1.53855
931,1.53855,1.53855
932,1.53855,1.53855
933,1.53855,1.53855
934,1.53855,1.53855
935,1.53855,1.53855
936,1.53855,1.53855
937,1.53855,1.53855
938,1.53855,1.53855
939,1.53855,1.53855
940,1.53855,1.53855
941,1.53855,1.53855
942,1.53855,1.53855
943,1.53855,1.53855
944,1.60304,1.60304
945,1.60304,1.60304
946,1.60304,1.60304
947,1.60304,1.60304
948,1.60304,1.60304
949,1.60304,1.60304
950,1.60304,1.60304
951,1.60304,1.60304
952,1.60304,1.60304
953,1.60304,1.60304
954,1.60304,1.60304
955,1.60304,1.60304
956,1.60304,1.60304
957,1.60304,1.60304
958,1.60304,1.60304
959,1.60304,1.60304
960,1.60304,1.60304
961,1.60304,1.60304
962,1.60304,1.60304
963,1.60304,1.60304
964,1.60304,1.60304
965,1.60304,1.60304
966,1.60304,1.60304
967,1.60304,1.60304
968,1.60304,1.60304
969,1.60304,1.60304
970,1.60304,1.60304
971,1.53378,1.53378
972,1.53378,1.53378
973,1.53378,1.53378
974,1.53378,1.53378
975,1.53378,1.53378
976,1.53378,1.53378
977,1.53378,1.53378
978,1.53378,1.53378
979,1.53378,1.53378
980,1.53378,1.53378
981,1.53378,1.53378
982,1.53378,1.53378
983,1.53378,1.53378
984,1.53378,1.53378
985,1.53378,1.53378
986,1.53378,1.53378
987,1.53378,1.53378
988,1.53378,1.53378
989,1.53378,1.53378
990,1.53378,1.53378
991,1.53378,1.53378
992,1.53378,1.53378
993,1.53378,1.53378
994,1.53378,1.53378
995,1.53378,1.53378
996,1.53378,1.53378
997,1.53378,1.53378
998,1.53378,1.53378
999,1.53378,1.53378
1000,1.53378,1.53378
1001,1.53378,1.53378
1002,1.53378,1.53378
1003,1.53378,1.53378
1004,1.53378,1.53378
1005,1.53378,1.53378
1006,1.53378,1.53378
1007,1.53378,1.53378
1008,1.53378,1.53378
1009,1.53378,1.53378
1010,1.52205,1.52205
1011,1.52205,1.52205
1012,1.52205,1.52205
1013,1.52205,1.52205
1014,1.52205,1.52205
1015,1.52205,1.52205
1016,1.52205,1.52205
1017,1.52205,1.52205
1018,1.52205,1.52205
1019,1.52205,1.52205
1020,1.52205,1.52205
1021,1.52205,1.52205
1022,1.52205,1.52205
1023,1.52205,1.52205
1024,1.52205,1.52205
1025,1.52205,1.52205
1026,1.52205,1.52205
1027,1.52205,1.52205
1028,1.52205,1.52205
1029,1.52205,1.52205
1030,1.52205,1.52205
1031,1.39094,1.39094
1032,1.39094,1.39094
1033,1.39094,1.39094
1034,1.39094,1.39094
1035,1.39094,1.39094
1036,1.39094,1.39094
1037,1.19029,1.19029
1038,1.19029,1.19029
1039,1.19029,1.19029
1040,1.19029,1.19029
1041,1.35213,1.35213
1042,1.35213,1.35213
1043,1.35213,1.35213
1044,1.35213,1.35213
1045,1.35213,1.35213
1046,1.52735,1.52735
1047,1.52735,1.52735
1048,1.52735,1.52735
1049,1.52735,1.52735
1050,1.52735,1.52735
1051,1.52735,1.52735
1052,1.52735,1.52735
1053,1.52735,1.52735
1054,1.52735,1.52735
1055,1.52735,1.52735
1056,1.52735,1.52735
1057,1.52735,1.52735
1058,1.52735,1.52735
1059,1.52735,1.52735
1060,1.52735,1.52735
1061,1.52735,1.52735
1062,1.52735,1.52735
1063,1.52735,1.52735
1064,1.52735,1.52735
1065,1.52735,1.52735
1066,1.52735,1.52735
1067,1.52735,1.52735
1068,1.52735,1.52735
1069,1.50194,1.50194
1070,1.50194,1.50194
1071,1.50194,1.50194
1072,1.50194,1.50194
1073,1.50194,1.50194
1074,1.50194,1.50194
1075,1.50194,1.50194
1076,1.50194,1.50194
1077,1.50194,1.50194
1078,1.50194,1.50194
1079,1.50194,1.50194
1080,1.50194,1.50194
1081,1.50194,1.50194
1082,1.50194,1.50194
1083,1.50194,1.50194
1084,1.27934,1.27934
1085,1.27934,1.27934
1086,1.27934,1.27934
1087,1.27934,1.27934
1088,1.27934,1.27934
1089,1.27934,1.27934
1090,1.27934,1.27934
1091,1.27934,1.27934
1092,1.27934,1.27934
1093,1.46592,1.46592
1094,1.46592,1.46592
1095,1.46592,1.46592
1096,1.46592,1.46592
1097,1.46592,1.46592
1098,1.46592,1.46592
1099,1.46592,1.46592
1100,1.46592,1.46592
1101,1.46592,1.46592
1102,1.46592,1.46592
1103,1.52084,1.52084
1104,1.52084,1.52084
1105,1.52084,1.52084
1106,1.52084,1.52084
1107,1.52084,1.52084
1108,1.52084,1.52084
1109,1.52084,1.52084
1110,1.52084,1.52084
1111,1.52084,1.52084
1112,1.52084,1.52084
1113,1.52084,1.52084
1114,1.52084,1.52084
1115,1.52084,1.52084
1116,1.52084,1.52084
1117,1.52084,1.52084
1118,1.52084,1.52084
1119,1.52084,1.52084
1120,1.52084,1.52084
1121,1.52084,1.52084
1122,1.52084,1.52084
1123,1.47584,1.47584
1124,1.47584,1.47584
1125,1.47584,1.47584
1126,1.47584,1.47584
1127,1.47584,1.47584
1128,1.47584,1.47584
1129,1.47584,1.47584
1130,1.47584,1.47584
1131,1.47584,1.47584
1132,1.47584,1.47584
1133,1.47584,1.47584
1134,1.47584,1.47584
1135,1.51956,1.51956
1136,1.51956,1.51956
1137,1.51956,1.51956
1138,1.51956,1.51956
1139,1.51956,1.51956
1140,1.51956,1.51956
1141,1.51956,1.51956
1142,1.51956,1.51956
1143,1.51956,1.51956
1144,1.51956,1.51956
1145,1.51956,1.51956
1146,1.51956,1.51956
1147,1.51956,1.51956
1148,1.51956,1.51956
1149,1.51956,1.51956
1150,1.51956,1.51956
1151,1.51956,1.51956
1152,1.51956,1.51956
1153,1.51956,1.51956
1154,1.51956,1.51956
1155,1.51956,1.51956
1156,1.51956,1.51956
1157,1.51956,1.51956
1158,1.51956,1.51956
1159,1.51956,1.51956
1160,1.51956,1.51956
1161,1.51956,1.51956
1162,1.51956,1.51956
1163,1.51956,1.51956
1164,1.51956,1.51956
1165,1.51956,1.51956
1166,1.51956,1.51956
1167,1.51956,1.51956
1168,1.51956,1.51956
1169,1.51956,1.51956
1170,1.51956,1.51956
1171,1.51956,1.51956
1172,1.51956,1.51956
1173,1.51956,1.51956
1174,1.51956,1.51956
1175,1.51956,1.51956
1176,1.51956,1.51956
1177,1.51956,1.51956
1178,1.51956,1.51956
1179,1.51956,1.51956
1180,1.51956,1.51956
1181,1.51956,1.51956
1182,1.65394,1.65394
1183,1.65394,1.65394
1184,1.65394,1.65394
1185,1.65394,1.65394
1186,1.65394,1.65394
1187,1.65394,1.65394
1188,1.70335,1.70335
1189,1.70335,1.70335
1190,1.70335,1.70335
1191,1.70335,1.70335
1192,1.70335,1.70335
1193,1.70335,1.70335
1194,1.70335,1.70335
1195,1.70335,1.70335
1196,1.70335,1.70335
1197,1.63736,1.63736
1198,1.63736,1.63736
1199,1.63736,1.63736
1200,1.63736,1.63736
1201,1.63736,1.63736
1202,1.63736,1.63736
1203,1.63736,1.63736
1204,1.63736,1.63736
1205,1.63736,1.63736
1206,1.63736,1.63736
1207,1.63736,1.63736
1208,1.63736,1.63736
1209,1.63736,1.63736
1210,1.63736,1.63736
1211,1.63736,1.63736
1212,1.72345,1.72345
1213,1.72345,1.72345
1214,1.72345,1.72345
1215,1.72345,1.72345
1216,1.72345,1.72345
1217,1.72345,1.72345
1218,1.72345,1.72345
1219,1.8491,1.8491
1220,1.8491,1.8491
1221,1.92957,1.92957
1222,1.92957,1.92957
1223,1.98902,1.98902
1224,1.98902,1.98902
1225,1.98902,1.98902
1226,1.98902,1.98902
1227,1.98902,1.98902
1228,2.07789,2.07789
1229,2.07789,2.07789
1230,2.07789,2.07789
1231,2.07789,2.07789
1232,2.24554,2.24554
1233,2.24554,2.24554
1234,2.24554,2.24554
1235,2.24554,2.24554
1236,2.24554,2.24554
1237,2.24554,2.24554
1238,2.24554,2.24554
1239,2.24554,2.24554
1240,2.24554,2.24554
1241,2.46685,2.46685
1242,2.46685,2.46685
1243,2.46685,2.46685
1244,2.46685,2.46685
1245,2.46685,2.46685
1246,2.46685,2.46685
1247,2.46685,2.46685
1248,2.46685,2.46685
1249,2.46685,2.46685
1250,2.60117,2.60117
1251,2.60117,2.60117
1252,2.7367,2.7367
1253,2.7367,2.7367
1254,2.7367,2.7367
1255,2.7367,2.7367
1256,2.7367,2.7367
1257,2.7367,2.7367
1258,2.7367,2.7367
1259,2.7367,2.7367
1260,2.7367,2.7367
1261,2.7367,2.7367
1262,2.7367,2.7367
1263,2.91479,2.91479
1264,2.91479,2.91479
1265,2.91479,2.91479
1266,2.91479,2.91479
1267,2.91479,2.91479
1268,2.91479,2.91479
1269,2.91479,2.91479
1270,2.91479,2.91479
1271,2.91479,2.91479
1272,2.91479,2.91479
1273,2.98499,2.98499
1274,2.98499,2.98499
1275,2.98499,2.98499
1276,2.98499,2.98499
1277,2.98499,2.98499
1278,2.98499,2.98499
1279,2.98499,2.98499
1280,2.98499,2.98499
1281,2.98499,2.98499
1282,2.98499,2.98499
1283,2.98499,2.98499
1284,2.98499,2.98499
1285,2.98499,2.98499
1286,2.98499,2.98499
1287,3.04664,3.04664
1288,3.04664,3.04664
1289,3.04664,3.04664
1290,3.04664,3.04664
1291,3.04664,3.04664
1292,3.04664,3.04664
1293,3.04664,3.04664
1294,3.04664,3.04664
1295,3.04664,3.04664
1296,3.04664,3.04664
1297,3.04664,3.04664
1298,3.09995,3.09995
1299,3.09995,3.09995
1300,3.09995,3.09995
1301,3.09995,3.09995
1302,3.09995,3.09995
1303,3.09995,3.09995
1304,3.09995,3.09995
1305,3.09995,3.09995
1306,3.09995,3.09995
1307,3.09995,3.09995
1308,3.09995,3.09995
1309,3.09995,3.09995
1310,3.09995,3.09995
1311,3.09995,3.09995
1312,3.09995,3.09995
1313,3.09995,3.09995
1314,3.09995,3.09995
1315,3.09995,3.09995
1316,3.09995,3.09995
1317,3.09995,3.09995
1318,3.09995,3.09995
1319,3.09995,3.09995
1320,3.09995,3.09995
1321,3.09995,3.09995
1322,3.07274,3.07274
1323,3.07274,3.07274
1324,3.07274,3.07274
1325,3.07274,3.07274
1326,3.07274,3.07274
1327,3.07274,3.07274
1328,3.07274,3.07274
1329,3.07274,3.07274
1330,3.07274,3.07274
1331,3.07274,3.07274
1332,3.07274,3.07274
1333,3.07274,3.07274
1334,3.07274,3.07274
1335,3.07274,3.07274
1336,3.07274,3.07274
1337,3.02448,3.02448
1338,3.02448,3.02448
1339,3.02448,3.02448
1340,3.02448,3.02448
1341,3.02448,3.02448
1342,3.02448,3.02448
1343,3.02448,3.02448
1344,3.02448,3.02448
1345,3.02448,3.02448
1346,3.02448,3.02448
1347,3.06482,3.06482
1348,3.06482,3.06482
1349,3.06482,3.06482
1350,3.06482,3.06482
1351,3.06482,3.06482
1352,3.06482,3.06482
1353,3.06482,3.06482
1354,3.06482,3.06482
1355,3.06482,3.06482
1356,3.06482,3.06482
1357,3.06482,3.06482
1358,3.06482,3.06482
1359,3.06482,3.06482
1360,3.00904,3.00904
1361,3.00904,3.00904
1362,3.00904,3.00904
1363,3.00904,3.00904
1364,3.00904,3.00904
1365,3.00904,3.00904
1366,3.00904,3.00904
1367,3.00904,3.00904
1368,3.00904,3.00904
1369,3.00904,3.00904
1370,3.00904,3.00904
1371,3.00904,3.00904
1372,3.26595,-3.01724
1373,3.26595,-3.01724
1374,3.26595,-3.01724
1375,3.26595,-3.01724
1376,3.26595,-3.01724
1377,3.26595,-3.01724
1378,3.26595,-3.01724
1379,3.26595,-3.01724
1380,3.26595,-3.01724
1381,3.26595,-3.01724
1382,3.26595,-3.01724
1383,3.36026,-2.92292
1384,3.36026,-2.92292
1385,3.36026,-2.92292
1386,3.40784,-2.87534
1387,3.40784,-2.87534
1388,3.40784,-2.87534
1389,3.40784,-2.87534
1390,3.50036,-2.78282
1391,3.50036,-2.78282
1392,3.50036,-2.78282
1393,3.50036,-2.78282
1394,3.50036,-2.78282
1395,3.50036,-2.78282
1396,3.50036,-2.78282
1397,3.08901,3.08901
1398,3.08901,3.08901
1399,3.08901,3.08901
1400,3.08901,3.08901
1401,3.08901,3.08901
1402,3.08901,3.08901
1403,3.08901,3.08901
1404,3.08901,3.08901
1405,3.08901,3.08901
1406,3.08901,3.08901
1407,3.08901,3.08901
1408,3.08901,3.08901
1409,3.08901,3.08901
1410,3.08901,3.08901
1411,3.08901,3.08901
1412,3.08901,3.08901
1413,3.08901,3.08901
1414,3.08901,3.08901
1415,3.08901,3.08901
1416,3.08901,3.08901
1417,3.08901,3.08901
1418,3.00904,3.00904
1419,3.00904,3.00904
1420,3.00904,3.00904
1421,3.00904,3.00904
1422,3.00904,3.00904
1423,3.00904,3.00904
1424,3.00904,3.00904
1425,3.00904,3.00904
1426,2.86329,2.86329
1427,2.86329,2.86329
1428,2.86329,2.86329
1429,2.86329,2.86329
1430,2.86329,2.86329
1431,2.97644,2.97644
1432,2.97644,2.97644
1433,2.97644,2.97644
1434,3.30674,-2.97644
1435,3.30674,-2.97644
1436,3.30674,-2.97644
1437,3.36026,-2.92292
1438,3.36026,-2.92292
1439,3.36026,-2.92292
1440,3.36026,-2.92292
1441,3.36026,-2.92292
1442,3.62607,-2.65711
1443,3.62607,-2.65711
1444,3.62607,-2.65711
1445,3.62607,-2.65711
1446,3.62607,-2.65711
1447,3.62607,-2.65711
1448,3.62607,-2.65711
1449,3.62607,-2.65711
1450,3.62607,-2.65711
1451,3.62607,-2.65711
1452,3.62607,-2.65711
1453,3.62607,-2.65711
1454,3.62607,-2.65711
1455,3.62607,-2.65711
1456,3.62607,-2.65711
1457,3.58397,-2.69922
1458,3.58397,-2.69922
1459,3.58397,-2.69922
1460,3.58397,-2.69922
1461,3.58397,-2.69922
1462,3.58397,-2.69922
1463,3.58397,-2.69922
1464,3.58397,-2.69922
1465,3.58397,-2.69922
1466,3.58397,-2.69922
1467,3.58397,-2.69922
1468,3.58397,-2.69922
1469,3.50036,-2.78282
1470,3.50036,-2.78282
1471,3.41989,-2.86329
1472,3.41989,-2.86329
1473,3.24647,-3.03672
1474,3.24647,-3.03672
1475,3.24647,-3.03672
1476,3.24647,-3.03672
1477,3.24647,-3.03672
1478,3.24647,-3.03672
1479,3.24647,-3.03672
1480,3.24647,-3.03672
1481,3.24647,-3.03672
1482,3.24647,-3.03672
1483,3.17861,-3.10457
1484,3.17861,-3.10457
1485,3.17861,-3.10457
1486,3.17861,-3.10457
1487,3.17861,-3.10457
1488,3.17861,-3.10457
1489,3.17861,-3.10457
1490,3.17861,-3.10457
1491,3.17861,-3.10457
1492,3.17861,-3.10457
1493,3.17861,-3.10457
1494,3.17861,-3.10457
1495,3.17861,-3.10457
1496,3.17861,-3.10457
1497,3.17861,-3.10457
1498,3.17861,-3.10457
1499,3.17861,-3.10457
1500,3.17861,-3.10457
1501,3.17861,-3.10457
1502,3.17861,-3.10457
1503,3.17861,-3.10457
1504,3.17861,-3.10457
1505,3.17861,-3.10457
1506,3.17861,-3.10457
1507,3.17861,-3.10457
1508,3.17861,-3.10457
1509,3.17861,-3.10457
1510,3.5221,-2.76109
1511,3.5221,-2.76109
1512,3.5221,-2.76109
1513,3.5221,-2.76109
1514,3.30674,-2.97644
1515,3.30674,-2.97644
1516,3.30674,-2.97644
1517,3.30674,-2.97644
1518,3.30674,-2.97644
1519,3.30674,-2.97644
1520,3.36839,-2.91479
1521,3.36839,-2.91479
1522,3.36839,-2.91479
1523,3.36839,-2.91479
1524,3.36839,-2.91479
1525,3.4022,-2.88099
1526,3.4022,-2.88099
1527,3.4022,-2.88099
1528,3.4022,-2.88099
1529,3.4022,-2.88099
1530,3.4022,-2.88099
1531,3.4022,-2.88099
1532,3.50036,-2.78282
1533,3.50036,-2.78282
1534,3.57822,-2.70497
1535,3.57822,-2.70497
1536,3.57822,-2.70497
1537,3.57822,-2.70497
1538,3.57822,-2.70497
1539,3.57822,-2.70497
1540,3.57822,-2.70497
1541,3.57822,-2.70497
1542,3.57822,-2.70497
1543,3.63155,-2.65164
1544,3.63155,-2.65164
1545,3.63155,-2.65164
1546,3.63155,-2.65164
1547,3.63155,-2.65164
1548,3.63155,-2.65164
1549,3.63155,-2.65164
1550,3.63155,-2.65164
1551,3.63155,-2.65164
1552,3.86823,-2.41495
1553,3.86823,-2.41495
1554,3.86823,-2.41495
1555,3.86823,-2.41495
1556,3.86823,-2.41495
1557,3.86823,-2.41495
1558,3.86823,-2.41495
1559,3.98575,-2.29744
1560,3.98575,-2.29744
1561,3.98575,-2.29744
1562,3.98575,-2.29744
1563,3.98575,-2.29744
1564,3.98575,-2.29744
1565,3.98575,-2.29744
1566,3.98575,-2.29744
1567,3.98575,-2.29744
1568,3.7296,-2.55359
1569,3.7296,-2.55359
1570,3.7296,-2.55359
1571,4.06889,-2.2143
1572,4.06889,-2.2143
1573,4.06889,-2.2143
1574,4.06889,-2.2143
1575,4.06889,-2.2143
1576,4.06889,-2.2143
1577,4.06889,-2.2143
1578,4.06889,-2.2143
1579,4.19324,-2.08994
1580,4.19324,-2.08994
1581,4.19324,-2.08994
1582,4.3075,-1.97569
1583,4.3075,-1.97569
1584,4.3075,-1.97569
1585,4.35362,-1.92957
1586,4.35362,-1.92957
1587,4.43409,-1.8491
1588,4.43409,-1.8491
1589,4.5013,-1.78189
1590,4.5013,-1.78189
1591,4.5013,-1.78189
1592,4.5013,-1.78189
1593,4.5013,-1.78189
1594,4.5013,-1.78189
1595,4.5013,-1.78189
1596,4.5013,-1.78189
1597,4.5013,-1.78189
1598,4.5013,-1.78189
1599,4.5013,-1.78189
1600,4.5013,-1.78189
1601,4.5013,-1.78189
1602,4.5013,-1.78189
1603,4.5013,-1.78189
1604,4.5013,-1.78189
1605,4.5013,-1.78189
1606,4.60751,-1.67567
1607,4.60751,-1.67567
1608,4.60751,-1.67567
1609,4.60751,-1.67567
1610,4.60751,-1.67567
1611,4.60751,-1.67567
1612,4.60751,-1.67567
1613,4.60751,-1.67567
1614,4.60751,-1.67567
1615,4.60751,-1.67567
1616,4.70514,-1.57804
1617,4.70514,-1.57804
1618,4.70514,-1.57804
1619,4.70514,-1.57804
1620,4.70514,-1.57804
1621,4.70514,-1.57804
1622,4.70514,-1.57804
1623,4.70514,-1.57804
1624,4.70514,-1.57804
1625,4.70514,-1.57804
1626,4.70514,-1.57804
1627,4.70514,-1.57804
1628,4.70514,-1.57804
1629,4.70514,-1.57804
1630,4.70514,-1.57804
1631,4.70514,-1.57804
1632,4.70514,-1.57804
1633,4.70514,-1.57804
1634,4.70514,-1.57804
1635,4.70514,-1.57804
1636,4.70514,-1.57804
1637,4.70514,-1.57804
1638,4.70514,-1.57804
1639,4.70514,-1.57804
1640,4.70514,-1.57804
1641,4.70514,-1.57804
1642,4.70514,-1.57804
1643,4.70514,-1.57804
1644,4.70514,-1.57804
1645,4.70514,-1.57804
1646,4.70514,-1.57804
1647,4.70514,-1.57804
1648,4.70514,-1.57804
1649,4.70514,-1.57804
1650,4.70514,-1.57804
1651,4.70514,-1.57804
1652,4.70514,-1.57804
1653,4.70514,-1.57804
1654,4.70514,-1.57804
1655,4.70514,-1.57804
1656,4.70514,-1.57804
1657,4.70514,-1.57804
1658,4.70514,-1.57804
1659,4.70514,-1.57804
1660,4.70514,-1.57804
1661,4.70514,-1.57804
1662,4.70514,-1.57804
1663,4.70514,-1.57804
1664,4.70514,-1.57804
1665,4.70514,-1.57804
1666,4.70514,-1.57804
1667,4.70514,-1.57804
1668,4.70514,-1.57804
1669,4.70514,-1.57804
1670,4.70514,-1.57804
1671,4.70514,-1.57804
1672,4.70514,-1.57804
1673,4.70514,-1.57804
1674,4.70514,-1.57804
1675,4.70514,-1.57804
1676,4.70514,-1.57804
1677,4.70514,-1.57804
1678,4.70514,-1.57804
1679,4.70514,-1.57804
1680,4.70514,-1.57804
1681,4.70514,-1.57804
1682,4.70514,-1.57804
1683,4.70514,-1.57804
1684,4.70514,-1.57804
1685,4.70514,-1.57804
1686,4.70514,-1.57804
1687,4.70514,-1.57804
1688,4.70514,-1.57804
1689,4.70514,-1.57804
1690,4.70514,-1.57804
1691,4.70514,-1.57804
1692,4.70514,-1.57804
1693,4.70514,-1.57804
1694,4.70514,-1.57804
1695,4.70514,-1.57804
1696,4.70514,-1.57804
1697,4.70514,-1.57804
1698,4.70514,-1.57804
1699,4.70514,-1.57804
1700,4.70514,-1.57804
1701,4.70514,-1.57804
1702,4.70514,-1.57804
1703,4.70514,-1.57804
1704,4.70514,-1.57804
1705,4.70514,-1.57804
1706,4.70514,-1.57804
1707,4.70514,-1.57804
1708,4.70514,-1.57804
1709,4.70514,-1.57804
1710,4.70514,-1.57804
1711,4.70514,-1.57804
1712,4.70514,-1.57804
1713,4.70514,-1.57804
1714,4.70514,-1.57804
1715,4.70514,-1.57804
1716,4.70514,-1.57804
1717,4.70514,-1.57804
1718,4.70514,-1.57804
1719,4.70514,-1.57804
1720,4.70514,-1.57804
1721,4.70514,-1.57804
1722,4.70514,-1.57804
1723,4.70514,-1.57804
1724,4.70514,-1.57804
1725,4.70514,-1.57804
1726,4.70514,-1.57804
1727,4.70514,-1.57804
1728,4.70514,-1.57804
1729,4.70514,-1.57804
1730,4.70514,-1.57804
1731,4.70514,-1.57804
1732,4.70514,-1.57804
1733,4.70514,-1.57804
1734,4.70514,-1.57804
1735,4.70514,-1.57804
1736,4.70514,-1.57804
1737,4.70514,-1.57804
1738,4.70514,-1.57804
1739,4.70514,-1.57804
1740,4.70514,-1.57804
1741,4.70514,-1.57804
1742,4.70514,-1.57804
1743,4.70514,-1.57804
1744,4.70514,-1.57804
1745,4.70514,-1.57804
1746,4.70514,-1.57804
1747,4.70514,-1.57804
1748,4.70514,-1.57804
1749,4.70514,-1.57804
1750,4.70514,-1.57804
1751,4.70514,-1.57804
1752,4.70514,-1.57804
1753,4.70514,-1.57804
