#Grabcut execution time: 0s 428ms 428041us 
0.0000              25.6642             
1.0000              3.9415              
2.0000              3.2639              
3.0000              3.0466              
4.0000              2.9008              
5.0000              2.7772              
6.0000              2.6679              
7.0000              2.5655              
8.0000              2.4771              
9.0000              2.3984              
10.0000             2.3246              
11.0000             2.2679              
12.0000             2.2063              
13.0000             2.1636              
14.0000             2.1250              
15.0000             2.0846              
16.0000             2.0469              
17.0000             2.0111              
18.0000             1.9790              
19.0000             1.9457              
20.0000             1.9149              
21.0000             1.8873              
22.0000             1.8592              
23.0000             1.8268              
24.0000             1.8055              
25.0000             1.7793              
26.0000             1.7554              
27.0000             1.7299              
28.0000             1.7038              
29.0000             1.6698              
30.0000             1.6483              
31.0000             1.6483              
#Execution time: 47s 47877ms 47877158us 
