n,tangent,t2
0,4.80305,-1.48014
1,4.80305,-1.48014
2,4.80305,-1.48014
3,4.80305,-1.48014
4,4.80305,-1.48014
5,4.80305,-1.48014
6,4.80305,-1.48014
7,4.80305,-1.48014
8,4.80305,-1.48014
9,4.80305,-1.48014
10,4.80305,-1.48014
11,4.80305,-1.48014
12,5.96143,-0.321751
13,5.96143,-0.321751
14,5.96143,-0.321751
15,5.96143,-0.321751
16,3.92699,-2.35619
17,3.92699,-2.35619
18,3.92699,-2.35619
19,3.92699,-2.35619
20,4.87754,-1.40565
21,4.87754,-1.40565
22,4.87754,-1.40565
23,4.87754,-1.40565
24,4.87754,-1.40565
25,4.87754,-1.40565
26,4.87754,-1.40565
27,4.99069,-1.2925
28,4.99069,-1.2925
29,4.99069,-1.2925
30,4.99069,-1.2925
31,4.99069,-1.2925
32,4.90978,-1.3734
33,4.90978,-1.3734
34,4.90978,-1.3734
35,4.90978,-1.3734
36,4.90978,-1.3734
37,4.99069,-1.2925
38,4.99069,-1.2925
39,5.07116,-1.21203
40,5.07116,-1.21203
41,5.07116,-1.21203
42,5.07116,-1.21203
43,5.07116,-1.21203
44,5.07116,-1.21203
45,5.07116,-1.21203
46,5.07116,-1.21203
47,5.07116,-1.21203
48,5.07116,-1.21203
49,5.07116,-1.21203
50,5.07116,-1.21203
51,5.07116,-1.21203
52,5.11728,-1.1659
53,5.11728,-1.1659
54,5.11728,-1.1659
55,5.23154,-1.05165
56,5.23154,-1.05165
57,5.23154,-1.05165
58,5.23154,-1.05165
59,5.23154,-1.05165
60,5.23154,-1.05165
61,5.03414,-1.24905
62,5.03414,-1.24905
63,5.03414,-1.24905
64,5.35589,-0.927295
65,5.35589,-0.927295
66,5.35589,-0.927295
67,5.35589,-0.927295
68,5.35589,-0.927295
69,5.25281,-1.03038
70,5.25281,-1.03038
71,5.0929,-1.19029
72,5.0929,-1.19029
73,5.0929,-1.19029
74,5.0929,-1.19029
75,5.30039,-0.982794
76,5.30039,-0.982794
77,5.30039,-0.982794
78,5.03414,-1.24905
79,5.03414,-1.24905
80,5.03414,-1.24905
81,5.30039,-0.982794
82,5.69518,-0.588003
83,6.03821,-0.244979
84,6.03821,-0.244979
85,6.03821,-0.244979
86,6.03821,-0.244979
87,6.03821,-0.244979
88,3.46334,-2.81984
89,3.46334,-2.81984
90,3.46334,-2.81984
91,4.54724,-1.73595
92,4.54724,-1.73595
93,4.54724,-1.73595
94,4.86504,-1.41815
95,4.86504,-1.41815
96,4.86504,-1.41815
97,4.86504,-1.41815
98,4.86504,-1.41815
99,4.86504,-1.41815
100,4.86504,-1.41815
101,4.86504,-1.41815
102,4.86504,-1.41815
103,4.86504,-1.41815
104,4.86504,-1.41815
105,4.86504,-1.41815
106,4.86504,-1.41815
107,4.86504,-1.41815
108,4.86504,-1.41815
109,4.86504,-1.41815
110,4.86504,-1.41815
111,4.86504,-1.41815
112,4.93106,-1.35213
113,4.93106,-1.35213
114,4.93106,-1.35213
115,4.97864,-1.30454
116,4.97864,-1.30454
117,4.97864,-1.30454
118,4.97864,-1.30454
119,4.97864,-1.30454
120,4.97864,-1.30454
121,5.30039,-0.982794
122,5.30039,-0.982794
123,5.30039,-0.982794
124,5.30039,-0.982794
125,5.30039,-0.982794
126,5.30039,-0.982794
127,5.69518,-0.588003
128,6.22077,-0.0624188
129,6.22077,-0.0624188
130,6.22077,-0.0624188
131,6.22077,-0.0624188
132,6.22077,-0.0624188
133,6.22077,-0.0624188
134,6.22077,-0.0624188
135,6.22077,-0.0624188
136,6.22077,-0.0624188
137,6.22077,-0.0624188
138,6.22077,-0.0624188
139,6.22077,-0.0624188
140,6.22077,-0.0624188
141,6.22077,-0.0624188
142,6.22077,-0.0624188
143,6.22077,-0.0624188
144,5.17604,-1.10715
145,4.24874,-2.03444
146,3.20816,-3.07502
147,3.20816,-3.07502
148,3.20816,-3.07502
149,3.20816,-3.07502
150,3.20816,-3.07502
151,3.20816,-3.07502
152,3.20816,-3.07502
153,3.20816,-3.07502
154,3.20816,-3.07502
155,3.20816,-3.07502
156,3.20816,-3.07502
157,3.20816,-3.07502
158,3.20816,-3.07502
159,3.20816,-3.07502
160,3.20816,-3.07502
161,3.20816,-3.07502
162,5.30039,-0.982794
163,5.30039,-0.982794
164,5.30039,-0.982794
165,5.30039,-0.982794
166,5.30039,-0.982794
167,5.30039,-0.982794
168,4.95737,-1.32582
169,4.95737,-1.32582
170,4.51499,-1.76819
171,4.51499,-1.76819
172,4.51499,-1.76819
173,4.51499,-1.76819
174,4.51499,-1.76819
175,4.51499,-1.76819
176,4.90978,-1.3734
177,4.90978,-1.3734
178,4.90978,-1.3734
179,4.90978,-1.3734
180,4.90978,-1.3734
181,4.90978,-1.3734
182,4.90978,-1.3734
183,4.90978,-1.3734
184,4.90978,-1.3734
185,4.90978,-1.3734
186,4.90978,-1.3734
187,4.90978,-1.3734
188,4.90978,-1.3734
189,4.90978,-1.3734
190,4.90978,-1.3734
191,4.90978,-1.3734
192,4.90978,-1.3734
193,4.39064,-1.89255
194,4.39064,-1.89255
195,4.39064,-1.89255
196,5.17604,-1.10715
197,5.17604,-1.10715
198,5.17604,-1.10715
199,5.81954,-0.463648
200,5.81954,-0.463648
201,5.81954,-0.463648
202,4.46741,-1.81577
203,4.46741,-1.81577
204,4.46741,-1.81577
205,4.95737,-1.32582
206,4.95737,-1.32582
207,5.13061,-1.15257
208,5.13061,-1.15257
209,5.13061,-1.15257
210,5.13061,-1.15257
211,5.13061,-1.15257
212,5.21949,-1.0637
213,5.21949,-1.0637
214,5.21949,-1.0637
215,5.21949,-1.0637
216,5.35589,-0.927295
217,5.35589,-0.927295
218,5.35589,-0.927295
219,5.35589,-0.927295
220,5.35589,-0.927295
221,5.25281,-1.03038
222,5.25281,-1.03038
223,5.06116,-1.22203
224,5.06116,-1.22203
225,5.06116,-1.22203
226,5.06116,-1.22203
227,5.06116,-1.22203
228,5.00385,-1.27934
229,5.00385,-1.27934
230,5.00385,-1.27934
231,5.00385,-1.27934
232,4.90978,-1.3734
233,4.90978,-1.3734
234,4.90978,-1.3734
235,4.90978,-1.3734
236,4.90978,-1.3734
237,4.99069,-1.2925
238,4.99069,-1.2925
239,5.07116,-1.21203
240,5.07116,-1.21203
241,5.07116,-1.21203
242,5.07116,-1.21203
243,5.25281,-1.03038
244,5.35589,-0.927295
245,5.35589,-0.927295
246,5.63968,-0.643501
247,5.63968,-0.643501
248,5.96143,-0.321751
249,5.96143,-0.321751
250,5.96143,-0.321751
251,4.78916,-1.49402
252,4.78916,-1.49402
253,4.78916,-1.49402
254,4.78916,-1.49402
255,4.78916,-1.49402
256,4.78916,-1.49402
257,4.78916,-1.49402
258,4.78916,-1.49402
259,4.78916,-1.49402
260,4.78916,-1.49402
261,4.78916,-1.49402
262,4.78916,-1.49402
263,4.78916,-1.49402
264,5.81954,-0.463648
265,5.81954,-0.463648
266,4.77481,-1.50838
267,4.77481,-1.50838
268,4.77481,-1.50838
269,4.77481,-1.50838
270,4.77481,-1.50838
271,4.77481,-1.50838
272,4.77481,-1.50838
273,4.77481,-1.50838
274,4.77481,-1.50838
275,4.77481,-1.50838
276,4.77481,-1.50838
277,4.77481,-1.50838
278,4.77481,-1.50838
279,4.77481,-1.50838
280,4.77481,-1.50838
281,4.77481,-1.50838
282,5.30039,-0.982794
283,5.30039,-0.982794
284,5.30039,-0.982794
285,5.30039,-0.982794
286,3.60524,-2.67795
287,3.60524,-2.67795
288,4.64582,-1.63736
289,4.64582,-1.63736
290,4.64582,-1.63736
291,4.64582,-1.63736
292,4.64582,-1.63736
293,4.64582,-1.63736
294,4.64582,-1.63736
295,4.64582,-1.63736
296,4.64582,-1.63736
297,4.64582,-1.63736
298,4.64582,-1.63736
299,4.64582,-1.63736
300,4.64582,-1.63736
301,4.64582,-1.63736
302,4.64582,-1.63736
303,4.12439,-2.1588
304,4.12439,-2.1588
305,4.12439,-2.1588
306,4.54724,-1.73595
307,4.54724,-1.73595
308,4.54724,-1.73595
309,4.54724,-1.73595
310,4.54724,-1.73595
311,4.54724,-1.73595
312,4.54724,-1.73595
313,4.54724,-1.73595
314,4.54724,-1.73595
315,5.0929,-1.19029
316,5.0929,-1.19029
317,5.0929,-1.19029
318,5.0929,-1.19029
319,5.81954,-0.463648
320,5.81954,-0.463648
321,5.17604,-1.10715
322,4.24874,-2.03444
323,4.24874,-2.03444
324,4.24874,-2.03444
325,6.00489,-0.2783
326,6.00489,-0.2783
327,6.00489,-0.2783
328,6.00489,-0.2783
329,6.00489,-0.2783
330,6.00489,-0.2783
331,0.0713075,0.0713075
332,0.0713075,0.0713075
333,0.0713075,0.0713075
334,0.0713075,0.0713075
335,0.0713075,0.0713075
336,0.0713075,0.0713075
337,0.0713075,0.0713075
338,0.0713075,0.0713075
339,0.0713075,0.0713075
340,0.0713075,0.0713075
341,0.0713075,0.0713075
342,0.0713075,0.0713075
343,0.0713075,0.0713075
344,0.0713075,0.0713075
345,0.0713075,0.0713075
346,0.0713075,0.0713075
347,0.0713075,0.0713075
348,0.588003,0.588003
349,0.982794,0.982794
350,0.982794,0.982794
351,1.71269,1.71269
352,1.71269,1.71269
353,1.71269,1.71269
354,1.71269,1.71269
355,1.71269,1.71269
356,1.71269,1.71269
357,1.71269,1.71269
358,1.71269,1.71269
359,1.71269,1.71269
360,1.71269,1.71269
361,1.71269,1.71269
362,1.10715,1.10715
363,0.588003,0.588003
364,0.588003,0.588003
365,0.588003,0.588003
366,0.982794,0.982794
367,1.50838,1.50838
368,1.50838,1.50838
369,1.50838,1.50838
370,1.50838,1.50838
371,1.50838,1.50838
372,1.50838,1.50838
373,1.50838,1.50838
374,1.50838,1.50838
375,1.50838,1.50838
376,1.50838,1.50838
377,1.50838,1.50838
378,1.50838,1.50838
379,1.50838,1.50838
380,1.50838,1.50838
381,1.50838,1.50838
382,1.50838,1.50838
383,1.19029,1.19029
384,1.19029,1.19029
385,1.19029,1.19029
386,0.197396,0.197396
387,0.197396,0.197396
388,0.197396,0.197396
389,0.197396,0.197396
390,0.197396,0.197396
391,1.32582,1.32582
392,1.32582,1.32582
393,1.62955,1.62955
394,1.62955,1.62955
395,1.62955,1.62955
396,1.62955,1.62955
397,1.62955,1.62955
398,1.62955,1.62955
399,1.62955,1.62955
400,1.62955,1.62955
401,1.62955,1.62955
402,1.62955,1.62955
403,1.62955,1.62955
404,1.62955,1.62955
405,1.62955,1.62955
406,1.62955,1.62955
407,1.62955,1.62955
408,1.62955,1.62955
409,1.62955,1.62955
410,1.62955,1.62955
411,1.62955,1.62955
412,1.62955,1.62955
413,1.9513,1.9513
414,1.9513,1.9513
415,2.11122,2.11122
416,2.11122,2.11122
417,2.11122,2.11122
418,2.11122,2.11122
419,2.11122,2.11122
420,2.11122,2.11122
421,1.9513,1.9513
422,1.81577,1.81577
423,1.81577,1.81577
424,1.81577,1.81577
425,1.81577,1.81577
426,2.89661,2.89661
427,2.89661,2.89661
428,2.89661,2.89661
429,2.89661,2.89661
430,2.89661,2.89661
431,1.4289,1.4289
432,1.4289,1.4289
433,1.4289,1.4289
434,1.4289,1.4289
435,1.4289,1.4289
436,1.71269,1.71269
437,1.71269,1.71269
438,1.71269,1.71269
439,1.8693,1.8693
440,1.8693,1.8693
441,1.8693,1.8693
442,1.8693,1.8693
443,1.8693,1.8693
444,1.8693,1.8693
445,1.8693,1.8693
446,1.8693,1.8693
447,1.8693,1.8693
448,1.8693,1.8693
449,1.8693,1.8693
450,1.8693,1.8693
451,1.8693,1.8693
452,1.8693,1.8693
453,1.10715,1.10715
454,1.10715,1.10715
455,1.10715,1.10715
456,2.67795,2.67795
457,2.67795,2.67795
458,1.9513,1.9513
459,1.9513,1.9513
460,1.9513,1.9513
461,1.9513,1.9513
462,1.9513,1.9513
463,1.9513,1.9513
464,1.9513,1.9513
465,1.9513,1.9513
466,1.9513,1.9513
467,1.9513,1.9513
468,1.9513,1.9513
469,1.9513,1.9513
470,1.9513,1.9513
471,1.9513,1.9513
472,1.9513,1.9513
473,1.46014,1.46014
474,1.46014,1.46014
475,1.46014,1.46014
476,1.46014,1.46014
477,1.46014,1.46014
478,1.46014,1.46014
479,1.46014,1.46014
480,1.46014,1.46014
481,1.46014,1.46014
482,1.46014,1.46014
483,1.46014,1.46014
484,1.2925,1.2925
485,1.2925,1.2925
486,1.2925,1.2925
487,1.2925,1.2925
488,1.2925,1.2925
489,1.2925,1.2925
490,1.2925,1.2925
491,1.2925,1.2925
492,1.2925,1.2925
493,1.2925,1.2925
494,1.2925,1.2925
495,1.2925,1.2925
496,1.2925,1.2925
497,1.03038,1.03038
498,1.03038,1.03038
499,1.03038,1.03038
500,1.03038,1.03038
501,1.03038,1.03038
502,1.03038,1.03038
503,1.03038,1.03038
504,1.03038,1.03038
505,0.674741,0.674741
506,0.674741,0.674741
507,0.674741,0.674741
508,0.674741,0.674741
509,0.674741,0.674741
510,0.674741,0.674741
511,0.674741,0.674741
512,0.674741,0.674741
513,0.674741,0.674741
514,0.674741,0.674741
515,0.674741,0.674741
516,0.674741,0.674741
517,0.674741,0.674741
518,0.674741,0.674741
519,2.35619,2.35619
520,2.35619,2.35619
521,0.197396,0.197396
522,0.197396,0.197396
523,0.197396,0.197396
524,0.197396,0.197396
525,0.197396,0.197396
526,0.674741,0.674741
527,0.674741,0.674741
528,0.674741,0.674741
529,0.674741,0.674741
530,0.674741,0.674741
531,0.674741,0.674741
532,0.674741,0.674741
533,0.244979,0.244979
534,0.244979,0.244979
535,6.01224,-0.270947
536,6.01224,-0.270947
537,6.01224,-0.270947
538,6.01224,-0.270947
539,6.01224,-0.270947
540,6.01224,-0.270947
541,6.01224,-0.270947
542,6.01224,-0.270947
543,6.01224,-0.270947
544,6.01224,-0.270947
545,6.01224,-0.270947
546,6.01224,-0.270947
547,6.01224,-0.270947
548,6.01224,-0.270947
549,6.01224,-0.270947
550,6.01224,-0.270947
551,6.01224,-0.270947
552,6.01224,-0.270947
553,6.01224,-0.270947
554,6.06452,-0.218669
555,6.06452,-0.218669
556,6.23323,-0.0499584
557,6.23323,-0.0499584
558,6.23323,-0.0499584
559,6.23323,-0.0499584
560,6.23323,-0.0499584
561,6.23323,-0.0499584
562,6.23323,-0.0499584
563,6.23323,-0.0499584
564,6.23323,-0.0499584
565,6.23323,-0.0499584
566,6.23323,-0.0499584
567,6.23323,-0.0499584
568,6.23323,-0.0499584
569,6.23323,-0.0499584
570,6.23323,-0.0499584
571,6.23323,-0.0499584
572,6.23323,-0.0499584
573,6.23323,-0.0499584
574,6.23323,-0.0499584
575,6.23323,-0.0499584
576,6.22265,-0.060532
577,6.22265,-0.060532
578,6.22265,-0.060532
579,6.22265,-0.060532
580,6.22265,-0.060532
581,6.22265,-0.060532
582,6.22265,-0.060532
583,6.22265,-0.060532
584,6.22265,-0.060532
585,6.22265,-0.060532
586,6.22265,-0.060532
587,6.22265,-0.060532
588,6.22265,-0.060532
589,6.22265,-0.060532
590,6.22265,-0.060532
591,6.22265,-0.060532
592,6.22265,-0.060532
593,6.00489,-0.2783
594,6.00489,-0.2783
595,6.00489,-0.2783
596,6.00489,-0.2783
597,4.81206,-1.47113
598,4.81206,-1.47113
599,4.81206,-1.47113
600,4.81206,-1.47113
601,4.81206,-1.47113
602,4.81206,-1.47113
603,4.81206,-1.47113
604,4.81206,-1.47113
605,4.81206,-1.47113
606,4.81206,-1.47113
607,4.84494,-1.43824
608,4.84494,-1.43824
609,4.84494,-1.43824
610,4.84494,-1.43824
611,4.86128,-1.42191
612,4.86128,-1.42191
613,4.86128,-1.42191
614,4.86128,-1.42191
615,4.86128,-1.42191
616,4.86128,-1.42191
617,4.86128,-1.42191
618,4.86128,-1.42191
619,4.86128,-1.42191
620,4.86128,-1.42191
621,4.86128,-1.42191
622,4.99069,-1.2925
623,4.99069,-1.2925
624,4.99069,-1.2925
625,4.99069,-1.2925
626,4.99069,-1.2925
627,4.99069,-1.2925
628,4.99069,-1.2925
629,4.99069,-1.2925
630,4.99069,-1.2925
631,5.30039,-0.982794
632,5.69518,-0.588003
633,5.96143,-0.321751
634,5.96143,-0.321751
635,5.96143,-0.321751
636,5.96143,-0.321751
637,3.46334,-2.81984
638,3.46334,-2.81984
639,3.46334,-2.81984
640,4.46741,-1.81577
641,4.46741,-1.81577
642,4.93106,-1.35213
643,4.93106,-1.35213
644,4.93106,-1.35213
645,4.93106,-1.35213
646,4.93106,-1.35213
647,4.93106,-1.35213
648,4.93106,-1.35213
649,4.93106,-1.35213
650,4.80734,-1.47584
651,4.80734,-1.47584
652,4.80734,-1.47584
653,4.80734,-1.47584
654,4.80734,-1.47584
655,4.80734,-1.47584
656,4.80734,-1.47584
657,4.80734,-1.47584
658,4.80734,-1.47584
659,4.80734,-1.47584
660,4.80734,-1.47584
661,4.79553,-1.48766
662,4.79553,-1.48766
663,4.79553,-1.48766
664,4.79553,-1.48766
665,4.79553,-1.48766
666,4.79553,-1.48766
667,4.79553,-1.48766
668,4.79553,-1.48766
669,4.79553,-1.48766
670,4.79553,-1.48766
671,4.79553,-1.48766
672,4.79553,-1.48766
673,5.81954,-0.463648
674,5.81954,-0.463648
675,5.81954,-0.463648
676,4.17197,-2.11122
677,4.17197,-2.11122
678,4.17197,-2.11122
679,4.17197,-2.11122
680,4.17197,-2.11122
681,4.33188,-1.9513
682,4.51499,-1.76819
683,4.51499,-1.76819
684,4.51499,-1.76819
685,4.85429,-1.4289
686,4.85429,-1.4289
687,4.85429,-1.4289
688,4.85429,-1.4289
689,4.85429,-1.4289
690,4.85429,-1.4289
691,4.85429,-1.4289
692,4.85429,-1.4289
693,4.85429,-1.4289
694,4.85429,-1.4289
695,5.11728,-1.1659
696,5.11728,-1.1659
697,5.11728,-1.1659
698,5.11728,-1.1659
699,5.11728,-1.1659
700,5.11728,-1.1659
701,5.11728,-1.1659
702,5.07116,-1.21203
703,5.07116,-1.21203
704,4.99069,-1.2925
705,4.99069,-1.2925
706,4.82305,-1.46014
707,4.82305,-1.46014
708,4.82305,-1.46014
709,4.82305,-1.46014
710,4.82305,-1.46014
711,4.82305,-1.46014
712,4.82305,-1.46014
713,4.82305,-1.46014
714,4.82305,-1.46014
715,5.96143,-0.321751
716,5.96143,-0.321751
717,0.141897,0.141897
718,0.141897,0.141897
719,0.141897,0.141897
720,0.141897,0.141897
721,0.141897,0.141897
722,0.141897,0.141897
723,0.141897,0.141897
724,0.141897,0.141897
725,0.141897,0.141897
726,1.40565,1.40565
727,1.40565,1.40565
728,1.40565,1.40565
729,1.40565,1.40565
730,1.40565,1.40565
731,1.40565,1.40565
732,0.463648,0.463648
733,5.81954,-0.463648
734,5.81954,-0.463648
735,5.81954,-0.463648
736,1.15257,1.15257
737,1.15257,1.15257
738,1.15257,1.15257
739,1.15257,1.15257
740,1.15257,1.15257
741,1.15257,1.15257
742,1.15257,1.15257
743,1.15257,1.15257
744,1.15257,1.15257
745,1.32582,1.32582
746,1.32582,1.32582
747,1.32582,1.32582
748,1.32582,1.32582
749,1.32582,1.32582
750,1.32582,1.32582
751,1.32582,1.32582
752,1.32582,1.32582
753,1.32582,1.32582
754,1.19029,1.19029
755,1.19029,1.19029
756,1.19029,1.19029
757,1.19029,1.19029
758,1.44644,1.44644
759,1.44644,1.44644
760,1.44644,1.44644
761,1.44644,1.44644
762,1.69515,1.69515
763,1.69515,1.69515
764,1.69515,1.69515
765,1.69515,1.69515
766,2.9442,2.9442
767,2.9442,2.9442
768,2.9442,2.9442
769,2.9442,2.9442
770,2.9442,2.9442
771,2.03444,2.03444
772,1.10715,1.10715
773,0.197396,0.197396
774,0.197396,0.197396
775,0.197396,0.197396
776,0.197396,0.197396
777,0.197396,0.197396
778,1.3734,1.3734
779,1.3734,1.3734
780,1.3734,1.3734
781,1.76819,1.76819
782,1.76819,1.76819
783,2.1588,2.1588
784,2.1588,2.1588
785,2.1588,2.1588
786,1.71969,1.71969
787,1.71969,1.71969
788,1.71969,1.71969
789,1.71969,1.71969
790,1.71969,1.71969
791,1.71969,1.71969
792,1.71969,1.71969
793,1.71969,1.71969
794,1.71969,1.71969
795,1.71969,1.71969
796,1.71969,1.71969
797,1.70335,1.70335
798,1.70335,1.70335
799,1.70335,1.70335
800,1.70335,1.70335
801,1.67046,1.67046
802,1.67046,1.67046
803,1.67046,1.67046
804,1.67046,1.67046
805,1.67046,1.67046
806,1.47113,1.47113
807,1.47113,1.47113
808,1.47113,1.47113
809,1.47113,1.47113
810,1.47113,1.47113
811,1.47113,1.47113
812,1.47113,1.47113
813,2.67795,2.67795
814,2.67795,2.67795
815,2.67795,2.67795
816,0.463648,0.463648
817,0.463648,0.463648
818,1.47113,1.47113
819,1.47113,1.47113
820,1.47113,1.47113
821,1.47113,1.47113
822,1.47113,1.47113
823,1.47113,1.47113
824,1.47113,1.47113
825,1.47113,1.47113
826,1.47113,1.47113
827,1.47113,1.47113
828,1.45369,1.45369
829,1.45369,1.45369
830,1.45369,1.45369
831,1.45369,1.45369
832,1.45369,1.45369
833,1.45369,1.45369
834,1.45369,1.45369
835,1.45369,1.45369
836,1.45369,1.45369
837,0.982794,0.982794
838,0.982794,0.982794
839,0.982794,0.982794
840,0.982794,0.982794
841,1.81577,1.81577
842,1.81577,1.81577
843,1.81577,1.81577
844,1.32582,1.32582
845,1.32582,1.32582
846,0.896055,0.896055
847,0.896055,0.896055
848,0.896055,0.896055
849,0.674741,0.674741
850,0.674741,0.674741
851,0.674741,0.674741
852,0.54042,0.54042
853,0.54042,0.54042
854,0.380506,0.380506
855,0.380506,0.380506
856,0.380506,0.380506
857,0.380506,0.380506
858,0.588003,0.588003
859,0.982794,0.982794
860,0.982794,0.982794
861,0.982794,0.982794
862,0.179853,0.179853
863,0.179853,0.179853
864,0.179853,0.179853
865,0.179853,0.179853
866,0.179853,0.179853
867,0.179853,0.179853
868,0.141897,0.141897
869,0.141897,0.141897
870,0.141897,0.141897
871,0.141897,0.141897
872,6.14129,-0.141897
873,6.14129,-0.141897
874,6.14129,-0.141897
875,5.69518,-0.588003
876,5.69518,-0.588003
877,5.69518,-0.588003
878,5.96143,-0.321751
879,5.96143,-0.321751
880,5.96143,-0.321751
881,5.96143,-0.321751
882,3.60524,-2.67795
883,3.60524,-2.67795
884,4.43409,-1.8491
885,4.43409,-1.8491
886,4.43409,-1.8491
887,4.43409,-1.8491
888,4.67241,-1.61078
889,4.67241,-1.61078
890,4.67241,-1.61078
891,4.67241,-1.61078
892,4.67241,-1.61078
893,4.67241,-1.61078
894,4.67241,-1.61078
895,4.67241,-1.61078
896,4.67241,-1.61078
897,4.67241,-1.61078
898,4.67241,-1.61078
899,4.67241,-1.61078
900,4.67241,-1.61078
901,4.75237,-1.53082
902,4.75237,-1.53082
903,4.75237,-1.53082
904,4.75237,-1.53082
905,4.75237,-1.53082
906,4.75237,-1.53082
907,4.75237,-1.53082
908,4.75237,-1.53082
909,4.75237,-1.53082
910,4.75237,-1.53082
911,4.75237,-1.53082
912,4.75237,-1.53082
913,5.0929,-1.19029
914,5.0929,-1.19029
915,5.0929,-1.19029
916,5.96143,-0.321751
917,5.96143,-0.321751
918,5.96143,-0.321751
919,5.17604,-1.10715
920,4.24874,-2.03444
921,4.24874,-2.03444
922,2.67795,2.67795
923,2.67795,2.67795
924,3.60524,-2.67795
925,4.51499,-1.76819
926,4.51499,-1.76819
927,4.51499,-1.76819
928,4.51499,-1.76819
929,4.51499,-1.76819
930,4.51499,-1.76819
931,4.51499,-1.76819
932,4.51499,-1.76819
933,4.51499,-1.76819
934,4.85429,-1.4289
935,4.85429,-1.4289
936,4.85429,-1.4289
937,4.85429,-1.4289
938,4.85429,-1.4289
939,4.85429,-1.4289
940,4.85429,-1.4289
941,4.63562,-1.64757
942,4.63562,-1.64757
943,4.63562,-1.64757
944,4.63562,-1.64757
945,4.63562,-1.64757
946,4.63562,-1.64757
947,4.63562,-1.64757
948,4.63562,-1.64757
949,4.63562,-1.64757
950,4.63562,-1.64757
951,4.63562,-1.64757
952,4.78916,-1.49402
953,4.78916,-1.49402
954,4.78916,-1.49402
955,4.78916,-1.49402
956,4.78916,-1.49402
957,4.78916,-1.49402
958,6.06452,-0.218669
959,6.06452,-0.218669
960,6.06452,-0.218669
961,6.06452,-0.218669
962,6.06452,-0.218669
963,6.06452,-0.218669
964,6.06452,-0.218669
965,6.06452,-0.218669
966,6.06452,-0.218669
967,6.06452,-0.218669
968,6.06452,-0.218669
969,3.25225,-3.03094
970,3.25225,-3.03094
971,3.25225,-3.03094
972,3.25225,-3.03094
973,3.25225,-3.03094
974,3.25225,-3.03094
975,3.25225,-3.03094
976,3.25225,-3.03094
977,3.25225,-3.03094
978,4.46741,-1.81577
979,4.46741,-1.81577
980,4.90978,-1.3734
981,4.90978,-1.3734
982,4.90978,-1.3734
983,4.90978,-1.3734
984,4.90978,-1.3734
985,4.90978,-1.3734
986,4.62173,-1.66146
987,4.62173,-1.66146
988,4.62173,-1.66146
989,4.62173,-1.66146
990,4.62173,-1.66146
991,4.62173,-1.66146
992,4.62173,-1.66146
993,4.62173,-1.66146
994,4.62173,-1.66146
995,4.62173,-1.66146
996,4.62173,-1.66146
997,4.62173,-1.66146
998,4.62173,-1.66146
999,4.62173,-1.66146
1000,4.59528,-1.68791
1001,4.59528,-1.68791
1002,4.59528,-1.68791
1003,4.59528,-1.68791
1004,4.59528,-1.68791
1005,4.59528,-1.68791
1006,4.59528,-1.68791
1007,4.59528,-1.68791
1008,4.59528,-1.68791
1009,4.59528,-1.68791
1010,4.59528,-1.68791
1011,5.69518,-0.588003
1012,5.69518,-0.588003
1013,5.69518,-0.588003
1014,5.69518,-0.588003
1015,5.69518,-0.588003
1016,3.38657,-2.89661
1017,3.38657,-2.89661
1018,3.38657,-2.89661
1019,3.38657,-2.89661
1020,3.38657,-2.89661
1021,5.03414,-1.24905
1022,5.03414,-1.24905
1023,5.03414,-1.24905
1024,4.39064,-1.89255
1025,3.60524,-2.67795
1026,3.60524,-2.67795
1027,3.60524,-2.67795
1028,4.87754,-1.40565
1029,4.87754,-1.40565
1030,4.87754,-1.40565
1031,4.87754,-1.40565
1032,4.63562,-1.64757
1033,4.63562,-1.64757
1034,4.63562,-1.64757
1035,4.63562,-1.64757
1036,4.63562,-1.64757
1037,4.63562,-1.64757
1038,4.63562,-1.64757
1039,4.63562,-1.64757
1040,4.63562,-1.64757
1041,4.63562,-1.64757
1042,4.63562,-1.64757
1043,4.78916,-1.49402
1044,4.78916,-1.49402
1045,4.78916,-1.49402
1046,4.78916,-1.49402
1047,4.78916,-1.49402
1048,4.78916,-1.49402
1049,5.0929,-1.19029
1050,5.0929,-1.19029
1051,5.25281,-1.03038
1052,5.35589,-0.927295
1053,5.35589,-0.927295
1054,5.35589,-0.927295
1055,5.35589,-0.927295
1056,5.35589,-0.927295
1057,5.21949,-1.0637
1058,5.21949,-1.0637
1059,5.21949,-1.0637
1060,5.21949,-1.0637
1061,5.21949,-1.0637
1062,5.13061,-1.15257
1063,5.13061,-1.15257
1064,5.13061,-1.15257
1065,5.13061,-1.15257
1066,4.85429,-1.4289
1067,4.85429,-1.4289
1068,4.85429,-1.4289
1069,4.85429,-1.4289
1070,4.57049,-1.71269
1071,4.57049,-1.71269
1072,4.57049,-1.71269
1073,4.43409,-1.8491
1074,4.43409,-1.8491
1075,4.35362,-1.92957
1076,4.35362,-1.92957
1077,4.35362,-1.92957
1078,4.35362,-1.92957
1079,4.35362,-1.92957
1080,4.35362,-1.92957
1081,4.35362,-1.92957
1082,4.80305,-1.48014
1083,4.80305,-1.48014
1084,4.80305,-1.48014
1085,4.80305,-1.48014
1086,4.80305,-1.48014
1087,4.80305,-1.48014
1088,4.80305,-1.48014
1089,4.80305,-1.48014
1090,4.80305,-1.48014
1091,4.80305,-1.48014
1092,4.80305,-1.48014
1093,4.80305,-1.48014
1094,4.80305,-1.48014
1095,5.0929,-1.19029
1096,5.0929,-1.19029
1097,5.0929,-1.19029
1098,5.96143,-0.321751
1099,5.96143,-0.321751
1100,5.96143,-0.321751
1101,5.17604,-1.10715
1102,5.17604,-1.10715
1103,6.15883,-0.124355
1104,6.15883,-0.124355
1105,6.15883,-0.124355
1106,6.15883,-0.124355
1107,0.124355,0.124355
1108,0.124355,0.124355
1109,0.124355,0.124355
1110,0.124355,0.124355
1111,0.124355,0.124355
1112,0.124355,0.124355
1113,0.124355,0.124355
1114,0.124355,0.124355
1115,6.11804,-0.165149
1116,6.11804,-0.165149
1117,6.11804,-0.165149
1118,6.11804,-0.165149
1119,6.11804,-0.165149
1120,0.785398,0.785398
1121,0.785398,0.785398
1122,6.14129,-0.141897
1123,6.14129,-0.141897
1124,6.14129,-0.141897
1125,6.14129,-0.141897
1126,6.14129,-0.141897
1127,0.141897,0.141897
1128,0.141897,0.141897
1129,0.141897,0.141897
1130,0.380506,0.380506
1131,0.380506,0.380506
1132,0.380506,0.380506
1133,0.380506,0.380506
1134,2.35619,2.35619
1135,2.35619,2.35619
1136,1.19029,1.19029
1137,1.19029,1.19029
1138,1.19029,1.19029
1139,1.19029,1.19029
1140,1.32582,1.32582
1141,1.32582,1.32582
1142,1.81577,1.81577
1143,1.81577,1.81577
1144,2.27942,2.27942
1145,2.27942,2.27942
1146,2.27942,2.27942
1147,2.27942,2.27942
1148,2.27942,2.27942
1149,2.27942,2.27942
1150,2.27942,2.27942
1151,2.27942,2.27942
1152,2.27942,2.27942
1153,2.27942,2.27942
1154,2.27942,2.27942
1155,2.27942,2.27942
1156,2.27942,2.27942
1157,2.27942,2.27942
1158,2.55359,2.55359
1159,2.81984,2.81984
1160,2.81984,2.81984
1161,2.81984,2.81984
1162,2.55359,2.55359
1163,2.1588,2.1588
1164,1.68145,1.68145
1165,1.68145,1.68145
1166,1.68145,1.68145
1167,1.68145,1.68145
1168,1.68145,1.68145
1169,1.46014,1.46014
1170,1.46014,1.46014
1171,1.46014,1.46014
1172,1.46014,1.46014
1173,1.46014,1.46014
1174,1.46014,1.46014
1175,2.03444,2.03444
1176,2.03444,2.03444
1177,1.10715,1.10715
1178,1.10715,1.10715
1179,1.10715,1.10715
1180,2.49809,2.49809
1181,2.49809,2.49809
1182,2.49809,2.49809
1183,2.49809,2.49809
1184,2.9442,2.9442
1185,2.9442,2.9442
1186,2.9442,2.9442
1187,2.9442,2.9442
1188,2.9442,2.9442
1189,1.89255,1.89255
1190,1.89255,1.89255
1191,1.89255,1.89255
1192,1.89255,1.89255
1193,1.89255,1.89255
1194,1.44644,1.44644
1195,1.44644,1.44644
1196,1.44644,1.44644
1197,1.44644,1.44644
1198,1.44644,1.44644
1199,1.44644,1.44644
1200,1.62955,1.62955
1201,1.62955,1.62955
1202,1.62955,1.62955
1203,1.62955,1.62955
1204,1.62955,1.62955
1205,1.62955,1.62955
1206,1.62955,1.62955
1207,1.62955,1.62955
1208,1.62955,1.62955
1209,1.62955,1.62955
1210,1.62955,1.62955
1211,1.62955,1.62955
1212,1.62955,1.62955
1213,1.62955,1.62955
1214,1.51204,1.51204
1215,1.51204,1.51204
1216,1.51204,1.51204
1217,1.51204,1.51204
1218,1.51204,1.51204
1219,1.51204,1.51204
1220,1.51204,1.51204
1221,1.51204,1.51204
1222,1.51204,1.51204
1223,1.51204,1.51204
1224,1.81577,1.81577
1225,1.81577,1.81577
1226,1.81577,1.81577
1227,1.48014,1.48014
1228,1.48014,1.48014
1229,1.48014,1.48014
1230,1.48014,1.48014
1231,1.48014,1.48014
1232,1.48014,1.48014
1233,1.48014,1.48014
1234,1.48014,1.48014
1235,1.48014,1.48014
1236,1.48014,1.48014
1237,1.48014,1.48014
1238,1.48014,1.48014
1239,1.48014,1.48014
1240,1.48014,1.48014
1241,1.39094,1.39094
1242,1.39094,1.39094
1243,1.39094,1.39094
1244,1.39094,1.39094
1245,1.39094,1.39094
1246,1.39094,1.39094
1247,1.19029,1.19029
1248,1.19029,1.19029
1249,1.19029,1.19029
1250,1.19029,1.19029
1251,1.3734,1.3734
1252,1.3734,1.3734
1253,1.3734,1.3734
1254,1.3734,1.3734
1255,1.3734,1.3734
1256,1.19029,1.19029
1257,1.19029,1.19029
1258,1.19029,1.19029
1259,1.19029,1.19029
1260,1.19029,1.19029
1261,2.67795,2.67795
1262,2.67795,2.67795
1263,2.03444,2.03444
1264,1.32582,1.32582
1265,1.32582,1.32582
1266,1.32582,1.32582
1267,1.32582,1.32582
1268,1.63322,1.63322
1269,1.63322,1.63322
1270,1.63322,1.63322
1271,1.63322,1.63322
1272,1.63322,1.63322
1273,1.63322,1.63322
1274,1.63322,1.63322
1275,1.63322,1.63322
1276,1.63322,1.63322
1277,1.63322,1.63322
1278,1.63322,1.63322
1279,1.50838,1.50838
1280,1.50838,1.50838
1281,1.50838,1.50838
1282,1.50838,1.50838
1283,1.50838,1.50838
1284,1.50838,1.50838
1285,1.50838,1.50838
1286,1.50838,1.50838
1287,0.463648,0.463648
1288,5.81954,-0.463648
1289,5.81954,-0.463648
1290,5.81954,-0.463648
1291,1.4289,1.4289
1292,1.4289,1.4289
1293,1.4289,1.4289
1294,1.4289,1.4289
1295,1.4289,1.4289
1296,1.4289,1.4289
1297,1.4289,1.4289
1298,1.4289,1.4289
1299,1.4289,1.4289
1300,1.4289,1.4289
1301,1.81577,1.81577
1302,1.81577,1.81577
1303,1.81577,1.81577
1304,1.81577,1.81577
1305,1.2925,1.2925
1306,1.2925,1.2925
1307,1.2925,1.2925
1308,1.2925,1.2925
1309,1.2925,1.2925
1310,1.3734,1.3734
1311,1.3734,1.3734
1312,1.3734,1.3734
1313,1.3734,1.3734
1314,1.3734,1.3734
1315,1.17601,1.17601
1316,1.17601,1.17601
1317,1.17601,1.17601
1318,1.17601,1.17601
1319,1.17601,1.17601
1320,1.17601,1.17601
1321,1.17601,1.17601
1322,1.14417,1.14417
1323,1.14417,1.14417
1324,1.14417,1.14417
1325,1.14417,1.14417
1326,1.14417,1.14417
1327,1.14417,1.14417
1328,1.14417,1.14417
1329,1.14417,1.14417
1330,1.14417,1.14417
1331,1.14417,1.14417
1332,1.14417,1.14417
1333,1.14417,1.14417
1334,1.14417,1.14417
1335,1.21203,1.21203
1336,1.21203,1.21203
1337,1.21203,1.21203
1338,1.21203,1.21203
1339,1.21203,1.21203
1340,1.21203,1.21203
1341,1.21203,1.21203
1342,1.21203,1.21203
1343,1.21203,1.21203
1344,1.21203,1.21203
1345,1.21203,1.21203
1346,1.21203,1.21203
1347,2.35619,2.35619
1348,2.35619,2.35619
1349,0.927295,0.927295
1350,0.927295,0.927295
1351,0.927295,0.927295
1352,0.927295,0.927295
1353,0.927295,0.927295
1354,1.19029,1.19029
1355,1.19029,1.19029
1356,1.19029,1.19029
1357,1.19029,1.19029
1358,1.19029,1.19029
1359,1.19029,1.19029
1360,0.463648,0.463648
1361,0.463648,0.463648
1362,0.463648,0.463648
1363,2.03444,2.03444
1364,2.03444,2.03444
1365,1.19029,1.19029
1366,1.19029,1.19029
1367,1.19029,1.19029
1368,1.19029,1.19029
1369,1.19029,1.19029
1370,1.19029,1.19029
1371,1.19029,1.19029
1372,1.19029,1.19029
1373,1.19029,1.19029
1374,1.19029,1.19029
1375,1.19029,1.19029
1376,1.19029,1.19029
1377,1.49949,1.49949
1378,1.49949,1.49949
1379,1.49949,1.49949
1380,1.49949,1.49949
1381,1.49949,1.49949
1382,1.49949,1.49949
1383,1.49949,1.49949
1384,1.49949,1.49949
1385,1.49949,1.49949
1386,1.49949,1.49949
1387,1.49949,1.49949
1388,1.49949,1.49949
1389,1.49949,1.49949
1390,1.49949,1.49949
1391,0.380506,0.380506
1392,0.380506,0.380506
1393,0.380506,0.380506
1394,0.197396,0.197396
1395,0.197396,0.197396
1396,0.197396,0.197396
1397,0.197396,0.197396
1398,0.197396,0.197396
1399,1.21203,1.21203
1400,1.21203,1.21203
1401,1.21203,1.21203
1402,1.21203,1.21203
1403,1.21203,1.21203
1404,1.2925,1.2925
1405,1.2925,1.2925
1406,1.2925,1.2925
1407,1.2925,1.2925
1408,1.2925,1.2925
1409,1.2925,1.2925
1410,1.2925,1.2925
1411,1.2925,1.2925
1412,1.2925,1.2925
1413,1.2925,1.2925
1414,1.05165,1.05165
1415,1.05165,1.05165
1416,1.05165,1.05165
1417,1.05165,1.05165
1418,1.05165,1.05165
1419,1.05165,1.05165
1420,1.1659,1.1659
1421,1.1659,1.1659
1422,1.1659,1.1659
1423,1.22203,1.22203
1424,1.22203,1.22203
1425,1.22203,1.22203
1426,1.22203,1.22203
1427,1.27934,1.27934
1428,1.27934,1.27934
1429,1.27934,1.27934
1430,1.27934,1.27934
1431,1.27934,1.27934
1432,1.27934,1.27934
1433,1.27934,1.27934
1434,1.27934,1.27934
1435,0.982794,0.982794
1436,0.982794,0.982794
1437,0.982794,0.982794
1438,1.4289,1.4289
1439,1.4289,1.4289
1440,1.4289,1.4289
1441,1.4289,1.4289
1442,1.71269,1.71269
1443,1.71269,1.71269
1444,1.71269,1.71269
1445,1.71269,1.71269
1446,1.71269,1.71269
1447,1.71269,1.71269
1448,1.32582,1.32582
1449,1.32582,1.32582
1450,0.876058,0.876058
1451,0.876058,0.876058
1452,0.876058,0.876058
1453,0.876058,0.876058
1454,0.876058,0.876058
1455,0.876058,0.876058
1456,0.876058,0.876058
1457,0.876058,0.876058
1458,0.876058,0.876058
1459,1.3734,1.3734
1460,1.3734,1.3734
1461,1.3734,1.3734
1462,1.76819,1.76819
1463,1.76819,1.76819
1464,1.76819,1.76819
1465,1.76819,1.76819
1466,0.141897,0.141897
1467,0.141897,0.141897
1468,0.141897,0.141897
1469,0.141897,0.141897
1470,0.141897,0.141897
1471,0.141897,0.141897
1472,0.141897,0.141897
1473,0.588003,0.588003
1474,0.588003,0.588003
1475,0.588003,0.588003
1476,0.244979,0.244979
1477,0.244979,0.244979
1478,0.244979,0.244979
1479,0.244979,0.244979
1480,0.244979,0.244979
1481,0.244979,0.244979
1482,6.15883,-0.124355
1483,6.15883,-0.124355
1484,6.15883,-0.124355
1485,6.15883,-0.124355
1486,6.15883,-0.124355
1487,6.15883,-0.124355
1488,6.15883,-0.124355
1489,6.15883,-0.124355
1490,6.15883,-0.124355
1491,6.15883,-0.124355
1492,3.7296,-2.55359
1493,3.7296,-2.55359
1494,3.30674,-2.97644
1495,3.30674,-2.97644
1496,3.30674,-2.97644
1497,3.30674,-2.97644
1498,3.30674,-2.97644
1499,3.30674,-2.97644
1500,3.30674,-2.97644
1501,4.95737,-1.32582
1502,4.95737,-1.32582
1503,4.95737,-1.32582
1504,4.95737,-1.32582
1505,4.95737,-1.32582
1506,5.11728,-1.1659
1507,5.11728,-1.1659
1508,5.11728,-1.1659
1509,5.23154,-1.05165
1510,5.23154,-1.05165
1511,5.23154,-1.05165
1512,5.43122,-0.851966
1513,5.43122,-0.851966
1514,5.43122,-0.851966
1515,5.43122,-0.851966
1516,5.43122,-0.851966
1517,5.43122,-0.851966
1518,5.56436,-0.71883
1519,5.56436,-0.71883
1520,5.56436,-0.71883
1521,5.56436,-0.71883
1522,5.56436,-0.71883
1523,5.56436,-0.71883
1524,5.74277,-0.54042
1525,5.74277,-0.54042
1526,5.90268,-0.380506
1527,5.90268,-0.380506
1528,5.90268,-0.380506
1529,0.321751,0.321751
1530,0.321751,0.321751
1531,0.321751,0.321751
1532,5.17604,-1.10715
1533,5.17604,-1.10715
1534,5.74277,-0.54042
1535,5.74277,-0.54042
1536,5.74277,-0.54042
1537,5.74277,-0.54042
1538,5.74277,-0.54042
1539,5.60844,-0.674741
1540,5.60844,-0.674741
1541,5.60844,-0.674741
1542,5.38713,-0.896055
1543,5.38713,-0.896055
1544,5.38713,-0.896055
1545,5.34119,-0.942
1546,5.34119,-0.942
1547,5.34119,-0.942
1548,5.34119,-0.942
1549,5.34119,-0.942
1550,5.34119,-0.942
1551,5.34119,-0.942
1552,5.34119,-0.942
1553,5.34119,-0.942
1554,5.34119,-0.942
1555,5.34119,-0.942
1556,5.37343,-0.909753
1557,5.37343,-0.909753
1558,5.37343,-0.909753
1559,5.37343,-0.909753
1560,5.37343,-0.909753
1561,5.37343,-0.909753
1562,5.37343,-0.909753
1563,5.37343,-0.909753
1564,5.37343,-0.909753
1565,5.37343,-0.909753
1566,4.93106,-1.35213
1567,4.93106,-1.35213
1568,4.93106,-1.35213
1569,4.93106,-1.35213
1570,4.93106,-1.35213
1571,4.85429,-1.4289
1572,4.85429,-1.4289
1573,4.85429,-1.4289
1574,4.85429,-1.4289
1575,4.57049,-1.71269
1576,4.57049,-1.71269
1577,4.57049,-1.71269
1578,4.57049,-1.71269
1579,4.57049,-1.71269
1580,5.30039,-0.982794
1581,5.30039,-0.982794
1582,5.30039,-0.982794
1583,5.30039,-0.982794
1584,5.69518,-0.588003
1585,6.11804,-0.165149
1586,6.11804,-0.165149
1587,6.11804,-0.165149
1588,6.11804,-0.165149
1589,6.11804,-0.165149
1590,6.11804,-0.165149
1591,5.69518,-0.588003
1592,5.25281,-1.03038
1593,5.25281,-1.03038
1594,5.25281,-1.03038
1595,5.0929,-1.19029
1596,4.80305,-1.48014
1597,4.80305,-1.48014
1598,4.80305,-1.48014
1599,4.80305,-1.48014
1600,4.80305,-1.48014
1601,4.80305,-1.48014
1602,4.62173,-1.66146
1603,4.62173,-1.66146
1604,4.62173,-1.66146
1605,4.62173,-1.66146
1606,4.62173,-1.66146
1607,4.62173,-1.66146
1608,4.62173,-1.66146
1609,4.85429,-1.4289
1610,4.85429,-1.4289
1611,4.85429,-1.4289
1612,4.85429,-1.4289
1613,4.85429,-1.4289
1614,4.85429,-1.4289
1615,4.85429,-1.4289
1616,4.85429,-1.4289
1617,4.85429,-1.4289
1618,5.30039,-0.982794
1619,5.69518,-0.588003
1620,6.22443,-0.0587558
1621,6.22443,-0.0587558
1622,6.22443,-0.0587558
1623,6.22443,-0.0587558
1624,6.22443,-0.0587558
1625,6.22443,-0.0587558
1626,6.22443,-0.0587558
1627,6.22443,-0.0587558
1628,6.22443,-0.0587558
1629,0.0587558,0.0587558
1630,0.0587558,0.0587558
1631,0.0587558,0.0587558
1632,0.0587558,0.0587558
1633,0.0587558,0.0587558
1634,0.0587558,0.0587558
1635,0.0587558,0.0587558
1636,0.0587558,0.0587558
1637,0.694738,0.694738
1638,0.694738,0.694738
1639,0.694738,0.694738
1640,0.694738,0.694738
1641,0.694738,0.694738
1642,0.694738,0.694738
1643,0.694738,0.694738
1644,0.694738,0.694738
1645,0.694738,0.694738
1646,0.694738,0.694738
1647,0.694738,0.694738
1648,0.694738,0.694738
1649,0.982794,0.982794
1650,0.982794,0.982794
1651,0.982794,0.982794
1652,0.463648,0.463648
1653,0.463648,0.463648
1654,1.32582,1.32582
1655,1.32582,1.32582
1656,1.32582,1.32582
1657,1.32582,1.32582
1658,1.15257,1.15257
1659,1.15257,1.15257
1660,1.15257,1.15257
1661,1.15257,1.15257
1662,1.15257,1.15257
1663,1.0637,1.0637
1664,1.0637,1.0637
1665,1.0637,1.0637
1666,1.0637,1.0637
1667,1.0637,1.0637
1668,1.0637,1.0637
1669,1.0637,1.0637
1670,1.39094,1.39094
1671,1.39094,1.39094
1672,1.39094,1.39094
1673,1.39094,1.39094
1674,1.39094,1.39094
1675,1.39094,1.39094
1676,1.48766,1.48766
1677,1.48766,1.48766
1678,1.48766,1.48766
1679,1.48766,1.48766
1680,1.48766,1.48766
1681,1.48766,1.48766
1682,1.65394,1.65394
1683,1.65394,1.65394
1684,1.65394,1.65394
1685,1.65394,1.65394
1686,1.65394,1.65394
1687,1.65394,1.65394
1688,2.1294,2.1294
1689,2.1294,2.1294
1690,2.1294,2.1294
1691,2.1294,2.1294
1692,2.1294,2.1294
1693,2.1294,2.1294
1694,2.1294,2.1294
1695,2.1294,2.1294
1696,2.1294,2.1294
1697,2.1294,2.1294
1698,1.9513,1.9513
1699,1.9513,1.9513
1700,1.9513,1.9513
1701,1.9513,1.9513
1702,2.1588,2.1588
1703,2.1588,2.1588
1704,2.1588,2.1588
1705,1.81577,1.81577
1706,1.81577,1.81577
1707,1.81577,1.81577
1708,1.81577,1.81577
1709,1.81577,1.81577
1710,1.81577,1.81577
1711,1.81577,1.81577
1712,1.47113,1.47113
1713,1.47113,1.47113
1714,1.47113,1.47113
1715,1.47113,1.47113
1716,1.47113,1.47113
1717,1.47113,1.47113
1718,1.47113,1.47113
1719,1.47113,1.47113
1720,1.67046,1.67046
1721,1.67046,1.67046
1722,1.67046,1.67046
1723,1.67046,1.67046
1724,1.67046,1.67046
1725,1.8491,1.8491
1726,1.8491,1.8491
1727,1.8491,1.8491
1728,1.8491,1.8491
1729,1.8491,1.8491
1730,1.76819,1.76819
1731,1.76819,1.76819
1732,1.76819,1.76819
1733,1.76819,1.76819
1734,1.76819,1.76819
1735,1.76819,1.76819
1736,1.76819,1.76819
1737,0.927295,0.927295
1738,0.927295,0.927295
1739,0.927295,0.927295
1740,0.927295,0.927295
1741,0.927295,0.927295
1742,1.40565,1.40565
1743,1.40565,1.40565
1744,1.40565,1.40565
1745,1.40565,1.40565
1746,1.40565,1.40565
1747,1.40565,1.40565
1748,1.40565,1.40565
1749,1.40565,1.40565
1750,1.40565,1.40565
1751,1.40565,1.40565
1752,1.73595,1.73595
1753,1.73595,1.73595
1754,1.73595,1.73595
1755,1.73595,1.73595
1756,1.73595,1.73595
1757,1.73595,1.73595
1758,1.48014,1.48014
1759,1.48014,1.48014
1760,1.48014,1.48014
1761,1.48014,1.48014
1762,1.48014,1.48014
1763,1.48014,1.48014
1764,1.48014,1.48014
1765,1.48014,1.48014
1766,1.48014,1.48014
1767,1.48014,1.48014
1768,1.48014,1.48014
1769,1.48014,1.48014
1770,1.48014,1.48014
1771,1.48014,1.48014
1772,1.48014,1.48014
1773,1.1659,1.1659
1774,1.1659,1.1659
1775,1.1659,1.1659
1776,1.05165,1.05165
1777,1.05165,1.05165
1778,1.05165,1.05165
1779,0.927295,0.927295
1780,0.927295,0.927295
1781,0.643501,0.643501
1782,0.643501,0.643501
1783,0.643501,0.643501
1784,0.643501,0.643501
1785,1.24905,1.24905
1786,1.24905,1.24905
1787,1.24905,1.24905
1788,1.24905,1.24905
1789,1.24905,1.24905
1790,2.1588,2.1588
1791,2.1588,2.1588
1792,2.1588,2.1588
1793,2.1588,2.1588
1794,1.71269,1.71269
1795,1.71269,1.71269
1796,1.71269,1.71269
1797,1.71269,1.71269
1798,1.71269,1.71269
1799,1.71269,1.71269
1800,1.71269,1.71269
1801,2.07789,2.07789
1802,2.07789,2.07789
1803,2.07789,2.07789
1804,2.07789,2.07789
1805,2.07789,2.07789
1806,2.07789,2.07789
1807,2.07789,2.07789
1808,2.07789,2.07789
1809,1.98902,1.98902
1810,1.98902,1.98902
1811,1.98902,1.98902
1812,1.98902,1.98902
1813,1.92957,1.92957
1814,1.92957,1.92957
1815,1.8491,1.8491
1816,1.8491,1.8491
1817,1.73595,1.73595
1818,1.73595,1.73595
1819,1.73595,1.73595
1820,1.40565,1.40565
1821,1.40565,1.40565
1822,1.40565,1.40565
1823,1.40565,1.40565
1824,5.49779,-0.785398
1825,5.49779,-0.785398
1826,1.0122,1.0122
1827,1.0122,1.0122
1828,1.0122,1.0122
1829,1.0122,1.0122
1830,1.0122,1.0122
1831,1.0122,1.0122
1832,1.0122,1.0122
1833,1.0122,1.0122
1834,1.0122,1.0122
1835,1.0122,1.0122
1836,1.0122,1.0122
1837,2.03444,2.03444
1838,2.03444,2.03444
1839,2.03444,2.03444
1840,0.588003,0.588003
1841,0.588003,0.588003
1842,0.588003,0.588003
1843,0.588003,0.588003
1844,0.588003,0.588003
1845,0.588003,0.588003
1846,0.588003,0.588003
1847,0.588003,0.588003
1848,0.588003,0.588003
1849,1.10715,1.10715
1850,2.03444,2.03444
1851,2.03444,2.03444
1852,2.03444,2.03444
1853,0.785398,0.785398
1854,0.785398,0.785398
1855,2.1588,2.1588
1856,2.1588,2.1588
1857,2.1588,2.1588
1858,2.1588,2.1588
1859,2.46685,2.46685
1860,2.46685,2.46685
1861,2.46685,2.46685
1862,2.46685,2.46685
1863,2.46685,2.46685
1864,2.46685,2.46685
1865,2.24554,2.24554
1866,2.24554,2.24554
1867,2.24554,2.24554
1868,1.92957,1.92957
1869,1.92957,1.92957
1870,1.92957,1.92957
1871,1.92957,1.92957
1872,1.92957,1.92957
1873,1.92957,1.92957
1874,1.92957,1.92957
1875,1.92957,1.92957
1876,1.92957,1.92957
1877,1.92957,1.92957
1878,2.67795,2.67795
1879,2.67795,2.67795
1880,1.64757,1.64757
1881,1.64757,1.64757
1882,1.64757,1.64757
1883,1.64757,1.64757
1884,1.64757,1.64757
1885,1.64757,1.64757
1886,1.64757,1.64757
1887,1.49402,1.49402
1888,1.49402,1.49402
1889,1.49402,1.49402
1890,1.49402,1.49402
1891,1.49402,1.49402
1892,1.49402,1.49402
1893,1.49402,1.49402
1894,1.49402,1.49402
1895,2.1588,2.1588
1896,2.1588,2.1588
1897,2.1588,2.1588
1898,1.81577,1.81577
1899,1.81577,1.81577
1900,1.81577,1.81577
1901,1.81577,1.81577
1902,2.1588,2.1588
1903,2.1588,2.1588
1904,2.1588,2.1588
1905,4.09214,-2.19105
1906,4.09214,-2.19105
1907,4.09214,-2.19105
1908,4.09214,-2.19105
1909,4.09214,-2.19105
1910,4.09214,-2.19105
1911,4.09214,-2.19105
1912,4.15379,-2.1294
1913,4.15379,-2.1294
1914,4.19324,-2.08994
1915,4.19324,-2.08994
1916,4.19324,-2.08994
1917,4.3075,-1.97569
1918,4.3075,-1.97569
1919,4.3075,-1.97569
1920,4.35362,-1.92957
1921,4.35362,-1.92957
1922,4.43409,-1.8491
1923,4.43409,-1.8491
1924,4.43409,-1.8491
1925,4.43409,-1.8491
1926,4.43409,-1.8491
1927,4.43409,-1.8491
1928,4.12439,-2.1588
1929,3.7296,-2.55359
1930,3.7296,-2.55359
1931,2.55359,2.55359
1932,2.55359,2.55359
1933,2.55359,2.55359
1934,2.55359,2.55359
1935,2.81984,2.81984
1936,2.81984,2.81984
1937,2.81984,2.81984
1938,2.03444,2.03444
1939,2.03444,2.03444
1940,2.91479,2.91479
1941,2.91479,2.91479
1942,2.91479,2.91479
1943,2.91479,2.91479
1944,2.91479,2.91479
1945,2.91479,2.91479
1946,2.91479,2.91479
1947,2.91479,2.91479
1948,2.91479,2.91479
1949,2.91479,2.91479
1950,3.06482,3.06482
1951,3.06482,3.06482
1952,3.06482,3.06482
1953,3.06482,3.06482
1954,3.06482,3.06482
1955,3.06482,3.06482
1956,3.06482,3.06482
1957,3.06482,3.06482
1958,3.06482,3.06482
1959,3.06482,3.06482
1960,3.06482,3.06482
1961,3.06482,3.06482
1962,3.06482,3.06482
1963,3.06482,3.06482
1964,3.06482,3.06482
1965,4.24874,-2.03444
1966,4.24874,-2.03444
1967,4.24874,-2.03444
1968,2.81984,2.81984
1969,2.81984,2.81984
1970,2.81984,2.81984
1971,3.28349,-2.9997
1972,3.28349,-2.9997
1973,3.28349,-2.9997
1974,3.28349,-2.9997
1975,3.28349,-2.9997
1976,3.28349,-2.9997
1977,2.9997,2.9997
1978,2.9997,2.9997
1979,2.9997,2.9997
1980,2.1588,2.1588
1981,2.1588,2.1588
1982,2.1588,2.1588
1983,2.1588,2.1588
1984,2.1588,2.1588
1985,1.98902,1.98902
1986,1.98902,1.98902
1987,1.98902,1.98902
1988,1.98902,1.98902
1989,1.98902,1.98902
1990,1.98902,1.98902
1991,1.98902,1.98902
1992,1.98902,1.98902
1993,2.07789,2.07789
1994,2.07789,2.07789
1995,2.07789,2.07789
1996,2.07789,2.07789
1997,2.07789,2.07789
1998,2.07789,2.07789
1999,2.07789,2.07789
2000,2.07789,2.07789
2001,2.07789,2.07789
2002,1.9513,1.9513
2003,1.81577,1.81577
2004,1.81577,1.81577
2005,1.81577,1.81577
2006,1.81577,1.81577
2007,1.9513,1.9513
2008,1.9513,1.9513
2009,2.11122,2.11122
2010,2.11122,2.11122
2011,2.55359,2.55359
2012,2.55359,2.55359
2013,3.78509,-2.49809
2014,3.78509,-2.49809
2015,3.78509,-2.49809
2016,4.06889,-2.2143
2017,4.06889,-2.2143
2018,4.17197,-2.11122
2019,4.17197,-2.11122
2020,4.35362,-1.92957
2021,4.35362,-1.92957
2022,4.35362,-1.92957
2023,4.43409,-1.8491
2024,4.43409,-1.8491
2025,4.62173,-1.66146
2026,4.62173,-1.66146
2027,4.62173,-1.66146
2028,4.62173,-1.66146
2029,4.62173,-1.66146
2030,4.62173,-1.66146
2031,4.62173,-1.66146
2032,4.62173,-1.66146
2033,4.62173,-1.66146
2034,4.62173,-1.66146
2035,4.62173,-1.66146
2036,4.12439,-2.1588
2037,3.7296,-2.55359
2038,3.41989,-2.86329
2039,3.41989,-2.86329
2040,3.41989,-2.86329
2041,3.41989,-2.86329
2042,3.41989,-2.86329
2043,3.41989,-2.86329
2044,3.41989,-2.86329
2045,3.41989,-2.86329
2046,3.7296,-2.55359
2047,3.7296,-2.55359
2048,3.7296,-2.55359
2049,3.46334,-2.81984
2050,3.46334,-2.81984
2051,2.81984,2.81984
2052,2.46685,2.46685
2053,2.46685,2.46685
2054,2.46685,2.46685
2055,2.46685,2.46685
2056,2.46685,2.46685
2057,2.46685,2.46685
2058,2.46685,2.46685
2059,2.60117,2.60117
2060,2.60117,2.60117
2061,2.60117,2.60117
2062,2.60117,2.60117
2063,3.60524,-2.67795
2064,3.60524,-2.67795
2065,5.49779,-0.785398
2066,5.49779,-0.785398
2067,3.46334,-2.81984
2068,3.46334,-2.81984
2069,2.97644,2.97644
2070,2.97644,2.97644
2071,2.97644,2.97644
2072,2.97644,2.97644
2073,2.97644,2.97644
2074,3.26595,-3.01724
2075,3.26595,-3.01724
2076,3.26595,-3.01724
2077,3.26595,-3.01724
2078,3.26595,-3.01724
2079,3.26595,-3.01724
2080,3.26595,-3.01724
2081,3.26595,-3.01724
2082,3.26595,-3.01724
2083,3.26595,-3.01724
2084,3.26595,-3.01724
2085,3.26595,-3.01724
2086,4.24874,-2.03444
2087,4.24874,-2.03444
2088,3.38657,-2.89661
2089,3.38657,-2.89661
2090,2.89661,2.89661
2091,2.89661,2.89661
2092,2.89661,2.89661
2093,2.89661,2.89661
2094,2.89661,2.89661
2095,3.46334,-2.81984
2096,4.24874,-2.03444
2097,4.24874,-2.03444
2098,3.29424,-2.98894
2099,3.29424,-2.98894
2100,3.29424,-2.98894
2101,3.29424,-2.98894
2102,3.29424,-2.98894
2103,3.29424,-2.98894
2104,3.29424,-2.98894
2105,3.25225,-3.03094
2106,3.25225,-3.03094
2107,3.25225,-3.03094
2108,3.25225,-3.03094
2109,3.25225,-3.03094
2110,3.25225,-3.03094
2111,3.25225,-3.03094
2112,3.25225,-3.03094
2113,3.25225,-3.03094
2114,3.29424,-2.98894
2115,3.29424,-2.98894
2116,3.29424,-2.98894
2117,3.29424,-2.98894
2118,3.29424,-2.98894
2119,3.29424,-2.98894
2120,3.29424,-2.98894
2121,3.66074,-2.62245
2122,3.66074,-2.62245
2123,3.66074,-2.62245
2124,3.66074,-2.62245
2125,3.66074,-2.62245
2126,3.66074,-2.62245
2127,3.66074,-2.62245
2128,3.66074,-2.62245
2129,3.66074,-2.62245
2130,3.66074,-2.62245
2131,3.66074,-2.62245
2132,3.66074,-2.62245
2133,3.66074,-2.62245
2134,3.66074,-2.62245
2135,3.66074,-2.62245
2136,3.66074,-2.62245
2137,3.66074,-2.62245
2138,3.66074,-2.62245
2139,2.9442,2.9442
2140,2.9442,2.9442
2141,2.9442,2.9442
2142,2.9442,2.9442
2143,2.9442,2.9442
2144,3.33899,-2.9442
2145,3.33899,-2.9442
2146,3.33899,-2.9442
2147,3.33899,-2.9442
2148,2.67795,2.67795
2149,2.03444,2.03444
2150,2.03444,2.03444
2151,2.67795,2.67795
2152,2.67795,2.67795
2153,2.67795,2.67795
2154,2.67795,2.67795
2155,3.60524,-2.67795
2156,3.60524,-2.67795
2157,2.67795,2.67795
2158,2.03444,2.03444
2159,2.03444,2.03444
2160,2.67795,2.67795
2161,2.67795,2.67795
2162,2.67795,2.67795
2163,2.67795,2.67795
2164,3.60524,-2.67795
2165,3.60524,-2.67795
2166,3.60524,-2.67795
2167,3.60524,-2.67795
2168,5.17604,-1.10715
2169,5.17604,-1.10715
2170,4.24874,-2.03444
2171,4.24874,-2.03444
2172,2.35619,2.35619
2173,2.35619,2.35619
2174,4.24874,-2.03444
2175,4.24874,-2.03444
2176,3.60524,-2.67795
2177,2.67795,2.67795
2178,2.67795,2.67795
2179,2.67795,2.67795
2180,4.24874,-2.03444
2181,4.24874,-2.03444
2182,3.60524,-2.67795
2183,2.55359,2.55359
2184,2.55359,2.55359
2185,2.55359,2.55359
2186,2.55359,2.55359
2187,2.55359,2.55359
2188,4.24874,-2.03444
2189,5.17604,-1.10715
2190,5.17604,-1.10715
2191,5.17604,-1.10715
2192,3.60524,-2.67795
2193,3.60524,-2.67795
2194,3.60524,-2.67795
2195,5.49779,-0.785398
2196,5.49779,-0.785398
2197,3.60524,-2.67795
2198,3.60524,-2.67795
2199,4.12439,-2.1588
2200,4.12439,-2.1588
2201,4.12439,-2.1588
2202,3.7296,-2.55359
2203,3.46334,-2.81984
2204,3.46334,-2.81984
2205,3.46334,-2.81984
2206,3.76184,-2.52134
2207,3.76184,-2.52134
2208,3.76184,-2.52134
2209,3.76184,-2.52134
2210,3.76184,-2.52134
2211,3.86042,-2.42276
2212,3.86042,-2.42276
2213,3.86042,-2.42276
2214,3.86042,-2.42276
2215,3.86042,-2.42276
2216,3.86042,-2.42276
2217,3.86042,-2.42276
2218,3.86042,-2.42276
2219,3.86042,-2.42276
2220,3.86042,-2.42276
2221,3.86042,-2.42276
2222,3.86042,-2.42276
2223,3.86042,-2.42276
2224,3.76184,-2.52134
2225,3.76184,-2.52134
2226,3.76184,-2.52134
2227,3.69325,-2.58994
2228,3.69325,-2.58994
2229,3.69325,-2.58994
2230,3.69325,-2.58994
2231,3.69325,-2.58994
2232,3.69325,-2.58994
2233,3.69325,-2.58994
2234,3.69325,-2.58994
2235,3.69325,-2.58994
2236,3.69325,-2.58994
2237,3.69325,-2.58994
2238,3.69325,-2.58994
2239,3.5221,-2.76109
2240,3.20401,-3.07917
2241,3.20401,-3.07917
2242,3.20401,-3.07917
2243,3.20401,-3.07917
2244,3.20401,-3.07917
2245,3.20401,-3.07917
2246,3.20401,-3.07917
2247,3.20401,-3.07917
2248,3.07917,3.07917
2249,3.07917,3.07917
2250,3.07917,3.07917
2251,3.07917,3.07917
2252,3.07917,3.07917
2253,3.07917,3.07917
2254,3.07917,3.07917
2255,3.07917,3.07917
2256,2.03444,2.03444
2257,2.03444,2.03444
2258,2.03444,2.03444
2259,4.24874,-2.03444
2260,4.24874,-2.03444
2261,3.20401,-3.07917
2262,3.20401,-3.07917
2263,3.20401,-3.07917
2264,3.20401,-3.07917
2265,3.20401,-3.07917
2266,3.20401,-3.07917
2267,3.20401,-3.07917
2268,3.20401,-3.07917
2269,3.07917,3.07917
2270,3.07917,3.07917
2271,3.07917,3.07917
2272,3.07917,3.07917
2273,3.07917,3.07917
2274,3.07917,3.07917
2275,3.07917,3.07917
2276,3.07917,3.07917
2277,2.92292,2.92292
2278,2.92292,2.92292
2279,2.92292,2.92292
2280,2.92292,2.92292
2281,2.92292,2.92292
2282,2.92292,2.92292
2283,2.92292,2.92292
2284,2.92292,2.92292
2285,2.92292,2.92292
2286,2.92292,2.92292
2287,2.92292,2.92292
2288,2.85014,2.85014
2289,2.85014,2.85014
2290,2.85014,2.85014
2291,2.85014,2.85014
2292,2.85014,2.85014
2293,2.85014,2.85014
2294,2.85014,2.85014
2295,2.85014,2.85014
2296,2.85014,2.85014
2297,2.85014,2.85014
2298,3.60524,-2.67795
2299,3.60524,-2.67795
2300,3.60524,-2.67795
2301,2.67795,2.67795
2302,2.67795,2.67795
2303,2.67795,2.67795
2304,2.67795,2.67795
2305,2.67795,2.67795
2306,3.60524,-2.67795
2307,3.60524,-2.67795
2308,2.92292,2.92292
2309,2.92292,2.92292
2310,2.92292,2.92292
2311,2.92292,2.92292
2312,2.92292,2.92292
2313,2.92292,2.92292
2314,2.92292,2.92292
2315,2.98894,2.98894
2316,2.98894,2.98894
2317,2.98894,2.98894
2318,2.98894,2.98894
2319,2.98894,2.98894
2320,2.98894,2.98894
2321,2.98894,2.98894
2322,3.09617,3.09617
2323,3.09617,3.09617
2324,3.09617,3.09617
2325,3.09617,3.09617
2326,3.09617,3.09617
2327,3.09617,3.09617
2328,3.09617,3.09617
2329,3.09617,3.09617
2330,3.09617,3.09617
2331,3.09617,3.09617
2332,3.09617,3.09617
2333,3.18702,-3.09617
2334,3.18702,-3.09617
2335,3.18702,-3.09617
2336,3.18702,-3.09617
2337,3.18702,-3.09617
2338,3.18702,-3.09617
2339,3.18702,-3.09617
2340,3.18702,-3.09617
2341,3.18702,-3.09617
2342,3.18702,-3.09617
2343,3.18702,-3.09617
2344,3.18702,-3.09617
2345,3.18702,-3.09617
2346,3.18702,-3.09617
2347,3.18702,-3.09617
2348,2.92292,2.92292
2349,2.92292,2.92292
2350,2.92292,2.92292
2351,2.92292,2.92292
2352,2.92292,2.92292
2353,2.92292,2.92292
2354,2.92292,2.92292
2355,2.92292,2.92292
2356,2.92292,2.92292
2357,2.92292,2.92292
2358,3.46334,-2.81984
2359,3.46334,-2.81984
2360,3.46334,-2.81984
2361,2.89661,2.89661
2362,2.89661,2.89661
2363,2.89661,2.89661
2364,2.89661,2.89661
2365,3.28349,-2.9997
2366,3.28349,-2.9997
2367,3.28349,-2.9997
2368,3.28349,-2.9997
2369,3.28349,-2.9997
2370,3.28349,-2.9997
2371,3.28349,-2.9997
2372,3.28349,-2.9997
2373,3.28349,-2.9997
2374,3.28349,-2.9997
2375,3.54648,-2.7367
2376,3.54648,-2.7367
2377,3.54648,-2.7367
2378,3.54648,-2.7367
2379,3.54648,-2.7367
2380,3.54648,-2.7367
2381,4.33188,-1.9513
2382,4.33188,-1.9513
2383,4.33188,-1.9513
2384,4.33188,-1.9513
2385,4.33188,-1.9513
2386,4.95737,-1.32582
2387,4.95737,-1.32582
2388,4.95737,-1.32582
2389,4.95737,-1.32582
2390,4.46741,-1.81577
2391,4.46741,-1.81577
2392,3.28349,-2.9997
2393,3.28349,-2.9997
2394,3.28349,-2.9997
2395,3.28349,-2.9997
2396,3.28349,-2.9997
2397,3.28349,-2.9997
2398,3.28349,-2.9997
2399,4.39064,-1.89255
2400,4.39064,-1.89255
2401,4.39064,-1.89255
2402,4.06889,-2.2143
2403,4.06889,-2.2143
2404,3.76184,-2.52134
2405,3.76184,-2.52134
2406,3.76184,-2.52134
2407,3.76184,-2.52134
2408,3.76184,-2.52134
2409,3.76184,-2.52134
2410,3.76184,-2.52134
2411,3.76184,-2.52134
2412,3.76184,-2.52134
2413,3.88354,-2.39965
2414,3.88354,-2.39965
2415,3.88354,-2.39965
2416,3.88354,-2.39965
2417,3.88354,-2.39965
2418,3.88354,-2.39965
2419,3.88354,-2.39965
2420,3.88354,-2.39965
2421,3.88354,-2.39965
2422,3.88354,-2.39965
2423,3.97044,-2.31274
2424,3.97044,-2.31274
2425,3.97044,-2.31274
2426,3.97044,-2.31274
2427,3.97044,-2.31274
2428,3.97044,-2.31274
2429,3.97044,-2.31274
2430,3.97044,-2.31274
2431,3.97044,-2.31274
2432,3.97044,-2.31274
2433,4.09214,-2.19105
2434,4.09214,-2.19105
2435,4.09214,-2.19105
2436,4.09214,-2.19105
2437,4.09214,-2.19105
2438,4.46741,-1.81577
2439,4.46741,-1.81577
2440,4.46741,-1.81577
2441,4.46741,-1.81577
2442,4.35362,-1.92957
2443,4.35362,-1.92957
2444,4.35362,-1.92957
2445,4.35362,-1.92957
2446,4.35362,-1.92957
2447,4.35362,-1.92957
2448,4.43409,-1.8491
2449,4.43409,-1.8491
2450,4.67395,-1.60924
2451,4.67395,-1.60924
2452,4.67395,-1.60924
2453,4.67395,-1.60924
2454,4.67395,-1.60924
2455,4.67395,-1.60924
2456,4.67395,-1.60924
2457,4.67395,-1.60924
2458,4.67395,-1.60924
2459,4.67395,-1.60924
2460,4.67395,-1.60924
2461,4.67395,-1.60924
2462,4.67395,-1.60924
2463,4.67395,-1.60924
2464,4.67395,-1.60924
2465,4.67395,-1.60924
2466,4.67395,-1.60924
2467,4.67395,-1.60924
2468,4.67395,-1.60924
2469,4.67395,-1.60924
2470,4.67395,-1.60924
2471,4.67395,-1.60924
2472,4.67395,-1.60924
2473,4.67395,-1.60924
2474,4.67395,-1.60924
2475,4.67395,-1.60924
