n,tangent,t2
0,6.03821,-0.244979
1,6.03821,-0.244979
2,6.03821,-0.244979
3,6.03821,-0.244979
4,6.03821,-0.244979
5,6.03821,-0.244979
6,6.03821,-0.244979
7,4.12439,-2.1588
8,4.12439,-2.1588
9,4.12439,-2.1588
10,4.12439,-2.1588
11,4.12439,-2.1588
12,4.12439,-2.1588
13,4.12439,-2.1588
14,6.03821,-0.244979
15,6.03821,-0.244979
16,6.03821,-0.244979
17,6.03821,-0.244979
18,5.90268,-0.380506
19,5.90268,-0.380506
20,5.90268,-0.380506
21,5.90268,-0.380506
22,6.03821,-0.244979
23,6.03821,-0.244979
24,6.03821,-0.244979
25,6.03821,-0.244979
26,5.17604,-1.10715
27,4.24874,-2.03444
28,4.24874,-2.03444
29,4.24874,-2.03444
30,5.03414,-1.24905
31,5.03414,-1.24905
32,5.03414,-1.24905
33,5.03414,-1.24905
34,5.03414,-1.24905
35,5.30039,-0.982794
36,5.30039,-0.982794
37,5.30039,-0.982794
38,5.30039,-0.982794
39,5.30039,-0.982794
40,5.30039,-0.982794
41,5.69518,-0.588003
42,5.90268,-0.380506
43,5.90268,-0.380506
44,5.90268,-0.380506
45,5.90268,-0.380506
46,5.90268,-0.380506
47,5.90268,-0.380506
48,5.90268,-0.380506
49,5.90268,-0.380506
50,5.90268,-0.380506
51,5.90268,-0.380506
52,5.69518,-0.588003
53,5.30039,-0.982794
54,5.30039,-0.982794
55,5.30039,-0.982794
56,5.30039,-0.982794
57,5.69518,-0.588003
58,5.96143,-0.321751
59,5.96143,-0.321751
60,5.96143,-0.321751
61,5.63968,-0.643501
62,5.63968,-0.643501
63,5.63968,-0.643501
64,5.63968,-0.643501
65,5.63968,-0.643501
66,5.63968,-0.643501
67,0.124355,0.124355
68,0.124355,0.124355
69,0.124355,0.124355
70,0.124355,0.124355
71,0.124355,0.124355
72,0.124355,0.124355
73,6.15883,-0.124355
74,6.15883,-0.124355
75,6.15883,-0.124355
76,6.15883,-0.124355
77,6.15883,-0.124355
78,4.24874,-2.03444
79,4.24874,-2.03444
80,5.17604,-1.10715
81,5.17604,-1.10715
82,0.463648,0.463648
83,0.463648,0.463648
84,5.81954,-0.463648
85,5.81954,-0.463648
86,3.92699,-2.35619
87,3.92699,-2.35619
88,6.00489,-0.2783
89,6.00489,-0.2783
90,6.00489,-0.2783
91,6.00489,-0.2783
92,6.24321,-0.0399787
93,6.24321,-0.0399787
94,6.24321,-0.0399787
95,6.24321,-0.0399787
96,6.24321,-0.0399787
97,6.24321,-0.0399787
98,6.24321,-0.0399787
99,6.24321,-0.0399787
100,6.24321,-0.0399787
101,6.24321,-0.0399787
102,6.24321,-0.0399787
103,6.24321,-0.0399787
104,6.24321,-0.0399787
105,0.0399787,0.0399787
106,0.0399787,0.0399787
107,0.0399787,0.0399787
108,0.0399787,0.0399787
109,0.0399787,0.0399787
110,0.0399787,0.0399787
111,0.0399787,0.0399787
112,0.0399787,0.0399787
113,0.0399787,0.0399787
114,0.0399787,0.0399787
115,0.0399787,0.0399787
116,0.0399787,0.0399787
117,0.643501,0.643501
118,0.643501,0.643501
119,0.643501,0.643501
120,0.643501,0.643501
121,0.643501,0.643501
122,0.124355,0.124355
123,0.124355,0.124355
124,0.124355,0.124355
125,0.124355,0.124355
126,0.124355,0.124355
127,0.124355,0.124355
128,0.124355,0.124355
129,0.124355,0.124355
130,0.588003,0.588003
131,0.588003,0.588003
132,0.588003,0.588003
133,0.588003,0.588003
134,5.81954,-0.463648
135,5.81954,-0.463648
136,5.81954,-0.463648
137,0.785398,0.785398
138,0.785398,0.785398
139,0.785398,0.785398
140,0.785398,0.785398
141,5.30039,-0.982794
142,5.30039,-0.982794
143,5.30039,-0.982794
144,4.12439,-2.1588
145,4.12439,-2.1588
146,4.12439,-2.1588
147,4.12439,-2.1588
148,4.12439,-2.1588
149,6.03821,-0.244979
150,6.03821,-0.244979
151,0.197396,0.197396
152,0.197396,0.197396
153,0.197396,0.197396
154,0.197396,0.197396
155,0.197396,0.197396
156,0.197396,0.197396
157,6.08579,-0.197396
158,6.08579,-0.197396
159,6.08579,-0.197396
160,6.08579,-0.197396
161,6.08579,-0.197396
162,0.321751,0.321751
163,0.321751,0.321751
164,0.321751,0.321751
165,6.15883,-0.124355
166,6.15883,-0.124355
167,6.15883,-0.124355
168,6.15883,-0.124355
169,6.15883,-0.124355
170,6.15883,-0.124355
171,0.124355,0.124355
172,0.124355,0.124355
173,0.124355,0.124355
174,0.124355,0.124355
175,0.2783,0.2783
176,0.2783,0.2783
177,0.2783,0.2783
178,0.2783,0.2783
179,0.54042,0.54042
180,0.54042,0.54042
181,0.54042,0.54042
182,0.54042,0.54042
183,0.54042,0.54042
184,0.54042,0.54042
185,0.54042,0.54042
186,5.60844,-0.674741
187,5.60844,-0.674741
188,5.60844,-0.674741
189,5.60844,-0.674741
190,5.38713,-0.896055
191,5.38713,-0.896055
192,5.38713,-0.896055
193,5.38713,-0.896055
194,5.38713,-0.896055
195,6.15883,-0.124355
196,6.15883,-0.124355
197,6.15883,-0.124355
198,6.15883,-0.124355
199,0.124355,0.124355
200,0.124355,0.124355
201,0.124355,0.124355
202,0.124355,0.124355
203,0.380506,0.380506
204,0.380506,0.380506
205,0.380506,0.380506
206,0.380506,0.380506
207,0.380506,0.380506
208,6.00489,-0.2783
209,6.00489,-0.2783
210,6.00489,-0.2783
211,6.00489,-0.2783
212,6.00489,-0.2783
213,6.08579,-0.197396
214,6.08579,-0.197396
215,6.08579,-0.197396
216,0.218669,0.218669
217,0.218669,0.218669
218,0.218669,0.218669
219,0.218669,0.218669
220,0.218669,0.218669
221,0.218669,0.218669
222,0.218669,0.218669
223,0.380506,0.380506
224,0.380506,0.380506
225,0.380506,0.380506
226,0.380506,0.380506
227,0.380506,0.380506
228,6.03821,-0.244979
229,6.03821,-0.244979
230,6.03821,-0.244979
231,0.244979,0.244979
232,0.244979,0.244979
233,0.244979,0.244979
234,0.244979,0.244979
235,5.69518,-0.588003
236,5.69518,-0.588003
237,5.30039,-0.982794
238,5.03414,-1.24905
239,5.03414,-1.24905
240,5.03414,-1.24905
241,6.03821,-0.244979
242,6.03821,-0.244979
243,0.291457,0.291457
244,0.291457,0.291457
245,0.291457,0.291457
246,0.291457,0.291457
247,0.291457,0.291457
248,0.291457,0.291457
249,0.291457,0.291457
250,0.291457,0.291457
251,0.291457,0.291457
252,0.291457,0.291457
253,1.19029,1.19029
254,1.19029,1.19029
255,1.19029,1.19029
256,1.19029,1.19029
257,1.19029,1.19029
258,1.19029,1.19029
259,1.19029,1.19029
260,5.30039,-0.982794
261,5.30039,-0.982794
262,5.30039,-0.982794
263,5.30039,-0.982794
264,5.30039,-0.982794
265,0.785398,0.785398
266,0.785398,0.785398
267,4.90978,-1.3734
268,4.90978,-1.3734
269,4.90978,-1.3734
270,4.90978,-1.3734
271,4.90978,-1.3734
272,6.17253,-0.110657
273,6.17253,-0.110657
274,6.17253,-0.110657
275,6.17253,-0.110657
276,6.17253,-0.110657
277,0.0525831,0.0525831
278,0.0525831,0.0525831
279,0.0525831,0.0525831
280,0.0525831,0.0525831
281,0.0525831,0.0525831
282,0.0525831,0.0525831
283,0.0525831,0.0525831
284,0.0525831,0.0525831
285,0.0525831,0.0525831
286,0.0525831,0.0525831
287,0.0525831,0.0525831
288,0.0525831,0.0525831
289,0.0525831,0.0525831
290,0.0525831,0.0525831
291,0.0525831,0.0525831
292,0.0525831,0.0525831
293,0.0525831,0.0525831
294,0.0525831,0.0525831
295,0.0525831,0.0525831
296,0.0525831,0.0525831
297,0.0525831,0.0525831
298,0.0525831,0.0525831
299,0.0525831,0.0525831
300,0.0525831,0.0525831
301,0.643501,0.643501
302,0.643501,0.643501
303,0.643501,0.643501
304,0.643501,0.643501
305,0.643501,0.643501
306,0.244979,0.244979
307,0.244979,0.244979
308,6.03821,-0.244979
309,6.03821,-0.244979
310,5.69518,-0.588003
311,5.30039,-0.982794
312,5.30039,-0.982794
313,5.30039,-0.982794
314,6.08579,-0.197396
315,6.08579,-0.197396
316,6.08579,-0.197396
317,0.197396,0.197396
318,0.197396,0.197396
319,0.588003,0.588003
320,0.982794,0.982794
321,1.24905,1.24905
322,1.24905,1.24905
323,1.24905,1.24905
324,1.24905,1.24905
325,5.49779,-0.785398
326,5.49779,-0.785398
327,5.49779,-0.785398
328,5.49779,-0.785398
329,0.785398,0.785398
330,0.785398,0.785398
331,0.785398,0.785398
332,0.785398,0.785398
333,0.785398,0.785398
334,0.785398,0.785398
335,5.49779,-0.785398
336,5.49779,-0.785398
337,5.49779,-0.785398
338,4.39064,-1.89255
339,4.39064,-1.89255
340,4.39064,-1.89255
341,5.03414,-1.24905
342,6.14129,-0.141897
343,6.14129,-0.141897
344,6.14129,-0.141897
345,6.14129,-0.141897
346,0.141897,0.141897
347,0.141897,0.141897
348,0.141897,0.141897
349,0.141897,0.141897
350,0.141897,0.141897
351,0.141897,0.141897
352,0.141897,0.141897
353,6.21188,-0.0713075
354,6.21188,-0.0713075
355,6.21188,-0.0713075
356,6.21188,-0.0713075
357,6.21188,-0.0713075
358,6.21188,-0.0713075
359,6.21188,-0.0713075
360,6.21188,-0.0713075
361,6.21188,-0.0713075
362,6.21188,-0.0713075
363,0.0713075,0.0713075
364,0.0713075,0.0713075
365,0.0713075,0.0713075
366,0.0713075,0.0713075
367,0.0713075,0.0713075
368,0.0713075,0.0713075
369,0.0713075,0.0713075
370,0.218669,0.218669
371,0.218669,0.218669
372,0.218669,0.218669
373,0.218669,0.218669
374,0.218669,0.218669
375,0.218669,0.218669
376,0.218669,0.218669
377,6.20004,-0.0831412
378,6.20004,-0.0831412
379,6.20004,-0.0831412
380,6.20004,-0.0831412
381,6.20004,-0.0831412
382,6.20004,-0.0831412
383,6.20004,-0.0831412
384,6.20004,-0.0831412
385,0.0831412,0.0831412
386,0.0831412,0.0831412
387,0.0831412,0.0831412
388,0.0831412,0.0831412
389,0.0831412,0.0831412
390,0.0831412,0.0831412
391,0.0831412,0.0831412
392,0.0831412,0.0831412
393,0.0831412,0.0831412
394,6.08579,-0.197396
395,6.08579,-0.197396
396,6.08579,-0.197396
397,6.08579,-0.197396
398,6.08579,-0.197396
399,6.08579,-0.197396
400,0.197396,0.197396
401,0.197396,0.197396
402,0.380506,0.380506
403,0.380506,0.380506
404,0.380506,0.380506
405,0.380506,0.380506
406,0.244979,0.244979
407,0.244979,0.244979
408,0.244979,0.244979
409,0.244979,0.244979
410,0.244979,0.244979
411,2.35619,2.35619
412,2.35619,2.35619
413,2.35619,2.35619
414,2.35619,2.35619
415,0.463648,0.463648
416,0.463648,0.463648
417,1.19029,1.19029
418,1.19029,1.19029
419,1.19029,1.19029
420,1.19029,1.19029
421,1.19029,1.19029
422,1.19029,1.19029
423,0.463648,0.463648
424,0.463648,0.463648
425,1.10715,1.10715
426,2.03444,2.03444
427,2.03444,2.03444
428,2.03444,2.03444
429,1.10715,1.10715
430,1.10715,1.10715
431,1.10715,1.10715
432,1.81577,1.81577
433,1.81577,1.81577
434,1.81577,1.81577
435,1.46014,1.46014
436,1.46014,1.46014
437,1.46014,1.46014
438,1.46014,1.46014
439,1.46014,1.46014
440,1.46014,1.46014
441,1.46014,1.46014
442,1.46014,1.46014
443,1.46014,1.46014
444,1.46014,1.46014
445,1.46014,1.46014
446,1.46014,1.46014
447,0.463648,0.463648
448,0.463648,0.463648
449,0.463648,0.463648
450,0.463648,0.463648
451,5.49779,-0.785398
452,5.49779,-0.785398
453,0.785398,0.785398
454,0.785398,0.785398
455,5.30039,-0.982794
456,5.30039,-0.982794
457,5.30039,-0.982794
458,5.69518,-0.588003
459,5.96143,-0.321751
460,5.96143,-0.321751
461,0.321751,0.321751
462,1.10715,1.10715
463,2.03444,2.03444
464,2.03444,2.03444
465,2.03444,2.03444
466,1.10715,1.10715
467,0.321751,0.321751
468,0.321751,0.321751
469,5.96143,-0.321751
470,5.63968,-0.643501
471,5.63968,-0.643501
472,5.63968,-0.643501
473,5.63968,-0.643501
474,5.63968,-0.643501
475,5.63968,-0.643501
476,1.10715,1.10715
477,2.1588,2.1588
478,2.1588,2.1588
479,2.1588,2.1588
480,2.1588,2.1588
481,2.1588,2.1588
482,1.10715,1.10715
483,1.10715,1.10715
484,1.10715,1.10715
485,1.10715,1.10715
486,0.463648,0.463648
487,5.81954,-0.463648
488,5.03414,-1.24905
489,5.03414,-1.24905
490,5.03414,-1.24905
491,5.30039,-0.982794
492,5.69518,-0.588003
493,5.96143,-0.321751
494,5.96143,-0.321751
495,0.321751,0.321751
496,1.24905,1.24905
497,1.24905,1.24905
498,1.81577,1.81577
499,1.81577,1.81577
500,1.81577,1.81577
501,1.81577,1.81577
502,1.81577,1.81577
503,1.81577,1.81577
504,2.1588,2.1588
505,2.1588,2.1588
506,2.1588,2.1588
507,2.1588,2.1588
508,1.24905,1.24905
509,1.24905,1.24905
510,1.24905,1.24905
511,1.89255,1.89255
512,2.1588,2.1588
513,2.1588,2.1588
514,2.1588,2.1588
515,2.1588,2.1588
516,2.1588,2.1588
517,2.1588,2.1588
518,2.1588,2.1588
519,2.1588,2.1588
520,2.1588,2.1588
521,0.244979,0.244979
522,0.244979,0.244979
523,6.03821,-0.244979
524,6.03821,-0.244979
525,6.03821,-0.244979
526,6.03821,-0.244979
527,0.463648,0.463648
528,1.10715,1.10715
529,1.10715,1.10715
530,1.10715,1.10715
531,1.10715,1.10715
532,2.35619,2.35619
533,2.35619,2.35619
534,1.3734,1.3734
535,1.3734,1.3734
536,1.3734,1.3734
537,1.3734,1.3734
538,1.3734,1.3734
539,1.3734,1.3734
540,0.380506,0.380506
541,0.380506,0.380506
542,0.380506,0.380506
543,0.244979,0.244979
544,0.244979,0.244979
545,0.244979,0.244979
546,0.244979,0.244979
547,0.643501,0.643501
548,0.643501,0.643501
549,0.643501,0.643501
550,0.643501,0.643501
551,0.643501,0.643501
552,2.76109,2.76109
553,2.76109,2.76109
554,2.76109,2.76109
555,2.76109,2.76109
556,2.76109,2.76109
557,2.76109,2.76109
558,2.76109,2.76109
559,0.785398,0.785398
560,0.785398,0.785398
561,2.49809,2.49809
562,2.49809,2.49809
563,2.49809,2.49809
564,2.49809,2.49809
565,2.2143,2.2143
566,2.2143,2.2143
567,1.89255,1.89255
568,1.89255,1.89255
569,1.24905,1.24905
570,0.927295,0.927295
571,0.927295,0.927295
572,0.927295,0.927295
573,0.927295,0.927295
574,0.927295,0.927295
575,0.927295,0.927295
576,0.927295,0.927295
577,0.927295,0.927295
578,0.588003,0.588003
579,0.244979,0.244979
580,0.244979,0.244979
581,0.244979,0.244979
582,0.244979,0.244979
583,0.244979,0.244979
584,0.244979,0.244979
585,5.49779,-0.785398
586,5.49779,-0.785398
587,0.785398,0.785398
588,0.785398,0.785398
589,0.785398,0.785398
590,2.35619,2.35619
591,2.35619,2.35619
592,0.785398,0.785398
593,0.785398,0.785398
594,2.67795,2.67795
595,2.67795,2.67795
596,2.03444,2.03444
597,0.927295,0.927295
598,0.927295,0.927295
599,0.927295,0.927295
600,0.643501,0.643501
601,0.643501,0.643501
602,0.321751,0.321751
603,0.321751,0.321751
604,0.321751,0.321751
605,1.24905,1.24905
606,1.24905,1.24905
607,1.89255,1.89255
608,1.89255,1.89255
609,1.89255,1.89255
610,0.785398,0.785398
611,0.785398,0.785398
612,2.35619,2.35619
613,2.35619,2.35619
614,0.785398,0.785398
615,0.785398,0.785398
616,2.03444,2.03444
617,2.03444,2.03444
618,0.927295,0.927295
619,0.927295,0.927295
620,0.927295,0.927295
621,0.927295,0.927295
622,0.927295,0.927295
623,0.927295,0.927295
624,1.03038,1.03038
625,1.03038,1.03038
626,1.03038,1.03038
627,1.03038,1.03038
628,2.1588,2.1588
629,2.1588,2.1588
630,2.55359,2.55359
631,2.89661,2.89661
632,2.89661,2.89661
633,3.38657,-2.89661
634,3.38657,-2.89661
635,3.38657,-2.89661
636,3.38657,-2.89661
637,2.67795,2.67795
638,1.81577,1.81577
639,1.81577,1.81577
640,1.81577,1.81577
641,1.81577,1.81577
642,1.81577,1.81577
643,1.81577,1.81577
644,1.81577,1.81577
645,1.81577,1.81577
646,1.81577,1.81577
647,2.67795,2.67795
648,2.67795,2.67795
649,1.89255,1.89255
650,1.89255,1.89255
651,1.89255,1.89255
652,2.1588,2.1588
653,2.1588,2.1588
654,2.1588,2.1588
655,2.1588,2.1588
656,0.643501,0.643501
657,0.643501,0.643501
658,0.643501,0.643501
659,0.643501,0.643501
660,0.927295,0.927295
661,0.927295,0.927295
662,0.927295,0.927295
663,2.03444,2.03444
664,2.81984,2.81984
665,2.81984,2.81984
666,2.81984,2.81984
667,2.81984,2.81984
668,1.10715,1.10715
669,1.10715,1.10715
670,2.03444,2.03444
671,2.03444,2.03444
672,2.03444,2.03444
673,0.982794,0.982794
674,0.982794,0.982794
675,0.982794,0.982794
676,0.982794,0.982794
677,2.03444,2.03444
678,2.03444,2.03444
679,3.92699,-2.35619
680,3.92699,-2.35619
681,2.03444,2.03444
682,0.982794,0.982794
683,0.982794,0.982794
684,0.588003,0.588003
685,0.588003,0.588003
686,0.588003,0.588003
687,1.40565,1.40565
688,1.40565,1.40565
689,1.40565,1.40565
690,1.40565,1.40565
691,1.40565,1.40565
692,1.40565,1.40565
693,0.463648,0.463648
694,0.463648,0.463648
695,0.463648,0.463648
696,0.463648,0.463648
697,5.49779,-0.785398
698,5.49779,-0.785398
699,5.49779,-0.785398
700,5.49779,-0.785398
701,1.10715,1.10715
702,1.10715,1.10715
703,1.10715,1.10715
704,1.10715,1.10715
705,2.55359,2.55359
706,2.55359,2.55359
707,2.55359,2.55359
708,2.55359,2.55359
709,1.81577,1.81577
710,1.81577,1.81577
711,1.35213,1.35213
712,1.35213,1.35213
713,1.35213,1.35213
714,1.35213,1.35213
715,1.35213,1.35213
716,1.35213,1.35213
717,1.35213,1.35213
718,1.35213,1.35213
719,1.35213,1.35213
720,1.35213,1.35213
721,1.35213,1.35213
722,1.35213,1.35213
723,1.35213,1.35213
724,0.463648,0.463648
725,0.463648,0.463648
726,0.463648,0.463648
727,2.35619,2.35619
728,2.35619,2.35619
729,2.35619,2.35619
730,2.35619,2.35619
731,0.463648,0.463648
732,0.463648,0.463648
733,0.463648,0.463648
734,2.35619,2.35619
735,2.35619,2.35619
736,2.35619,2.35619
737,2.35619,2.35619
738,0.982794,0.982794
739,0.982794,0.982794
740,0.982794,0.982794
741,0.982794,0.982794
742,0.982794,0.982794
743,0.982794,0.982794
744,0.982794,0.982794
745,2.67795,2.67795
746,2.67795,2.67795
747,2.67795,2.67795
748,2.67795,2.67795
749,2.67795,2.67795
750,2.67795,2.67795
751,0.785398,0.785398
752,0.785398,0.785398
753,2.67795,2.67795
754,3.60524,-2.67795
755,3.60524,-2.67795
756,3.60524,-2.67795
757,2.67795,2.67795
758,2.67795,2.67795
759,1.24905,1.24905
760,1.24905,1.24905
761,1.24905,1.24905
762,1.89255,1.89255
763,2.67795,2.67795
764,3.7296,-2.55359
765,3.7296,-2.55359
766,3.7296,-2.55359
767,3.7296,-2.55359
768,3.7296,-2.55359
769,2.67795,2.67795
770,2.03444,2.03444
771,2.03444,2.03444
772,2.03444,2.03444
773,2.03444,2.03444
774,1.10715,1.10715
775,1.10715,1.10715
776,1.10715,1.10715
777,2.35619,2.35619
778,2.35619,2.35619
779,0.244979,0.244979
780,0.244979,0.244979
781,0.244979,0.244979
782,0.244979,0.244979
783,1.10715,1.10715
784,2.03444,2.03444
785,2.03444,2.03444
786,2.03444,2.03444
787,2.03444,2.03444
788,2.03444,2.03444
789,2.03444,2.03444
790,0.785398,0.785398
791,0.785398,0.785398
792,2.81984,2.81984
793,2.81984,2.81984
794,2.81984,2.81984
795,2.03444,2.03444
796,1.10715,1.10715
797,0.463648,0.463648
798,0.463648,0.463648
799,0.463648,0.463648
800,2.55359,2.55359
801,2.55359,2.55359
802,2.55359,2.55359
803,2.55359,2.55359
804,2.55359,2.55359
805,2.1588,2.1588
806,1.76819,1.76819
807,1.76819,1.76819
808,1.76819,1.76819
809,1.3734,1.3734
810,1.3734,1.3734
811,0.982794,0.982794
812,0.982794,0.982794
813,0.982794,0.982794
814,0.982794,0.982794
815,1.89255,1.89255
816,1.89255,1.89255
817,1.89255,1.89255
818,1.89255,1.89255
819,1.89255,1.89255
820,1.89255,1.89255
821,0.321751,0.321751
822,0.321751,0.321751
823,0.321751,0.321751
824,1.10715,1.10715
825,1.10715,1.10715
826,1.10715,1.10715
827,1.10715,1.10715
828,2.35619,2.35619
829,2.35619,2.35619
830,1.10715,1.10715
831,1.10715,1.10715
832,2.2143,2.2143
833,2.2143,2.2143
834,2.2143,2.2143
835,2.49809,2.49809
836,2.49809,2.49809
837,2.49809,2.49809
838,2.49809,2.49809
839,2.03444,2.03444
840,1.10715,1.10715
841,0.463648,0.463648
842,0.463648,0.463648
843,1.10715,1.10715
844,2.03444,2.03444
845,2.81984,2.81984
846,2.81984,2.81984
847,2.81984,2.81984
848,1.89255,1.89255
849,1.89255,1.89255
850,1.89255,1.89255
851,2.81984,2.81984
852,2.81984,2.81984
853,2.81984,2.81984
854,2.81984,2.81984
855,0.588003,0.588003
856,0.588003,0.588003
857,0.588003,0.588003
858,0.982794,0.982794
859,1.32582,1.32582
860,1.32582,1.32582
861,1.81577,1.81577
862,1.81577,1.81577
863,1.81577,1.81577
864,1.81577,1.81577
865,0.982794,0.982794
866,0.982794,0.982794
867,0.982794,0.982794
868,0.982794,0.982794
869,1.32582,1.32582
870,1.32582,1.32582
871,1.81577,1.81577
872,1.81577,1.81577
873,2.1588,2.1588
874,2.55359,2.55359
875,2.81984,2.81984
876,2.81984,2.81984
877,2.81984,2.81984
878,2.81984,2.81984
879,1.10715,1.10715
880,1.10715,1.10715
881,1.10715,1.10715
882,0.463648,0.463648
883,0.463648,0.463648
884,0.463648,0.463648
885,2.62245,2.62245
886,2.62245,2.62245
887,2.62245,2.62245
888,2.62245,2.62245
889,2.62245,2.62245
890,2.7367,2.7367
891,2.7367,2.7367
892,2.7367,2.7367
893,2.7367,2.7367
894,2.7367,2.7367
895,2.7367,2.7367
896,2.7367,2.7367
897,0.463648,0.463648
898,0.463648,0.463648
899,0.463648,0.463648
900,2.03444,2.03444
901,2.03444,2.03444
902,0.982794,0.982794
903,0.982794,0.982794
904,0.588003,0.588003
905,0.321751,0.321751
906,0.321751,0.321751
907,0.321751,0.321751
908,0.321751,0.321751
909,1.89255,1.89255
910,1.89255,1.89255
911,1.89255,1.89255
912,1.89255,1.89255
913,1.89255,1.89255
914,1.89255,1.89255
915,1.89255,1.89255
916,1.24905,1.24905
917,0.86217,0.86217
918,0.86217,0.86217
919,0.86217,0.86217
920,0.86217,0.86217
921,0.86217,0.86217
922,0.86217,0.86217
923,0.86217,0.86217
924,0.86217,0.86217
925,0.86217,0.86217
926,0.86217,0.86217
927,0.86217,0.86217
928,1.3734,1.3734
929,1.3734,1.3734
930,1.3734,1.3734
931,1.3734,1.3734
932,1.3734,1.3734
933,0.982794,0.982794
934,0.982794,0.982794
935,0.982794,0.982794
936,5.17604,-1.10715
937,5.17604,-1.10715
938,5.81954,-0.463648
939,0.463648,0.463648
940,1.10715,1.10715
941,2.03444,2.03444
942,2.03444,2.03444
943,2.03444,2.03444
944,2.03444,2.03444
945,2.03444,2.03444
946,2.03444,2.03444
947,0.927295,0.927295
948,0.927295,0.927295
949,0.927295,0.927295
950,0.643501,0.643501
951,0.643501,0.643501
952,0.643501,0.643501
953,5.81954,-0.463648
954,5.17604,-1.10715
955,4.39064,-1.89255
956,4.39064,-1.89255
957,4.39064,-1.89255
958,4.39064,-1.89255
959,5.03414,-1.24905
960,5.03414,-1.24905
961,0.982794,0.982794
962,0.982794,0.982794
963,1.24905,1.24905
964,1.24905,1.24905
965,1.24905,1.24905
966,0.463648,0.463648
967,6.03821,-0.244979
968,6.03821,-0.244979
969,6.03821,-0.244979
970,6.03821,-0.244979
971,0.244979,0.244979
972,0.244979,0.244979
973,1.10715,1.10715
974,1.89255,1.89255
975,1.89255,1.89255
976,1.89255,1.89255
977,1.89255,1.89255
978,1.24905,1.24905
979,0.982794,0.982794
980,0.982794,0.982794
981,0.982794,0.982794
982,0.982794,0.982794
983,2.67795,2.67795
984,2.67795,2.67795
985,2.67795,2.67795
986,0.165149,0.165149
987,0.165149,0.165149
988,0.165149,0.165149
989,0.165149,0.165149
990,0.165149,0.165149
991,0.165149,0.165149
992,0.380506,0.380506
993,0.380506,0.380506
994,0.54042,0.54042
995,0.54042,0.54042
996,0.54042,0.54042
997,0.54042,0.54042
998,2.35619,2.35619
999,2.35619,2.35619
1000,1.10715,1.10715
1001,1.10715,1.10715
1002,1.10715,1.10715
1003,1.10715,1.10715
1004,1.10715,1.10715
1005,2.67795,2.67795
1006,2.67795,2.67795
1007,2.03444,2.03444
1008,1.24905,1.24905
1009,1.24905,1.24905
1010,1.24905,1.24905
1011,1.24905,1.24905
1012,1.24905,1.24905
1013,0.982794,0.982794
1014,0.982794,0.982794
1015,0.982794,0.982794
1016,0.982794,0.982794
1017,2.03444,2.03444
1018,2.03444,2.03444
1019,2.03444,2.03444
1020,1.10715,1.10715
1021,1.10715,1.10715
1022,1.10715,1.10715
1023,1.73595,1.73595
1024,1.73595,1.73595
1025,1.73595,1.73595
1026,1.73595,1.73595
1027,1.73595,1.73595
1028,1.73595,1.73595
1029,1.73595,1.73595
1030,1.73595,1.73595
1031,1.73595,1.73595
1032,1.73595,1.73595
1033,1.73595,1.73595
1034,1.73595,1.73595
1035,1.3734,1.3734
1036,1.3734,1.3734
1037,1.3734,1.3734
1038,1.3734,1.3734
1039,2.55359,2.55359
1040,2.55359,2.55359
1041,2.55359,2.55359
1042,2.55359,2.55359
1043,2.55359,2.55359
1044,1.10715,1.10715
1045,1.10715,1.10715
1046,2.03444,2.03444
1047,2.67795,2.67795
1048,2.67795,2.67795
1049,2.03444,2.03444
1050,2.03444,2.03444
1051,2.67795,2.67795
1052,3.60524,-2.67795
1053,3.60524,-2.67795
1054,3.60524,-2.67795
1055,1.81577,1.81577
1056,1.81577,1.81577
1057,1.81577,1.81577
1058,1.81577,1.81577
1059,2.55359,2.55359
1060,2.55359,2.55359
1061,2.55359,2.55359
1062,2.1588,2.1588
1063,1.89255,1.89255
1064,1.89255,1.89255
1065,1.24905,1.24905
1066,1.24905,1.24905
1067,1.24905,1.24905
1068,2.67795,2.67795
1069,2.67795,2.67795
1070,2.1588,2.1588
1071,2.1588,2.1588
1072,2.1588,2.1588
1073,2.1588,2.1588
1074,2.1588,2.1588
1075,2.1588,2.1588
1076,1.10715,1.10715
1077,1.10715,1.10715
1078,2.03444,2.03444
1079,2.89661,2.89661
1080,2.89661,2.89661
1081,2.89661,2.89661
1082,2.89661,2.89661
1083,2.89661,2.89661
1084,0.588003,0.588003
1085,0.588003,0.588003
1086,0.588003,0.588003
1087,0.588003,0.588003
1088,0.588003,0.588003
1089,2.89661,2.89661
1090,2.89661,2.89661
1091,2.89661,2.89661
1092,2.89661,2.89661
1093,2.55359,2.55359
1094,2.1588,2.1588
1095,1.89255,1.89255
1096,1.89255,1.89255
1097,1.89255,1.89255
1098,2.81984,2.81984
1099,2.81984,2.81984
1100,2.81984,2.81984
1101,2.81984,2.81984
1102,0.982794,0.982794
1103,0.982794,0.982794
1104,0.982794,0.982794
1105,0.982794,0.982794
1106,0.982794,0.982794
1107,0.982794,0.982794
1108,0.643501,0.643501
1109,0.643501,0.643501
1110,0.643501,0.643501
1111,0.643501,0.643501
1112,0.643501,0.643501
1113,0.643501,0.643501
1114,0.643501,0.643501
1115,0.643501,0.643501
1116,2.89661,2.89661
1117,2.89661,2.89661
1118,2.89661,2.89661
1119,2.89661,2.89661
1120,2.89661,2.89661
1121,0.982794,0.982794
1122,0.982794,0.982794
1123,0.982794,0.982794
1124,0.982794,0.982794
1125,2.03444,2.03444
1126,2.67795,2.67795
1127,3.85022,-2.43297
1128,3.85022,-2.43297
1129,3.85022,-2.43297
1130,3.85022,-2.43297
1131,3.85022,-2.43297
1132,3.85022,-2.43297
1133,3.85022,-2.43297
1134,3.85022,-2.43297
1135,3.85022,-2.43297
1136,3.85022,-2.43297
1137,3.85022,-2.43297
1138,3.85022,-2.43297
1139,3.85022,-2.43297
1140,2.03444,2.03444
1141,1.24905,1.24905
1142,1.24905,1.24905
1143,1.24905,1.24905
1144,1.24905,1.24905
1145,1.89255,1.89255
1146,1.89255,1.89255
1147,1.89255,1.89255
1148,1.10715,1.10715
1149,1.10715,1.10715
1150,2.03444,2.03444
1151,2.03444,2.03444
1152,3.81633,-2.46685
1153,3.81633,-2.46685
1154,3.81633,-2.46685
1155,3.81633,-2.46685
1156,3.81633,-2.46685
1157,3.81633,-2.46685
1158,3.81633,-2.46685
1159,3.38657,-2.89661
1160,3.38657,-2.89661
1161,2.89661,2.89661
1162,2.89661,2.89661
1163,2.89661,2.89661
1164,0.785398,0.785398
1165,0.785398,0.785398
1166,2.67795,2.67795
1167,3.78509,-2.49809
1168,3.78509,-2.49809
1169,3.78509,-2.49809
1170,3.78509,-2.49809
1171,3.78509,-2.49809
1172,3.78509,-2.49809
1173,3.38657,-2.89661
1174,3.38657,-2.89661
1175,2.89661,2.89661
1176,2.89661,2.89661
1177,2.89661,2.89661
1178,0.643501,0.643501
1179,0.643501,0.643501
1180,0.643501,0.643501
1181,0.643501,0.643501
1182,0.643501,0.643501
1183,0.643501,0.643501
1184,0.643501,0.643501
1185,0.643501,0.643501
1186,0.643501,0.643501
1187,2.49809,2.49809
1188,2.49809,2.49809
1189,2.49809,2.49809
1190,2.49809,2.49809
1191,2.89661,2.89661
1192,2.89661,2.89661
1193,3.38657,-2.89661
1194,3.38657,-2.89661
1195,3.38657,-2.89661
1196,3.38657,-2.89661
1197,2.60117,2.60117
1198,2.60117,2.60117
1199,2.60117,2.60117
1200,2.60117,2.60117
1201,2.60117,2.60117
1202,2.60117,2.60117
1203,2.60117,2.60117
1204,2.81984,2.81984
1205,2.81984,2.81984
1206,2.81984,2.81984
1207,2.81984,2.81984
1208,0.643501,0.643501
1209,0.643501,0.643501
1210,0.643501,0.643501
1211,0.643501,0.643501
1212,0.643501,0.643501
1213,0.643501,0.643501
1214,0.643501,0.643501
1215,2.81984,2.81984
1216,2.81984,2.81984
1217,3.46334,-2.81984
1218,3.46334,-2.81984
1219,3.46334,-2.81984
1220,2.81984,2.81984
1221,2.81984,2.81984
1222,2.81984,2.81984
1223,2.81984,2.81984
1224,2.81984,2.81984
1225,2.81984,2.81984
1226,2.81984,2.81984
1227,3.60524,-2.67795
1228,3.60524,-2.67795
1229,3.60524,-2.67795
1230,2.89661,2.89661
1231,2.89661,2.89661
1232,2.89661,2.89661
1233,3.38657,-2.89661
1234,3.38657,-2.89661
1235,3.38657,-2.89661
1236,3.38657,-2.89661
1237,2.1588,2.1588
1238,2.1588,2.1588
1239,2.1588,2.1588
1240,1.10715,1.10715
1241,1.10715,1.10715
1242,1.10715,1.10715
1243,3.01724,3.01724
1244,3.01724,3.01724
1245,3.01724,3.01724
1246,3.01724,3.01724
1247,3.01724,3.01724
1248,3.01724,3.01724
1249,3.01724,3.01724
1250,3.01724,3.01724
1251,1.81577,1.81577
1252,1.81577,1.81577
1253,1.32582,1.32582
1254,1.32582,1.32582
1255,1.32582,1.32582
1256,1.32582,1.32582
1257,2.67795,2.67795
1258,3.60524,-2.67795
1259,3.60524,-2.67795
1260,3.60524,-2.67795
1261,3.60524,-2.67795
1262,3.60524,-2.67795
1263,3.60524,-2.67795
1264,2.67795,2.67795
1265,1.76819,1.76819
1266,1.76819,1.76819
1267,1.76819,1.76819
1268,1.76819,1.76819
1269,1.76819,1.76819
1270,2.67795,2.67795
1271,2.67795,2.67795
1272,2.67795,2.67795
1273,2.67795,2.67795
1274,3.60524,-2.67795
1275,3.60524,-2.67795
1276,3.60524,-2.67795
1277,2.67795,2.67795
1278,2.67795,2.67795
1279,2.67795,2.67795
1280,3.81633,-2.46685
1281,3.81633,-2.46685
1282,3.81633,-2.46685
1283,3.81633,-2.46685
1284,3.81633,-2.46685
1285,3.81633,-2.46685
1286,3.81633,-2.46685
1287,3.81633,-2.46685
1288,3.81633,-2.46685
1289,3.81633,-2.46685
1290,3.81633,-2.46685
1291,2.35619,2.35619
1292,1.10715,1.10715
1293,1.10715,1.10715
1294,1.89255,1.89255
1295,1.89255,1.89255
1296,1.89255,1.89255
1297,1.89255,1.89255
1298,1.24905,1.24905
1299,1.24905,1.24905
1300,1.24905,1.24905
1301,2.81984,2.81984
1302,2.81984,2.81984
1303,3.46334,-2.81984
1304,3.78509,-2.49809
1305,3.78509,-2.49809
1306,3.78509,-2.49809
1307,3.78509,-2.49809
1308,3.78509,-2.49809
1309,3.68201,-2.60117
1310,3.68201,-2.60117
1311,3.68201,-2.60117
1312,3.68201,-2.60117
1313,2.67795,2.67795
1314,1.81577,1.81577
1315,1.81577,1.81577
1316,1.81577,1.81577
1317,1.81577,1.81577
1318,1.81577,1.81577
1319,1.81577,1.81577
1320,0.982794,0.982794
1321,0.982794,0.982794
1322,0.982794,0.982794
1323,0.982794,0.982794
1324,0.982794,0.982794
1325,0.982794,0.982794
1326,0.982794,0.982794
1327,2.55359,2.55359
1328,2.55359,2.55359
1329,2.55359,2.55359
1330,2.55359,2.55359
1331,2.55359,2.55359
1332,0.785398,0.785398
1333,0.785398,0.785398
1334,2.81984,2.81984
1335,2.81984,2.81984
1336,2.81984,2.81984
1337,2.55359,2.55359
1338,2.55359,2.55359
1339,2.55359,2.55359
1340,0.785398,0.785398
1341,0.785398,0.785398
1342,1.76819,1.76819
1343,1.76819,1.76819
1344,1.76819,1.76819
1345,1.76819,1.76819
1346,1.76819,1.76819
1347,1.76819,1.76819
1348,2.81984,2.81984
1349,2.81984,2.81984
1350,2.81984,2.81984
1351,2.81984,2.81984
1352,2.81984,2.81984
1353,3.7296,-2.55359
1354,3.7296,-2.55359
1355,3.7296,-2.55359
1356,3.7296,-2.55359
1357,3.38657,-2.89661
1358,3.38657,-2.89661
1359,2.89661,2.89661
1360,2.89661,2.89661
1361,2.76109,2.76109
1362,2.76109,2.76109
1363,2.76109,2.76109
1364,2.76109,2.76109
1365,2.76109,2.76109
1366,4.12439,-2.1588
1367,4.12439,-2.1588
1368,4.12439,-2.1588
1369,3.7296,-2.55359
1370,3.7296,-2.55359
1371,2.86329,2.86329
1372,2.86329,2.86329
1373,2.86329,2.86329
1374,2.86329,2.86329
1375,2.86329,2.86329
1376,2.86329,2.86329
1377,2.9442,2.9442
1378,2.9442,2.9442
1379,2.9442,2.9442
1380,2.9442,2.9442
1381,2.9442,2.9442
1382,2.49809,2.49809
1383,2.49809,2.49809
1384,2.49809,2.49809
1385,2.49809,2.49809
1386,2.49809,2.49809
1387,2.49809,2.49809
1388,4.24874,-2.03444
1389,5.17604,-1.10715
1390,5.17604,-1.10715
1391,5.17604,-1.10715
1392,3.60524,-2.67795
1393,2.81984,2.81984
1394,2.81984,2.81984
1395,2.81984,2.81984
1396,2.81984,2.81984
1397,2.81984,2.81984
1398,2.49809,2.49809
1399,2.49809,2.49809
1400,2.2143,2.2143
1401,2.2143,2.2143
1402,2.2143,2.2143
1403,2.2143,2.2143
1404,2.2143,2.2143
1405,2.2143,2.2143
1406,2.2143,2.2143
1407,4.24874,-2.03444
1408,5.17604,-1.10715
1409,5.17604,-1.10715
1410,5.17604,-1.10715
1411,3.92699,-2.35619
1412,2.89661,2.89661
1413,2.89661,2.89661
1414,2.89661,2.89661
1415,3.38657,-2.89661
1416,3.38657,-2.89661
1417,3.7296,-2.55359
1418,3.7296,-2.55359
1419,3.7296,-2.55359
1420,3.7296,-2.55359
1421,2.35619,2.35619
1422,2.35619,2.35619
1423,4.39064,-1.89255
1424,4.39064,-1.89255
1425,4.39064,-1.89255
1426,4.39064,-1.89255
1427,2.35619,2.35619
1428,2.35619,2.35619
1429,4.46741,-1.81577
1430,4.46741,-1.81577
1431,4.95737,-1.32582
1432,4.95737,-1.32582
1433,4.95737,-1.32582
1434,4.95737,-1.32582
1435,3.81633,-2.46685
1436,3.81633,-2.46685
1437,3.81633,-2.46685
1438,3.81633,-2.46685
1439,3.81633,-2.46685
1440,3.81633,-2.46685
1441,3.81633,-2.46685
1442,4.03765,-2.24554
1443,4.03765,-2.24554
1444,4.03765,-2.24554
1445,4.39064,-1.89255
1446,4.39064,-1.89255
1447,4.39064,-1.89255
1448,3.60524,-2.67795
1449,3.60524,-2.67795
1450,4.24874,-2.03444
1451,4.24874,-2.03444
1452,3.38657,-2.89661
1453,3.38657,-2.89661
1454,3.38657,-2.89661
1455,3.38657,-2.89661
1456,4.24874,-2.03444
1457,5.17604,-1.10715
1458,5.81954,-0.463648
1459,5.81954,-0.463648
1460,5.81954,-0.463648
1461,4.12439,-2.1588
1462,4.12439,-2.1588
1463,4.12439,-2.1588
1464,4.46741,-1.81577
1465,4.46741,-1.81577
1466,4.46741,-1.81577
1467,4.46741,-1.81577
1468,4.12439,-2.1588
1469,4.12439,-2.1588
1470,4.12439,-2.1588
1471,4.39064,-1.89255
1472,4.39064,-1.89255
1473,4.39064,-1.89255
1474,4.12439,-2.1588
1475,3.7296,-2.55359
1476,3.46334,-2.81984
1477,3.46334,-2.81984
1478,3.46334,-2.81984
1479,3.7296,-2.55359
1480,3.7296,-2.55359
1481,3.7296,-2.55359
1482,5.63968,-0.643501
1483,5.63968,-0.643501
1484,5.63968,-0.643501
1485,5.63968,-0.643501
1486,5.35589,-0.927295
1487,5.35589,-0.927295
1488,5.35589,-0.927295
1489,5.35589,-0.927295
1490,5.35589,-0.927295
1491,5.35589,-0.927295
1492,3.92699,-2.35619
1493,2.81984,2.81984
1494,2.81984,2.81984
1495,2.81984,2.81984
1496,3.5221,-2.76109
1497,3.5221,-2.76109
1498,3.5221,-2.76109
1499,3.5221,-2.76109
1500,3.5221,-2.76109
1501,5.30039,-0.982794
1502,5.30039,-0.982794
1503,5.30039,-0.982794
1504,5.30039,-0.982794
1505,5.30039,-0.982794
1506,5.30039,-0.982794
1507,4.95737,-1.32582
1508,4.95737,-1.32582
1509,4.46741,-1.81577
1510,4.46741,-1.81577
1511,3.60524,-2.67795
1512,3.60524,-2.67795
1513,4.24874,-2.03444
1514,5.30039,-0.982794
1515,5.30039,-0.982794
1516,5.69518,-0.588003
1517,5.69518,-0.588003
1518,5.69518,-0.588003
1519,5.69518,-0.588003
1520,5.35589,-0.927295
1521,5.35589,-0.927295
1522,5.35589,-0.927295
1523,5.35589,-0.927295
1524,5.35589,-0.927295
1525,5.35589,-0.927295
1526,5.35589,-0.927295
1527,5.35589,-0.927295
1528,5.25281,-1.03038
1529,5.25281,-1.03038
1530,5.0929,-1.19029
1531,4.95737,-1.32582
1532,4.95737,-1.32582
1533,4.46741,-1.81577
1534,4.46741,-1.81577
1535,4.12439,-2.1588
1536,4.12439,-2.1588
1537,4.12439,-2.1588
1538,4.54724,-1.73595
1539,4.54724,-1.73595
1540,4.54724,-1.73595
1541,4.54724,-1.73595
1542,4.54724,-1.73595
1543,4.54724,-1.73595
1544,4.54724,-1.73595
1545,4.54724,-1.73595
1546,4.54724,-1.73595
1547,4.81206,-1.47113
1548,4.81206,-1.47113
1549,4.81206,-1.47113
1550,4.81206,-1.47113
1551,4.81206,-1.47113
1552,4.81206,-1.47113
1553,4.81206,-1.47113
1554,4.81206,-1.47113
1555,4.61272,-1.67046
1556,4.61272,-1.67046
1557,4.61272,-1.67046
1558,4.61272,-1.67046
1559,4.61272,-1.67046
1560,4.61272,-1.67046
1561,4.61272,-1.67046
1562,4.90978,-1.3734
1563,4.90978,-1.3734
1564,4.90978,-1.3734
1565,4.90978,-1.3734
1566,4.90978,-1.3734
1567,4.51499,-1.76819
1568,4.51499,-1.76819
1569,4.51499,-1.76819
1570,4.51499,-1.76819
1571,4.51499,-1.76819
1572,4.51499,-1.76819
1573,4.51499,-1.76819
1574,4.51499,-1.76819
1575,4.12439,-2.1588
1576,3.81633,-2.46685
1577,3.81633,-2.46685
1578,3.81633,-2.46685
1579,3.81633,-2.46685
1580,3.81633,-2.46685
1581,3.81633,-2.46685
1582,4.03765,-2.24554
1583,4.03765,-2.24554
1584,4.03765,-2.24554
1585,4.59528,-1.68791
1586,4.59528,-1.68791
1587,4.59528,-1.68791
1588,4.59528,-1.68791
1589,4.59528,-1.68791
1590,4.59528,-1.68791
1591,4.59528,-1.68791
1592,4.59528,-1.68791
1593,4.59528,-1.68791
1594,4.59528,-1.68791
1595,4.59528,-1.68791
1596,4.59528,-1.68791
1597,4.59528,-1.68791
1598,4.59528,-1.68791
1599,4.59528,-1.68791
1600,4.59528,-1.68791
1601,4.59528,-1.68791
1602,4.59528,-1.68791
1603,4.43409,-1.8491
1604,4.43409,-1.8491
1605,4.43409,-1.8491
1606,4.43409,-1.8491
1607,4.06889,-2.2143
1608,4.06889,-2.2143
1609,4.06889,-2.2143
1610,4.06889,-2.2143
1611,4.06889,-2.2143
1612,4.06889,-2.2143
1613,5.07116,-1.21203
1614,5.07116,-1.21203
1615,5.07116,-1.21203
1616,5.07116,-1.21203
1617,5.07116,-1.21203
1618,5.07116,-1.21203
1619,5.07116,-1.21203
1620,5.07116,-1.21203
1621,5.07116,-1.21203
1622,5.07116,-1.21203
1623,5.07116,-1.21203
1624,4.99069,-1.2925
1625,4.99069,-1.2925
1626,4.99069,-1.2925
1627,4.99069,-1.2925
1628,4.99069,-1.2925
1629,4.99069,-1.2925
1630,5.0929,-1.19029
1631,5.0929,-1.19029
1632,5.0929,-1.19029
1633,5.81954,-0.463648
1634,5.81954,-0.463648
1635,5.0929,-1.19029
1636,5.0929,-1.19029
1637,5.0929,-1.19029
1638,5.0929,-1.19029
1639,5.0929,-1.19029
1640,4.39064,-1.89255
1641,4.39064,-1.89255
1642,4.39064,-1.89255
1643,5.17604,-1.10715
1644,5.17604,-1.10715
1645,5.17604,-1.10715
1646,4.17197,-2.11122
1647,4.17197,-2.11122
1648,4.17197,-2.11122
1649,4.17197,-2.11122
1650,4.17197,-2.11122
1651,4.17197,-2.11122
1652,4.33188,-1.9513
1653,4.33188,-1.9513
1654,4.33188,-1.9513
1655,4.33188,-1.9513
1656,4.12439,-2.1588
1657,4.12439,-2.1588
1658,4.12439,-2.1588
1659,4.58803,-1.69515
1660,4.58803,-1.69515
1661,4.58803,-1.69515
1662,4.58803,-1.69515
1663,4.58803,-1.69515
1664,4.58803,-1.69515
1665,4.58803,-1.69515
1666,4.58803,-1.69515
1667,4.06889,-2.2143
1668,4.06889,-2.2143
1669,4.06889,-2.2143
1670,4.06889,-2.2143
1671,4.06889,-2.2143
1672,4.66481,-1.61838
1673,4.66481,-1.61838
1674,4.66481,-1.61838
1675,4.66481,-1.61838
1676,4.66481,-1.61838
1677,4.66481,-1.61838
1678,4.66481,-1.61838
1679,4.66481,-1.61838
1680,4.66481,-1.61838
1681,4.66481,-1.61838
1682,4.66481,-1.61838
1683,4.66481,-1.61838
1684,4.66481,-1.61838
1685,4.66481,-1.61838
1686,4.66481,-1.61838
1687,4.66481,-1.61838
1688,4.66481,-1.61838
1689,4.66481,-1.61838
1690,4.66481,-1.61838
1691,4.66481,-1.61838
1692,4.66481,-1.61838
1693,4.12439,-2.1588
1694,4.12439,-2.1588
1695,4.12439,-2.1588
1696,4.53254,-1.75065
1697,4.53254,-1.75065
1698,4.53254,-1.75065
1699,4.53254,-1.75065
1700,4.53254,-1.75065
1701,4.53254,-1.75065
1702,4.53254,-1.75065
1703,4.53254,-1.75065
1704,4.53254,-1.75065
1705,4.53254,-1.75065
1706,4.53254,-1.75065
1707,4.53254,-1.75065
1708,3.95024,-2.33294
1709,3.95024,-2.33294
1710,3.95024,-2.33294
1711,3.95024,-2.33294
1712,3.95024,-2.33294
1713,3.95024,-2.33294
1714,3.95024,-2.33294
1715,3.95024,-2.33294
1716,3.95024,-2.33294
1717,3.95024,-2.33294
1718,3.95024,-2.33294
1719,3.95024,-2.33294
1720,3.95024,-2.33294
1721,3.95024,-2.33294
1722,3.95024,-2.33294
1723,3.95024,-2.33294
1724,3.95024,-2.33294
1725,3.95024,-2.33294
1726,3.95024,-2.33294
1727,3.95024,-2.33294
1728,3.90374,-2.37945
1729,3.90374,-2.37945
1730,3.90374,-2.37945
1731,3.90374,-2.37945
1732,3.90374,-2.37945
1733,3.90374,-2.37945
1734,3.90374,-2.37945
1735,3.90374,-2.37945
1736,3.90374,-2.37945
1737,3.90374,-2.37945
1738,3.90374,-2.37945
1739,3.90374,-2.37945
1740,3.90374,-2.37945
1741,3.90374,-2.37945
1742,3.90374,-2.37945
1743,3.90374,-2.37945
1744,3.90374,-2.37945
1745,3.90374,-2.37945
1746,3.90374,-2.37945
1747,3.90374,-2.37945
1748,3.87149,-2.41169
1749,3.87149,-2.41169
1750,3.87149,-2.41169
1751,3.87149,-2.41169
1752,3.87149,-2.41169
1753,3.87149,-2.41169
1754,3.87149,-2.41169
1755,3.87149,-2.41169
1756,3.87149,-2.41169
1757,3.87149,-2.41169
1758,3.87149,-2.41169
1759,3.87149,-2.41169
1760,3.87149,-2.41169
1761,3.87149,-2.41169
1762,3.87149,-2.41169
1763,3.87149,-2.41169
1764,3.87149,-2.41169
1765,3.87149,-2.41169
1766,3.87149,-2.41169
1767,3.88997,-2.39321
1768,3.88997,-2.39321
1769,3.88997,-2.39321
1770,3.88997,-2.39321
1771,3.88997,-2.39321
1772,3.88997,-2.39321
1773,3.88997,-2.39321
1774,3.88997,-2.39321
1775,3.88997,-2.39321
1776,3.88997,-2.39321
1777,3.88997,-2.39321
1778,3.88997,-2.39321
1779,3.88997,-2.39321
1780,3.88997,-2.39321
1781,3.88997,-2.39321
1782,3.88997,-2.39321
1783,3.88997,-2.39321
1784,3.88997,-2.39321
1785,3.88997,-2.39321
1786,3.88997,-2.39321
1787,3.88997,-2.39321
1788,3.88997,-2.39321
1789,3.88997,-2.39321
1790,3.88997,-2.39321
1791,3.88997,-2.39321
1792,3.41989,-2.86329
1793,3.41989,-2.86329
1794,3.41989,-2.86329
1795,3.41989,-2.86329
1796,3.41989,-2.86329
1797,3.41989,-2.86329
1798,3.41989,-2.86329
1799,3.41989,-2.86329
1800,3.90659,-2.3766
1801,3.90659,-2.3766
1802,3.90659,-2.3766
1803,3.90659,-2.3766
1804,3.90659,-2.3766
1805,3.90659,-2.3766
1806,3.90659,-2.3766
1807,3.90659,-2.3766
1808,3.90659,-2.3766
1809,3.90659,-2.3766
1810,3.90659,-2.3766
1811,3.90659,-2.3766
1812,3.90659,-2.3766
1813,3.90659,-2.3766
1814,3.90659,-2.3766
1815,3.90659,-2.3766
1816,3.90659,-2.3766
1817,3.90659,-2.3766
1818,3.90659,-2.3766
1819,3.90659,-2.3766
1820,3.90659,-2.3766
1821,3.90659,-2.3766
1822,3.90659,-2.3766
1823,3.90659,-2.3766
1824,3.90659,-2.3766
1825,3.90659,-2.3766
1826,3.90659,-2.3766
1827,3.90659,-2.3766
1828,3.90659,-2.3766
1829,3.90659,-2.3766
1830,3.90659,-2.3766
1831,3.90659,-2.3766
1832,3.90659,-2.3766
1833,3.90659,-2.3766
1834,3.90659,-2.3766
1835,3.90659,-2.3766
1836,3.90659,-2.3766
1837,3.90659,-2.3766
1838,3.90659,-2.3766
1839,3.90659,-2.3766
1840,3.90659,-2.3766
1841,3.90659,-2.3766
1842,3.90659,-2.3766
1843,3.90659,-2.3766
1844,3.90659,-2.3766
1845,3.90659,-2.3766
1846,3.90659,-2.3766
1847,3.17189,-3.1113
1848,3.17189,-3.1113
1849,3.17189,-3.1113
1850,3.17189,-3.1113
1851,3.17189,-3.1113
1852,3.17189,-3.1113
1853,3.17189,-3.1113
1854,3.17189,-3.1113
1855,3.17189,-3.1113
1856,3.17189,-3.1113
1857,3.17189,-3.1113
1858,3.17189,-3.1113
1859,3.17189,-3.1113
1860,3.17189,-3.1113
1861,3.17189,-3.1113
1862,3.17189,-3.1113
1863,3.17189,-3.1113
1864,3.17189,-3.1113
1865,3.17189,-3.1113
1866,3.17189,-3.1113
1867,3.17189,-3.1113
1868,3.17189,-3.1113
1869,3.17189,-3.1113
1870,3.17189,-3.1113
1871,3.17189,-3.1113
1872,3.17189,-3.1113
1873,3.17189,-3.1113
1874,3.17189,-3.1113
1875,3.17189,-3.1113
1876,3.17189,-3.1113
1877,3.17189,-3.1113
1878,3.17189,-3.1113
1879,3.17189,-3.1113
1880,3.83633,-2.44685
1881,3.83633,-2.44685
1882,3.83633,-2.44685
1883,3.83633,-2.44685
1884,4.01765,-2.26553
1885,4.01765,-2.26553
1886,4.01765,-2.26553
1887,4.01765,-2.26553
1888,4.39064,-1.89255
1889,4.39064,-1.89255
1890,4.39064,-1.89255
1891,3.46334,-2.81984
1892,3.46334,-2.81984
1893,3.46334,-2.81984
1894,3.76184,-2.52134
1895,3.76184,-2.52134
1896,3.76184,-2.52134
1897,3.76184,-2.52134
1898,3.76184,-2.52134
1899,3.83633,-2.44685
1900,3.83633,-2.44685
1901,3.83633,-2.44685
1902,3.83633,-2.44685
1903,4.01765,-2.26553
1904,4.01765,-2.26553
1905,4.01765,-2.26553
1906,4.01765,-2.26553
1907,4.46741,-1.81577
1908,4.46741,-1.81577
1909,4.46741,-1.81577
1910,4.46741,-1.81577
1911,4.12439,-2.1588
1912,3.66074,-2.62245
1913,3.66074,-2.62245
1914,3.66074,-2.62245
1915,3.66074,-2.62245
1916,3.54648,-2.7367
1917,3.54648,-2.7367
1918,3.54648,-2.7367
1919,3.54648,-2.7367
1920,3.54648,-2.7367
1921,3.54648,-2.7367
1922,3.78509,-2.49809
1923,3.78509,-2.49809
1924,4.06889,-2.2143
1925,4.06889,-2.2143
1926,4.54724,-1.73595
1927,4.54724,-1.73595
1928,4.54724,-1.73595
1929,4.54724,-1.73595
1930,4.54724,-1.73595
1931,4.54724,-1.73595
1932,4.06889,-2.2143
1933,4.06889,-2.2143
1934,3.83633,-2.44685
1935,3.83633,-2.44685
1936,3.83633,-2.44685
1937,3.83633,-2.44685
1938,3.83633,-2.44685
1939,3.83633,-2.44685
1940,3.83633,-2.44685
1941,3.83633,-2.44685
1942,4.01765,-2.26553
1943,4.01765,-2.26553
1944,4.01765,-2.26553
1945,4.01765,-2.26553
1946,4.05135,-2.23184
1947,4.05135,-2.23184
1948,4.05135,-2.23184
1949,4.05135,-2.23184
1950,4.05135,-2.23184
1951,4.05135,-2.23184
1952,4.05135,-2.23184
1953,4.39064,-1.89255
1954,4.39064,-1.89255
1955,4.39064,-1.89255
1956,4.01765,-2.26553
1957,4.01765,-2.26553
1958,4.01765,-2.26553
1959,4.01765,-2.26553
1960,4.01765,-2.26553
1961,4.01765,-2.26553
1962,4.01765,-2.26553
1963,4.01765,-2.26553
1964,4.01765,-2.26553
1965,4.60751,-1.67567
1966,4.60751,-1.67567
1967,4.60751,-1.67567
1968,4.60751,-1.67567
1969,4.60751,-1.67567
1970,4.60751,-1.67567
1971,4.60751,-1.67567
1972,4.60751,-1.67567
1973,4.60751,-1.67567
1974,4.60751,-1.67567
1975,4.63562,-1.64757
1976,4.63562,-1.64757
1977,4.63562,-1.64757
1978,4.63562,-1.64757
1979,4.63562,-1.64757
1980,4.63562,-1.64757
1981,4.63562,-1.64757
1982,4.78916,-1.49402
1983,4.78916,-1.49402
1984,4.78916,-1.49402
1985,4.78916,-1.49402
1986,4.78916,-1.49402
1987,4.78916,-1.49402
1988,5.35589,-0.927295
1989,5.35589,-0.927295
1990,5.63968,-0.643501
1991,5.63968,-0.643501
1992,5.63968,-0.643501
1993,5.63968,-0.643501
1994,5.63968,-0.643501
1995,4.03765,-2.24554
1996,4.03765,-2.24554
1997,4.03765,-2.24554
1998,4.03765,-2.24554
1999,4.03765,-2.24554
2000,4.03765,-2.24554
2001,4.03765,-2.24554
2002,4.39064,-1.89255
2003,4.39064,-1.89255
2004,4.39064,-1.89255
2005,4.39064,-1.89255
2006,4.39064,-1.89255
2007,5.17604,-1.10715
2008,5.81954,-0.463648
2009,5.81954,-0.463648
2010,5.81954,-0.463648
2011,3.33899,-2.9442
2012,3.33899,-2.9442
2013,3.33899,-2.9442
2014,3.33899,-2.9442
2015,3.33899,-2.9442
2016,4.24874,-2.03444
2017,4.24874,-2.03444
