n,tangent,t2
0,5.03414,-1.24905
1,5.03414,-1.24905
2,5.03414,-1.24905
3,5.03414,-1.24905
4,5.33264,-0.950547
5,5.33264,-0.950547
6,5.33264,-0.950547
7,5.33264,-0.950547
8,5.33264,-0.950547
9,5.45434,-0.828849
10,5.45434,-0.828849
11,5.45434,-0.828849
12,5.45434,-0.828849
13,5.45434,-0.828849
14,5.45434,-0.828849
15,5.45434,-0.828849
16,5.45434,-0.828849
17,5.45434,-0.828849
18,5.45434,-0.828849
19,5.54124,-0.741947
20,5.54124,-0.741947
21,5.54124,-0.741947
22,5.54124,-0.741947
23,5.54124,-0.741947
24,5.54124,-0.741947
25,5.54124,-0.741947
26,5.54124,-0.741947
27,5.54124,-0.741947
28,5.54124,-0.741947
29,5.67246,-0.610726
30,5.67246,-0.610726
31,5.67246,-0.610726
32,5.67246,-0.610726
33,5.67246,-0.610726
34,5.67246,-0.610726
35,5.67246,-0.610726
36,5.67246,-0.610726
37,5.67246,-0.610726
38,5.67246,-0.610726
39,5.96143,-0.321751
40,5.96143,-0.321751
41,0.380506,0.380506
42,0.380506,0.380506
43,0.380506,0.380506
44,0.380506,0.380506
45,0.380506,0.380506
46,0.380506,0.380506
47,0.380506,0.380506
48,0.380506,0.380506
49,0.643501,0.643501
50,0.643501,0.643501
51,0.927295,0.927295
52,0.927295,0.927295
53,1.2925,1.2925
54,1.2925,1.2925
55,1.2925,1.2925
56,1.2925,1.2925
57,1.44644,1.44644
58,1.44644,1.44644
59,1.44644,1.44644
60,1.44644,1.44644
61,1.44644,1.44644
62,1.44644,1.44644
63,1.44644,1.44644
64,1.44644,1.44644
65,1.41815,1.41815
66,1.41815,1.41815
67,1.41815,1.41815
68,1.41815,1.41815
69,1.41815,1.41815
70,1.41815,1.41815
71,1.41815,1.41815
72,1.344,1.344
73,1.344,1.344
74,1.344,1.344
75,1.344,1.344
76,1.344,1.344
77,1.31019,1.31019
78,1.31019,1.31019
79,1.31019,1.31019
80,1.31019,1.31019
81,1.31019,1.31019
82,1.31019,1.31019
83,1.31019,1.31019
84,1.31019,1.31019
85,1.31019,1.31019
86,1.31019,1.31019
87,1.31019,1.31019
88,1.31019,1.31019
89,1.31019,1.31019
90,1.31019,1.31019
91,1.31019,1.31019
92,1.344,1.344
93,1.344,1.344
94,1.344,1.344
95,1.344,1.344
96,1.344,1.344
97,1.344,1.344
98,1.344,1.344
99,1.344,1.344
100,1.344,1.344
101,1.344,1.344
102,1.26791,1.26791
103,1.26791,1.26791
104,1.26791,1.26791
105,1.26791,1.26791
106,1.26791,1.26791
107,1.26791,1.26791
108,1.26791,1.26791
109,1.26791,1.26791
110,1.26791,1.26791
111,1.26791,1.26791
112,1.26791,1.26791
113,1.26791,1.26791
114,1.26791,1.26791
115,1.26791,1.26791
116,1.26791,1.26791
117,1.26791,1.26791
118,1.26791,1.26791
119,1.3734,1.3734
120,1.3734,1.3734
121,1.3734,1.3734
122,1.3734,1.3734
123,1.3734,1.3734
124,1.30454,1.30454
125,1.30454,1.30454
126,1.30454,1.30454
127,1.30454,1.30454
128,1.30454,1.30454
129,1.30454,1.30454
130,1.30454,1.30454
131,1.30454,1.30454
132,1.3597,1.3597
133,1.3597,1.3597
134,1.3597,1.3597
135,1.3597,1.3597
136,1.3597,1.3597
137,1.39094,1.39094
138,1.39094,1.39094
139,1.39094,1.39094
140,1.4289,1.4289
141,1.4289,1.4289
142,1.4289,1.4289
143,1.4289,1.4289
144,1.4289,1.4289
145,1.4289,1.4289
146,1.4289,1.4289
147,1.4289,1.4289
148,1.4289,1.4289
149,2.35619,2.35619
150,2.35619,2.35619
151,1.52084,1.52084
152,1.52084,1.52084
153,1.52084,1.52084
154,1.52084,1.52084
155,1.52084,1.52084
156,1.52084,1.52084
157,1.52084,1.52084
158,1.52084,1.52084
159,1.52084,1.52084
160,1.52084,1.52084
161,1.52084,1.52084
162,1.52084,1.52084
163,1.52084,1.52084
164,1.52084,1.52084
165,1.52084,1.52084
166,1.52084,1.52084
167,1.52084,1.52084
168,1.52084,1.52084
169,1.52084,1.52084
170,1.52084,1.52084
171,1.52084,1.52084
172,1.40102,1.40102
173,1.40102,1.40102
174,1.40102,1.40102
175,1.40102,1.40102
176,1.40102,1.40102
177,1.40102,1.40102
178,1.40102,1.40102
179,1.40102,1.40102
180,1.40102,1.40102
181,1.40102,1.40102
182,1.40102,1.40102
183,1.40102,1.40102
184,1.40102,1.40102
185,1.40102,1.40102
186,1.40102,1.40102
187,1.40102,1.40102
188,1.40102,1.40102
189,1.40102,1.40102
190,1.40102,1.40102
191,1.40102,1.40102
192,1.40102,1.40102
193,1.41088,1.41088
194,1.41088,1.41088
195,1.41088,1.41088
196,1.41088,1.41088
197,1.41088,1.41088
198,1.41088,1.41088
199,1.41088,1.41088
200,1.41088,1.41088
201,1.41088,1.41088
202,1.41088,1.41088
203,1.41088,1.41088
204,1.41088,1.41088
205,1.41088,1.41088
206,1.41088,1.41088
207,1.44644,1.44644
208,1.44644,1.44644
209,1.44644,1.44644
210,1.44644,1.44644
211,1.44644,1.44644
212,1.44644,1.44644
213,1.44644,1.44644
214,1.44644,1.44644
215,1.38257,1.38257
216,1.38257,1.38257
217,1.38257,1.38257
218,1.38257,1.38257
219,1.38257,1.38257
220,1.38257,1.38257
221,1.38257,1.38257
222,1.38257,1.38257
223,1.38257,1.38257
224,1.38257,1.38257
225,1.38257,1.38257
226,1.38257,1.38257
227,1.38257,1.38257
228,1.38257,1.38257
229,1.38257,1.38257
230,1.38257,1.38257
231,1.38257,1.38257
232,1.38257,1.38257
233,1.38257,1.38257
234,1.39612,1.39612
235,1.39612,1.39612
236,1.39612,1.39612
237,1.39612,1.39612
238,1.41815,1.41815
239,1.41815,1.41815
240,1.41815,1.41815
241,1.44644,1.44644
242,1.44644,1.44644
243,1.44644,1.44644
244,1.44644,1.44644
245,1.44644,1.44644
246,1.44644,1.44644
247,1.44644,1.44644
248,1.44644,1.44644
249,1.38257,1.38257
250,1.38257,1.38257
251,1.38257,1.38257
252,1.38257,1.38257
253,1.38257,1.38257
254,1.38257,1.38257
255,1.38257,1.38257
256,1.38257,1.38257
257,1.38257,1.38257
258,1.38257,1.38257
259,1.38257,1.38257
260,1.38257,1.38257
261,1.38257,1.38257
262,1.38257,1.38257
263,1.38257,1.38257
264,1.38257,1.38257
265,1.38257,1.38257
266,1.38257,1.38257
267,1.2925,1.2925
268,1.2925,1.2925
269,1.2925,1.2925
270,1.2925,1.2925
271,0.876058,0.876058
272,0.876058,0.876058
273,0.876058,0.876058
274,0.876058,0.876058
275,0.694738,0.694738
276,0.694738,0.694738
277,0.694738,0.694738
278,0.694738,0.694738
279,0.54042,0.54042
280,0.54042,0.54042
281,0.54042,0.54042
282,0.54042,0.54042
283,5.81954,-0.463648
284,5.81954,-0.463648
285,5.81954,-0.463648
286,5.81954,-0.463648
287,5.81954,-0.463648
288,5.81954,-0.463648
289,5.81954,-0.463648
290,5.30039,-0.982794
291,5.30039,-0.982794
292,5.30039,-0.982794
293,5.30039,-0.982794
294,5.30039,-0.982794
295,5.00385,-1.27934
296,5.00385,-1.27934
297,5.00385,-1.27934
298,5.00385,-1.27934
299,5.00385,-1.27934
300,5.00385,-1.27934
301,5.00385,-1.27934
302,5.00385,-1.27934
303,4.89774,-1.38545
304,4.89774,-1.38545
305,4.89774,-1.38545
306,4.89774,-1.38545
307,4.89774,-1.38545
308,4.89774,-1.38545
309,4.89774,-1.38545
310,4.89774,-1.38545
311,4.89774,-1.38545
312,4.89774,-1.38545
313,4.89774,-1.38545
314,4.89774,-1.38545
315,4.80305,-1.48014
316,4.80305,-1.48014
317,4.80305,-1.48014
318,4.80305,-1.48014
319,4.80305,-1.48014
320,4.80305,-1.48014
321,4.80305,-1.48014
322,4.80305,-1.48014
323,4.80305,-1.48014
324,4.80305,-1.48014
325,4.80305,-1.48014
326,4.93919,-1.344
327,4.93919,-1.344
328,4.93919,-1.344
329,4.93919,-1.344
330,4.93919,-1.344
331,4.97299,-1.31019
332,4.97299,-1.31019
333,4.97299,-1.31019
334,4.97299,-1.31019
335,4.97299,-1.31019
336,4.98334,-1.29985
337,4.98334,-1.29985
338,4.98334,-1.29985
339,4.98334,-1.29985
340,4.98334,-1.29985
341,4.98334,-1.29985
342,4.98334,-1.29985
343,4.98334,-1.29985
344,4.98334,-1.29985
345,4.98334,-1.29985
346,4.98334,-1.29985
347,4.98334,-1.29985
348,4.98334,-1.29985
349,4.98334,-1.29985
350,4.93587,-1.34732
351,4.93587,-1.34732
352,4.93587,-1.34732
353,4.93587,-1.34732
354,4.93587,-1.34732
355,4.93587,-1.34732
356,4.93587,-1.34732
357,4.93587,-1.34732
358,4.93587,-1.34732
359,4.93587,-1.34732
360,4.93587,-1.34732
361,4.93587,-1.34732
362,4.93587,-1.34732
363,4.93587,-1.34732
364,4.93587,-1.34732
365,4.93587,-1.34732
366,4.93587,-1.34732
367,4.93587,-1.34732
368,4.93587,-1.34732
369,4.93587,-1.34732
370,4.93587,-1.34732
371,4.93587,-1.34732
372,4.93587,-1.34732
373,4.93587,-1.34732
374,4.93587,-1.34732
375,4.93587,-1.34732
376,4.93587,-1.34732
377,4.91989,-1.3633
378,4.91989,-1.3633
379,4.91989,-1.3633
380,4.91989,-1.3633
381,4.91989,-1.3633
382,4.91989,-1.3633
383,4.91989,-1.3633
384,4.91989,-1.3633
385,4.91989,-1.3633
386,4.91989,-1.3633
387,4.91989,-1.3633
388,4.91989,-1.3633
389,4.91989,-1.3633
390,4.91989,-1.3633
391,4.91989,-1.3633
392,4.91989,-1.3633
393,4.91989,-1.3633
394,4.99069,-1.2925
395,4.99069,-1.2925
396,4.99069,-1.2925
397,4.99069,-1.2925
398,4.99069,-1.2925
399,4.87754,-1.40565
400,4.87754,-1.40565
401,4.87754,-1.40565
402,4.87754,-1.40565
403,4.87754,-1.40565
404,4.87754,-1.40565
405,4.93106,-1.35213
406,4.93106,-1.35213
407,4.93106,-1.35213
408,4.93106,-1.35213
409,4.93106,-1.35213
410,4.93106,-1.35213
411,4.74179,-1.54139
412,4.74179,-1.54139
413,4.74179,-1.54139
414,4.74179,-1.54139
415,4.74179,-1.54139
416,4.74179,-1.54139
417,4.74179,-1.54139
418,4.74179,-1.54139
419,4.74179,-1.54139
420,4.74179,-1.54139
421,4.74179,-1.54139
422,4.74179,-1.54139
423,4.74179,-1.54139
424,4.74179,-1.54139
425,4.74179,-1.54139
426,4.74179,-1.54139
427,4.74179,-1.54139
428,4.74179,-1.54139
429,4.74179,-1.54139
430,4.74179,-1.54139
431,4.74179,-1.54139
432,4.74179,-1.54139
433,4.74179,-1.54139
434,4.74179,-1.54139
435,4.74179,-1.54139
436,4.74179,-1.54139
437,4.74179,-1.54139
438,4.74179,-1.54139
439,4.74179,-1.54139
440,4.74179,-1.54139
441,4.74179,-1.54139
442,4.74179,-1.54139
443,4.74179,-1.54139
444,4.74179,-1.54139
445,4.93106,-1.35213
446,4.93106,-1.35213
447,4.93106,-1.35213
448,4.93106,-1.35213
449,4.93106,-1.35213
450,5.11728,-1.1659
451,5.11728,-1.1659
452,5.11728,-1.1659
453,5.23154,-1.05165
454,5.23154,-1.05165
455,5.23154,-1.05165
456,5.42102,-0.86217
457,5.42102,-0.86217
458,5.42102,-0.86217
459,5.42102,-0.86217
460,5.42102,-0.86217
461,5.42102,-0.86217
462,5.42102,-0.86217
463,5.42102,-0.86217
464,5.42102,-0.86217
465,5.42102,-0.86217
466,5.42102,-0.86217
467,4.99069,-1.2925
468,4.99069,-1.2925
469,4.99069,-1.2925
470,4.99069,-1.2925
471,4.90978,-1.3734
472,4.90978,-1.3734
473,4.90978,-1.3734
474,4.51499,-1.76819
475,4.51499,-1.76819
476,4.43409,-1.8491
477,4.43409,-1.8491
478,4.35362,-1.92957
479,4.35362,-1.92957
480,4.35362,-1.92957
481,4.35362,-1.92957
482,4.17197,-2.11122
483,4.17197,-2.11122
484,4.17197,-2.11122
485,4.17197,-2.11122
486,4.39064,-1.89255
487,4.39064,-1.89255
488,4.39064,-1.89255
489,4.06889,-2.2143
490,4.06889,-2.2143
491,4.06889,-2.2143
492,4.06889,-2.2143
493,4.06889,-2.2143
494,4.21304,-2.07014
495,4.21304,-2.07014
496,4.21304,-2.07014
497,4.21304,-2.07014
498,4.21304,-2.07014
499,4.21304,-2.07014
500,4.28576,-1.99742
501,4.28576,-1.99742
502,4.28576,-1.99742
503,4.28576,-1.99742
504,4.28576,-1.99742
505,4.28576,-1.99742
506,4.35362,-1.92957
507,4.35362,-1.92957
508,4.43409,-1.8491
509,4.43409,-1.8491
510,4.51499,-1.76819
511,4.51499,-1.76819
512,4.51499,-1.76819
513,4.90978,-1.3734
514,4.90978,-1.3734
515,4.99069,-1.2925
516,4.99069,-1.2925
517,5.07116,-1.21203
518,5.07116,-1.21203
519,5.07116,-1.21203
520,5.07116,-1.21203
521,5.25281,-1.03038
522,5.43903,-0.844154
523,5.43903,-0.844154
524,5.43903,-0.844154
525,5.43903,-0.844154
526,5.43903,-0.844154
527,5.43903,-0.844154
528,5.43903,-0.844154
529,5.55654,-0.726642
530,5.55654,-0.726642
531,5.55654,-0.726642
532,5.55654,-0.726642
533,5.55654,-0.726642
534,5.55654,-0.726642
535,5.55654,-0.726642
536,5.77609,-0.507099
537,5.77609,-0.507099
538,5.77609,-0.507099
539,5.77609,-0.507099
540,5.77609,-0.507099
541,5.86496,-0.418224
542,5.86496,-0.418224
543,5.86496,-0.418224
544,5.86496,-0.418224
545,6.06452,-0.218669
546,6.06452,-0.218669
547,6.06452,-0.218669
548,6.06452,-0.218669
549,6.06452,-0.218669
550,6.2356,-0.0475831
551,6.2356,-0.0475831
552,6.2356,-0.0475831
553,6.2356,-0.0475831
554,6.2356,-0.0475831
555,6.2356,-0.0475831
556,6.2356,-0.0475831
557,6.2356,-0.0475831
558,6.2356,-0.0475831
559,6.2356,-0.0475831
560,6.2356,-0.0475831
561,0.0475831,0.0475831
562,0.0475831,0.0475831
563,0.0475831,0.0475831
564,0.0475831,0.0475831
565,0.0475831,0.0475831
566,0.0475831,0.0475831
567,0.0475831,0.0475831
568,0.0475831,0.0475831
569,0.0475831,0.0475831
570,0.0475831,0.0475831
571,0.179853,0.179853
572,0.179853,0.179853
573,0.179853,0.179853
574,0.179853,0.179853
575,0.179853,0.179853
576,0.179853,0.179853
577,0.404892,0.404892
578,0.404892,0.404892
579,0.404892,0.404892
580,0.519146,0.519146
581,0.519146,0.519146
582,0.519146,0.519146
583,0.661043,0.661043
584,0.661043,0.661043
585,0.661043,0.661043
586,0.661043,0.661043
587,0.661043,0.661043
588,0.661043,0.661043
589,0.661043,0.661043
590,0.71883,0.71883
591,0.71883,0.71883
592,0.71883,0.71883
593,0.71883,0.71883
594,0.71883,0.71883
595,0.71883,0.71883
596,0.851966,0.851966
597,0.851966,0.851966
598,0.851966,0.851966
599,0.851966,0.851966
600,0.851966,0.851966
601,0.851966,0.851966
602,1.19029,1.19029
603,1.19029,1.19029
604,1.19029,1.19029
605,1.19029,1.19029
606,1.19029,1.19029
607,1.19029,1.19029
608,1.19029,1.19029
609,1.40565,1.40565
610,1.40565,1.40565
611,1.40565,1.40565
612,1.73595,1.73595
613,1.73595,1.73595
614,1.73595,1.73595
615,1.86225,1.86225
616,1.86225,1.86225
617,1.86225,1.86225
618,1.86225,1.86225
619,1.86225,1.86225
620,1.86225,1.86225
621,1.86225,1.86225
622,1.86225,1.86225
623,1.86225,1.86225
624,1.75065,1.75065
625,1.75065,1.75065
626,1.75065,1.75065
627,1.75065,1.75065
628,1.75065,1.75065
629,1.75065,1.75065
630,1.69515,1.69515
631,1.69515,1.69515
632,1.69515,1.69515
633,1.69515,1.69515
634,1.44644,1.44644
635,1.44644,1.44644
636,1.44644,1.44644
637,1.44644,1.44644
638,1.35213,1.35213
639,1.35213,1.35213
640,1.35213,1.35213
641,1.35213,1.35213
642,1.35213,1.35213
643,1.35213,1.35213
644,1.4289,1.4289
645,1.4289,1.4289
646,1.4289,1.4289
647,1.4289,1.4289
648,1.4289,1.4289
649,1.4289,1.4289
650,1.4289,1.4289
651,1.39094,1.39094
652,1.39094,1.39094
653,1.39094,1.39094
654,1.39094,1.39094
655,1.39094,1.39094
656,1.39094,1.39094
657,1.1659,1.1659
658,1.1659,1.1659
659,1.1659,1.1659
660,1.1659,1.1659
661,1.1659,1.1659
662,1.1659,1.1659
663,1.1659,1.1659
664,1.21203,1.21203
665,1.21203,1.21203
666,1.31347,1.31347
667,1.31347,1.31347
668,1.31347,1.31347
669,1.31347,1.31347
670,1.31347,1.31347
671,1.31347,1.31347
672,1.31347,1.31347
673,1.31347,1.31347
674,1.31347,1.31347
675,1.31347,1.31347
676,1.33971,1.33971
677,1.33971,1.33971
678,1.33971,1.33971
679,1.33971,1.33971
680,1.33971,1.33971
681,1.33971,1.33971
682,1.33971,1.33971
683,1.46592,1.46592
684,1.46592,1.46592
685,1.46592,1.46592
686,1.46592,1.46592
687,1.46592,1.46592
688,1.46592,1.46592
689,1.46592,1.46592
690,1.46592,1.46592
691,1.46592,1.46592
692,1.46592,1.46592
693,1.46592,1.46592
694,1.46592,1.46592
695,1.46592,1.46592
696,1.46592,1.46592
697,1.46592,1.46592
698,1.46592,1.46592
699,1.46592,1.46592
700,1.46592,1.46592
701,1.46592,1.46592
702,1.46592,1.46592
703,1.46592,1.46592
704,1.46592,1.46592
705,2.35619,2.35619
706,2.35619,2.35619
707,1.40565,1.40565
708,1.40565,1.40565
709,1.40565,1.40565
710,1.40565,1.40565
711,1.40565,1.40565
712,1.40565,1.40565
713,1.40565,1.40565
714,1.35213,1.35213
715,1.35213,1.35213
716,1.35213,1.35213
717,1.30454,1.30454
718,1.30454,1.30454
719,1.30454,1.30454
720,1.30454,1.30454
721,1.30454,1.30454
722,1.30454,1.30454
723,0.950547,0.950547
724,0.950547,0.950547
725,0.950547,0.950547
726,0.950547,0.950547
727,0.950547,0.950547
728,0.817645,0.817645
729,0.817645,0.817645
730,0.817645,0.817645
731,0.817645,0.817645
732,0.817645,0.817645
733,0.817645,0.817645
734,0.817645,0.817645
735,0.817645,0.817645
736,0.817645,0.817645
737,0.817645,0.817645
738,0.817645,0.817645
739,0.817645,0.817645
740,0.817645,0.817645
741,0.817645,0.817645
742,0.753151,0.753151
743,0.753151,0.753151
744,0.753151,0.753151
745,0.753151,0.753151
746,0.753151,0.753151
747,0.753151,0.753151
748,0.753151,0.753151
749,0.753151,0.753151
750,0.753151,0.753151
751,0.753151,0.753151
752,0.753151,0.753151
753,0.753151,0.753151
754,0.753151,0.753151
755,0.753151,0.753151
756,0.620249,0.620249
757,0.620249,0.620249
758,0.620249,0.620249
759,0.558599,0.558599
760,0.558599,0.558599
761,0.499347,0.499347
762,0.499347,0.499347
763,0.499347,0.499347
764,0.499347,0.499347
765,0.499347,0.499347
766,0.499347,0.499347
767,0.426627,0.426627
768,0.426627,0.426627
769,0.426627,0.426627
770,0.426627,0.426627
771,0.426627,0.426627
772,0.426627,0.426627
773,0.141897,0.141897
774,0.141897,0.141897
775,0.141897,0.141897
776,0.141897,0.141897
777,6.14129,-0.141897
778,6.14129,-0.141897
779,6.14129,-0.141897
780,6.00489,-0.2783
781,6.00489,-0.2783
782,5.92441,-0.358771
783,5.92441,-0.358771
784,5.86496,-0.418224
785,5.86496,-0.418224
786,5.86496,-0.418224
787,5.86496,-0.418224
788,5.86496,-0.418224
789,5.86496,-0.418224
790,5.86496,-0.418224
791,5.86496,-0.418224
792,5.86496,-0.418224
793,5.86496,-0.418224
794,5.86496,-0.418224
795,5.86496,-0.418224
796,5.86496,-0.418224
797,5.23154,-1.05165
798,5.23154,-1.05165
799,5.23154,-1.05165
800,5.23154,-1.05165
801,5.23154,-1.05165
802,5.23154,-1.05165
803,5.23154,-1.05165
804,5.23154,-1.05165
805,5.11728,-1.1659
806,5.11728,-1.1659
807,5.11728,-1.1659
808,4.82305,-1.46014
809,4.82305,-1.46014
810,4.82305,-1.46014
811,4.82305,-1.46014
812,4.82305,-1.46014
813,4.60173,-1.68145
814,4.60173,-1.68145
815,4.60173,-1.68145
816,4.60173,-1.68145
817,4.53254,-1.75065
818,4.53254,-1.75065
819,4.53254,-1.75065
820,4.53254,-1.75065
821,4.53254,-1.75065
822,4.53254,-1.75065
823,4.53254,-1.75065
824,4.53254,-1.75065
825,4.53254,-1.75065
826,4.53254,-1.75065
827,4.90978,-1.3734
828,4.90978,-1.3734
829,4.99069,-1.2925
830,4.99069,-1.2925
831,5.07116,-1.21203
832,5.07116,-1.21203
833,5.11728,-1.1659
834,5.11728,-1.1659
835,5.11728,-1.1659
836,5.23154,-1.05165
837,5.23154,-1.05165
838,5.23154,-1.05165
839,5.35589,-0.927295
840,5.35589,-0.927295
841,5.63968,-0.643501
842,5.63968,-0.643501
843,6.06452,-0.218669
844,6.06452,-0.218669
845,6.06452,-0.218669
846,6.06452,-0.218669
847,6.06452,-0.218669
848,6.17253,-0.110657
849,6.17253,-0.110657
850,6.17253,-0.110657
851,6.17253,-0.110657
852,6.17253,-0.110657
853,0.110657,0.110657
854,0.110657,0.110657
855,0.110657,0.110657
856,0.110657,0.110657
857,0.2783,0.2783
858,0.2783,0.2783
859,0.2783,0.2783
860,0.2783,0.2783
861,0.643501,0.643501
862,0.643501,0.643501
863,0.927295,0.927295
864,0.927295,0.927295
865,1.35213,1.35213
866,1.35213,1.35213
867,1.35213,1.35213
868,1.35213,1.35213
869,1.35213,1.35213
870,1.4289,1.4289
871,1.4289,1.4289
872,1.4289,1.4289
873,1.4289,1.4289
874,1.4289,1.4289
875,1.4289,1.4289
876,1.4289,1.4289
877,1.35213,1.35213
878,1.35213,1.35213
879,1.35213,1.35213
880,1.30454,1.30454
881,1.30454,1.30454
882,1.30454,1.30454
883,1.30454,1.30454
884,1.21203,1.21203
885,1.21203,1.21203
886,1.21203,1.21203
887,1.21203,1.21203
888,1.21203,1.21203
889,1.21203,1.21203
890,1.344,1.344
891,1.344,1.344
892,1.344,1.344
893,1.344,1.344
894,1.344,1.344
895,1.344,1.344
896,1.344,1.344
897,1.344,1.344
898,1.344,1.344
899,1.344,1.344
900,1.49949,1.49949
901,1.49949,1.49949
902,1.49949,1.49949
903,1.49949,1.49949
904,1.49949,1.49949
905,1.49949,1.49949
906,1.49949,1.49949
907,1.49949,1.49949
908,1.49949,1.49949
909,1.49949,1.49949
910,1.49949,1.49949
911,1.49949,1.49949
912,1.49949,1.49949
913,1.49949,1.49949
914,1.45369,1.45369
915,1.45369,1.45369
916,1.45369,1.45369
917,1.45369,1.45369
918,1.45369,1.45369
919,1.45369,1.45369
920,1.45369,1.45369
921,1.45369,1.45369
922,1.45369,1.45369
923,1.39094,1.39094
924,1.39094,1.39094
925,1.39094,1.39094
926,1.3597,1.3597
927,1.3597,1.3597
928,1.3597,1.3597
929,1.344,1.344
930,1.344,1.344
931,1.344,1.344
932,1.344,1.344
933,1.344,1.344
934,1.31019,1.31019
935,1.31019,1.31019
936,1.31019,1.31019
937,1.31019,1.31019
938,1.31019,1.31019
939,1.26109,1.26109
940,1.26109,1.26109
941,1.26109,1.26109
942,1.26109,1.26109
943,1.26109,1.26109
944,1.26109,1.26109
945,1.26109,1.26109
946,1.26109,1.26109
947,1.26109,1.26109
948,1.26109,1.26109
949,1.26109,1.26109
950,1.26109,1.26109
951,1.26109,1.26109
952,1.26109,1.26109
953,1.23755,1.23755
954,1.23755,1.23755
955,1.23755,1.23755
956,1.23755,1.23755
957,1.23755,1.23755
958,1.23755,1.23755
959,1.23755,1.23755
960,1.23755,1.23755
961,1.23755,1.23755
962,1.23755,1.23755
963,1.23755,1.23755
964,1.23755,1.23755
965,1.23755,1.23755
966,1.23755,1.23755
967,1.20362,1.20362
968,1.20362,1.20362
969,1.20362,1.20362
970,1.20362,1.20362
971,1.20362,1.20362
972,1.20362,1.20362
973,1.20362,1.20362
974,1.20362,1.20362
975,1.20362,1.20362
976,1.20362,1.20362
977,1.20362,1.20362
978,1.20362,1.20362
979,1.20362,1.20362
980,1.30454,1.30454
981,1.30454,1.30454
982,1.30454,1.30454
983,1.30454,1.30454
984,1.30454,1.30454
985,1.35213,1.35213
986,1.35213,1.35213
987,1.35213,1.35213
988,1.35213,1.35213
989,1.35213,1.35213
990,1.35213,1.35213
991,1.35213,1.35213
992,1.35213,1.35213
993,1.35213,1.35213
994,1.35213,1.35213
995,1.35213,1.35213
996,1.35213,1.35213
997,1.15257,1.15257
998,1.15257,1.15257
999,1.15257,1.15257
1000,1.15257,1.15257
1001,1.15257,1.15257
1002,1.0637,1.0637
1003,1.0637,1.0637
1004,1.0637,1.0637
1005,1.0637,1.0637
1006,0.822418,0.822418
1007,0.822418,0.822418
1008,0.822418,0.822418
1009,0.822418,0.822418
1010,0.822418,0.822418
1011,0.822418,0.822418
1012,0.822418,0.822418
1013,0.822418,0.822418
1014,0.822418,0.822418
1015,0.822418,0.822418
1016,0.822418,0.822418
1017,0.822418,0.822418
1018,0.822418,0.822418
1019,0.822418,0.822418
1020,0.822418,0.822418
1021,0.822418,0.822418
1022,0.822418,0.822418
1023,0.822418,0.822418
1024,0.822418,0.822418
1025,0.822418,0.822418
1026,0.822418,0.822418
1027,0.822418,0.822418
1028,0.822418,0.822418
1029,0.822418,0.822418
1030,0.822418,0.822418
1031,0.96007,0.96007
1032,0.96007,0.96007
1033,0.96007,0.96007
1034,0.96007,0.96007
1035,0.96007,0.96007
1036,0.96007,0.96007
1037,0.96007,0.96007
1038,0.96007,0.96007
1039,0.96007,0.96007
1040,0.96007,0.96007
1041,1.21203,1.21203
1042,1.21203,1.21203
1043,1.21203,1.21203
1044,1.21203,1.21203
1045,1.21203,1.21203
1046,1.21203,1.21203
1047,1.21203,1.21203
1048,1.21203,1.21203
1049,1.21203,1.21203
1050,1.2925,1.2925
1051,1.2925,1.2925
1052,1.39094,1.39094
1053,1.39094,1.39094
1054,1.39094,1.39094
1055,1.39094,1.39094
1056,1.39094,1.39094
1057,1.39094,1.39094
1058,1.47584,1.47584
1059,1.47584,1.47584
1060,1.47584,1.47584
1061,1.47584,1.47584
1062,1.47584,1.47584
1063,1.47584,1.47584
1064,1.47584,1.47584
1065,1.47584,1.47584
1066,1.47584,1.47584
1067,1.47584,1.47584
1068,1.47584,1.47584
1069,1.49949,1.49949
1070,1.49949,1.49949
1071,1.49949,1.49949
1072,1.49949,1.49949
1073,1.49949,1.49949
1074,1.49949,1.49949
1075,1.49949,1.49949
1076,1.6421,1.6421
1077,1.6421,1.6421
1078,1.6421,1.6421
1079,1.6421,1.6421
1080,1.6421,1.6421
1081,1.6421,1.6421
1082,1.6421,1.6421
1083,1.6421,1.6421
1084,1.6421,1.6421
1085,0.785398,0.785398
1086,0.785398,0.785398
1087,2.03444,2.03444
1088,2.03444,2.03444
1089,1.3734,1.3734
1090,1.3734,1.3734
1091,1.3734,1.3734
1092,1.3734,1.3734
1093,1.3734,1.3734
1094,1.71269,1.71269
1095,1.71269,1.71269
1096,1.71269,1.71269
1097,1.71269,1.71269
1098,1.71269,1.71269
1099,1.71269,1.71269
1100,1.71269,1.71269
1101,1.71269,1.71269
1102,1.71269,1.71269
1103,1.71269,1.71269
1104,1.71269,1.71269
1105,1.71269,1.71269
1106,1.10715,1.10715
1107,1.10715,1.10715
1108,1.10715,1.10715
1109,2.03444,2.03444
1110,2.03444,2.03444
1111,2.03444,2.03444
1112,0.785398,0.785398
1113,0.785398,0.785398
1114,1.61838,1.61838
1115,1.61838,1.61838
1116,1.61838,1.61838
1117,1.61838,1.61838
1118,1.61838,1.61838
1119,1.61838,1.61838
1120,1.61838,1.61838
1121,1.61838,1.61838
1122,1.61838,1.61838
1123,1.61838,1.61838
1124,1.61838,1.61838
1125,1.61838,1.61838
1126,1.61838,1.61838
1127,1.61838,1.61838
1128,1.61838,1.61838
1129,1.61838,1.61838
1130,1.61838,1.61838
1131,1.61838,1.61838
1132,1.61838,1.61838
1133,1.61838,1.61838
1134,1.61838,1.61838
1135,1.61838,1.61838
1136,1.78947,1.78947
1137,1.78947,1.78947
1138,1.78947,1.78947
1139,1.83705,1.83705
1140,1.83705,1.83705
1141,1.83705,1.83705
1142,1.83705,1.83705
1143,1.83705,1.83705
1144,1.83705,1.83705
1145,1.83705,1.83705
1146,1.83705,1.83705
1147,1.83705,1.83705
1148,1.83705,1.83705
1149,1.83705,1.83705
1150,1.83705,1.83705
1151,1.83705,1.83705
1152,1.83705,1.83705
1153,1.83705,1.83705
1154,1.83705,1.83705
1155,1.83705,1.83705
1156,1.83705,1.83705
1157,1.83705,1.83705
1158,1.83705,1.83705
1159,2.19105,2.19105
1160,2.19105,2.19105
1161,2.19105,2.19105
1162,2.19105,2.19105
1163,2.19105,2.19105
1164,2.30361,2.30361
1165,2.30361,2.30361
1166,2.30361,2.30361
1167,2.30361,2.30361
1168,2.30361,2.30361
1169,2.30361,2.30361
1170,2.30361,2.30361
1171,2.30361,2.30361
1172,2.30361,2.30361
1173,2.30361,2.30361
1174,2.30361,2.30361
1175,2.30361,2.30361
1176,2.30361,2.30361
1177,2.30361,2.30361
1178,2.30361,2.30361
1179,2.30361,2.30361
1180,2.30361,2.30361
1181,2.23184,2.23184
1182,2.23184,2.23184
1183,2.23184,2.23184
1184,2.23184,2.23184
1185,2.19959,2.19959
1186,2.19959,2.19959
1187,2.19959,2.19959
1188,2.19959,2.19959
1189,2.19959,2.19959
1190,2.19959,2.19959
1191,2.19959,2.19959
1192,2.19959,2.19959
1193,2.19959,2.19959
1194,2.19959,2.19959
1195,2.24554,2.24554
1196,2.24554,2.24554
1197,2.24554,2.24554
1198,2.46685,2.46685
1199,2.46685,2.46685
1200,2.46685,2.46685
1201,2.57486,2.57486
1202,2.57486,2.57486
1203,2.57486,2.57486
1204,2.57486,2.57486
1205,2.57486,2.57486
1206,2.57486,2.57486
1207,2.57486,2.57486
1208,2.57486,2.57486
1209,2.57486,2.57486
1210,2.57486,2.57486
1211,2.57486,2.57486
1212,2.57486,2.57486
1213,2.57486,2.57486
1214,2.57486,2.57486
1215,2.57486,2.57486
1216,2.57486,2.57486
1217,2.57486,2.57486
1218,2.57486,2.57486
1219,2.76109,2.76109
1220,2.76109,2.76109
1221,2.76109,2.76109
1222,2.76109,2.76109
1223,2.76109,2.76109
1224,2.60117,2.60117
1225,2.60117,2.60117
1226,2.60117,2.60117
1227,2.60117,2.60117
1228,2.78282,2.78282
1229,2.78282,2.78282
1230,2.78282,2.78282
1231,2.78282,2.78282
1232,2.78282,2.78282
1233,2.78282,2.78282
1234,2.78282,2.78282
1235,2.78282,2.78282
1236,2.78282,2.78282
1237,2.86329,2.86329
1238,2.86329,2.86329
1239,2.96174,2.96174
1240,2.96174,2.96174
1241,2.96174,2.96174
1242,2.96174,2.96174
1243,2.96174,2.96174
1244,2.96174,2.96174
1245,2.96174,2.96174
1246,2.96174,2.96174
1247,2.96174,2.96174
1248,3.23225,-3.05093
1249,3.23225,-3.05093
1250,3.23225,-3.05093
1251,3.23225,-3.05093
1252,3.23225,-3.05093
1253,3.23225,-3.05093
1254,3.23225,-3.05093
1255,3.23225,-3.05093
1256,3.23225,-3.05093
1257,3.23225,-3.05093
1258,3.05093,3.05093
1259,3.05093,3.05093
1260,3.05093,3.05093
1261,3.05093,3.05093
1262,3.05093,3.05093
1263,2.95624,2.95624
1264,2.95624,2.95624
1265,2.95624,2.95624
1266,2.95624,2.95624
1267,2.95624,2.95624
1268,2.95624,2.95624
1269,2.95624,2.95624
1270,2.95624,2.95624
1271,2.95624,2.95624
1272,2.95624,2.95624
1273,2.95624,2.95624
1274,2.95624,2.95624
1275,2.60117,2.60117
1276,2.60117,2.60117
1277,2.60117,2.60117
1278,2.60117,2.60117
1279,2.60117,2.60117
1280,2.76109,2.76109
1281,2.76109,2.76109
1282,2.76109,2.76109
1283,2.76109,2.76109
1284,2.55359,2.55359
1285,2.55359,2.55359
1286,2.55359,2.55359
1287,2.85014,2.85014
1288,2.85014,2.85014
1289,2.85014,2.85014
1290,2.85014,2.85014
1291,2.85014,2.85014
1292,2.85014,2.85014
1293,2.85014,2.85014
1294,2.85014,2.85014
1295,2.79282,2.79282
1296,2.79282,2.79282
1297,2.79282,2.79282
1298,2.79282,2.79282
1299,2.7367,2.7367
1300,2.7367,2.7367
1301,2.7367,2.7367
1302,2.7367,2.7367
1303,2.7367,2.7367
1304,2.7367,2.7367
1305,2.7367,2.7367
1306,2.7367,2.7367
1307,2.7367,2.7367
1308,2.7367,2.7367
1309,2.44685,2.44685
1310,2.44685,2.44685
1311,2.44685,2.44685
1312,2.44685,2.44685
1313,2.44685,2.44685
1314,2.44685,2.44685
1315,2.44685,2.44685
1316,2.44685,2.44685
1317,2.44685,2.44685
1318,2.52134,2.52134
1319,2.52134,2.52134
1320,2.52134,2.52134
1321,2.58299,2.58299
1322,2.58299,2.58299
1323,2.64225,2.64225
1324,2.64225,2.64225
1325,2.64225,2.64225
1326,2.64225,2.64225
1327,2.64225,2.64225
1328,2.64225,2.64225
1329,2.71497,2.71497
1330,2.71497,2.71497
1331,2.71497,2.71497
1332,2.71497,2.71497
1333,2.71497,2.71497
1334,2.71497,2.71497
1335,2.78282,2.78282
1336,2.78282,2.78282
1337,2.86329,2.86329
1338,2.86329,2.86329
1339,3.07029,3.07029
1340,3.07029,3.07029
1341,3.07029,3.07029
1342,3.07029,3.07029
1343,3.07029,3.07029
1344,3.07029,3.07029
1345,3.07029,3.07029
1346,3.07029,3.07029
1347,3.07029,3.07029
1348,3.07029,3.07029
1349,3.07029,3.07029
1350,3.07029,3.07029
1351,3.07029,3.07029
1352,3.07029,3.07029
1353,2.86329,2.86329
1354,2.86329,2.86329
1355,2.86329,2.86329
1356,2.86329,2.86329
1357,2.86329,2.86329
1358,3.05845,3.05845
1359,3.05845,3.05845
1360,3.05845,3.05845
1361,3.05845,3.05845
1362,3.05845,3.05845
1363,3.05845,3.05845
1364,3.05845,3.05845
1365,3.05845,3.05845
1366,3.05845,3.05845
1367,3.05845,3.05845
1368,3.05845,3.05845
1369,3.05845,3.05845
1370,2.92292,2.92292
1371,2.92292,2.92292
1372,2.92292,2.92292
1373,2.92292,2.92292
1374,2.92292,2.92292
1375,2.41495,2.41495
1376,2.41495,2.41495
1377,2.41495,2.41495
1378,2.41495,2.41495
1379,2.41495,2.41495
1380,2.41495,2.41495
1381,2.41495,2.41495
1382,2.41495,2.41495
1383,2.41495,2.41495
1384,2.41495,2.41495
1385,2.41495,2.41495
1386,2.41495,2.41495
1387,2.41495,2.41495
1388,2.41495,2.41495
1389,2.41495,2.41495
1390,2.61352,2.61352
1391,2.61352,2.61352
1392,2.61352,2.61352
1393,2.61352,2.61352
1394,2.61352,2.61352
1395,2.61352,2.61352
1396,2.61352,2.61352
1397,2.61352,2.61352
1398,2.63449,2.63449
1399,2.63449,2.63449
1400,2.63449,2.63449
1401,2.63449,2.63449
1402,2.63449,2.63449
1403,2.72337,2.72337
1404,2.72337,2.72337
1405,2.72337,2.72337
1406,2.72337,2.72337
1407,2.79282,2.79282
1408,2.79282,2.79282
1409,2.79282,2.79282
1410,2.79282,2.79282
1411,2.85014,2.85014
1412,2.85014,2.85014
1413,2.85014,2.85014
1414,2.85014,2.85014
1415,3.07917,3.07917
1416,3.07917,3.07917
1417,3.07917,3.07917
1418,3.07917,3.07917
1419,3.07917,3.07917
1420,3.07917,3.07917
1421,3.07917,3.07917
1422,3.07917,3.07917
1423,3.07917,3.07917
1424,3.07917,3.07917
1425,3.07917,3.07917
1426,3.07917,3.07917
1427,3.07917,3.07917
1428,3.07917,3.07917
1429,3.07917,3.07917
1430,3.07917,3.07917
1431,2.92292,2.92292
1432,2.92292,2.92292
1433,2.92292,2.92292
1434,2.92292,2.92292
1435,2.92292,2.92292
1436,2.92292,2.92292
1437,3.03094,3.03094
1438,3.03094,3.03094
1439,3.03094,3.03094
1440,3.03094,3.03094
1441,3.03094,3.03094
1442,3.25225,-3.03094
1443,3.25225,-3.03094
1444,3.25225,-3.03094
1445,3.25225,-3.03094
1446,3.36839,-2.91479
1447,3.36839,-2.91479
1448,3.36839,-2.91479
1449,3.36839,-2.91479
1450,3.36839,-2.91479
1451,3.36839,-2.91479
1452,3.36839,-2.91479
1453,3.36839,-2.91479
1454,3.36839,-2.91479
1455,3.36839,-2.91479
1456,3.36839,-2.91479
1457,3.26595,-3.01724
1458,3.26595,-3.01724
1459,3.26595,-3.01724
1460,3.26595,-3.01724
1461,3.26595,-3.01724
1462,3.26595,-3.01724
1463,3.26595,-3.01724
1464,3.26595,-3.01724
1465,3.36026,-2.92292
1466,3.36026,-2.92292
1467,3.36026,-2.92292
1468,3.36026,-2.92292
1469,3.36026,-2.92292
1470,3.5221,-2.76109
1471,3.5221,-2.76109
1472,3.5221,-2.76109
1473,3.5221,-2.76109
1474,3.41989,-2.86329
1475,3.41989,-2.86329
1476,3.41989,-2.86329
1477,3.41989,-2.86329
1478,3.41989,-2.86329
1479,3.41989,-2.86329
1480,3.50036,-2.78282
1481,3.50036,-2.78282
1482,3.50036,-2.78282
1483,3.50036,-2.78282
1484,3.70019,-2.58299
1485,3.70019,-2.58299
1486,3.70019,-2.58299
1487,3.70019,-2.58299
1488,3.76184,-2.52134
1489,3.76184,-2.52134
1490,3.83633,-2.44685
1491,3.83633,-2.44685
1492,3.83633,-2.44685
1493,3.83633,-2.44685
1494,4.01765,-2.26553
1495,4.01765,-2.26553
1496,4.01765,-2.26553
1497,4.01765,-2.26553
1498,4.19324,-2.08994
1499,4.19324,-2.08994
1500,4.19324,-2.08994
1501,4.3075,-1.97569
1502,4.3075,-1.97569
1503,4.3075,-1.97569
1504,4.46741,-1.81577
1505,4.46741,-1.81577
1506,4.46741,-1.81577
1507,4.46741,-1.81577
1508,4.3075,-1.97569
1509,4.3075,-1.97569
1510,4.3075,-1.97569
1511,4.21845,-2.06474
1512,4.21845,-2.06474
1513,4.21845,-2.06474
1514,4.21845,-2.06474
1515,4.21845,-2.06474
1516,4.21845,-2.06474
1517,4.21845,-2.06474
1518,4.21845,-2.06474
1519,4.21845,-2.06474
1520,4.21845,-2.06474
1521,4.21845,-2.06474
1522,4.21845,-2.06474
1523,4.21845,-2.06474
1524,4.21845,-2.06474
1525,4.27998,-2.0032
1526,4.27998,-2.0032
1527,4.27998,-2.0032
1528,4.27998,-2.0032
1529,4.27998,-2.0032
1530,4.27998,-2.0032
1531,4.27998,-2.0032
1532,4.29998,-1.98321
1533,4.29998,-1.98321
1534,4.29998,-1.98321
1535,4.29998,-1.98321
1536,4.29998,-1.98321
1537,4.29998,-1.98321
1538,4.29998,-1.98321
1539,4.29998,-1.98321
1540,4.29998,-1.98321
1541,4.29998,-1.98321
1542,4.29998,-1.98321
1543,4.29998,-1.98321
1544,4.29998,-1.98321
1545,4.12439,-2.1588
1546,4.12439,-2.1588
1547,4.12439,-2.1588
1548,4.12439,-2.1588
1549,4.12439,-2.1588
1550,4.12439,-2.1588
1551,4.12439,-2.1588
1552,4.12439,-2.1588
1553,4.44614,-1.83705
1554,4.44614,-1.83705
1555,4.44614,-1.83705
1556,4.44614,-1.83705
1557,4.44614,-1.83705
1558,4.44614,-1.83705
1559,4.44614,-1.83705
1560,4.49372,-1.78947
1561,4.49372,-1.78947
1562,4.58803,-1.69515
1563,4.58803,-1.69515
1564,4.58803,-1.69515
1565,4.58803,-1.69515
1566,4.58803,-1.69515
1567,4.58803,-1.69515
1568,4.58803,-1.69515
1569,4.58803,-1.69515
1570,4.53254,-1.75065
1571,4.53254,-1.75065
1572,4.53254,-1.75065
1573,4.53254,-1.75065
1574,4.53254,-1.75065
1575,4.53254,-1.75065
1576,4.42093,-1.86225
1577,4.42093,-1.86225
1578,4.42093,-1.86225
1579,4.42093,-1.86225
1580,4.36362,-1.91957
1581,4.36362,-1.91957
1582,4.36362,-1.91957
1583,4.36362,-1.91957
1584,4.36362,-1.91957
1585,4.36362,-1.91957
1586,4.15379,-2.1294
1587,4.15379,-2.1294
1588,4.15379,-2.1294
1589,4.15379,-2.1294
1590,4.09214,-2.19105
1591,4.09214,-2.19105
1592,4.09214,-2.19105
1593,4.09214,-2.19105
1594,4.09214,-2.19105
1595,4.09214,-2.19105
1596,4.09214,-2.19105
1597,4.20529,-2.07789
1598,4.20529,-2.07789
1599,4.20529,-2.07789
1600,4.20529,-2.07789
1601,4.20529,-2.07789
1602,4.29416,-1.98902
1603,4.29416,-1.98902
1604,4.29416,-1.98902
1605,4.29416,-1.98902
1606,4.29416,-1.98902
1607,4.29416,-1.98902
1608,4.29416,-1.98902
1609,4.29416,-1.98902
1610,4.29416,-1.98902
1611,4.29416,-1.98902
1612,4.29416,-1.98902
1613,4.29416,-1.98902
1614,4.29416,-1.98902
1615,4.29416,-1.98902
1616,4.29416,-1.98902
1617,4.29416,-1.98902
1618,4.29416,-1.98902
1619,4.35362,-1.92957
1620,4.35362,-1.92957
1621,4.43409,-1.8491
1622,4.43409,-1.8491
1623,4.67395,-1.60924
1624,4.67395,-1.60924
1625,4.67395,-1.60924
1626,4.67395,-1.60924
1627,4.67395,-1.60924
1628,4.67395,-1.60924
1629,4.67395,-1.60924
1630,4.67395,-1.60924
1631,4.67395,-1.60924
1632,4.67395,-1.60924
1633,4.67395,-1.60924
1634,4.67395,-1.60924
1635,4.67395,-1.60924
1636,4.75083,-1.53235
1637,4.75083,-1.53235
1638,4.75083,-1.53235
1639,4.75083,-1.53235
1640,4.75083,-1.53235
1641,4.75083,-1.53235
1642,4.75083,-1.53235
1643,4.75083,-1.53235
1644,4.75083,-1.53235
1645,4.75083,-1.53235
1646,4.75083,-1.53235
1647,4.75083,-1.53235
1648,4.75083,-1.53235
1649,4.93106,-1.35213
1650,4.93106,-1.35213
1651,4.93106,-1.35213
1652,4.93106,-1.35213
1653,4.93106,-1.35213
1654,5.30039,-0.982794
1655,5.30039,-0.982794
1656,5.30039,-0.982794
1657,5.03414,-1.24905
1658,5.03414,-1.24905
1659,5.03414,-1.24905
1660,5.25281,-1.03038
1661,5.25281,-1.03038
1662,5.25281,-1.03038
1663,5.25281,-1.03038
1664,5.25281,-1.03038
1665,5.25281,-1.03038
1666,5.25281,-1.03038
1667,5.25281,-1.03038
1668,5.38713,-0.896055
1669,5.38713,-0.896055
1670,5.38713,-0.896055
1671,5.38713,-0.896055
1672,5.38713,-0.896055
1673,5.38713,-0.896055
1674,5.38713,-0.896055
1675,5.33264,-0.950547
1676,5.33264,-0.950547
1677,5.33264,-0.950547
1678,5.33264,-0.950547
1679,5.33264,-0.950547
1680,4.99069,-1.2925
1681,4.99069,-1.2925
1682,4.99069,-1.2925
1683,4.99069,-1.2925
1684,4.74095,-1.54223
1685,4.74095,-1.54223
1686,4.74095,-1.54223
1687,4.74095,-1.54223
1688,4.74095,-1.54223
1689,4.74095,-1.54223
1690,4.74095,-1.54223
1691,4.74095,-1.54223
1692,4.74095,-1.54223
1693,4.74095,-1.54223
1694,4.74095,-1.54223
1695,4.74095,-1.54223
1696,4.74095,-1.54223
1697,4.74095,-1.54223
1698,4.74095,-1.54223
1699,4.74095,-1.54223
1700,4.74095,-1.54223
1701,4.74095,-1.54223
1702,4.68383,-1.59936
1703,4.68383,-1.59936
1704,4.68383,-1.59936
1705,4.68383,-1.59936
1706,4.68383,-1.59936
1707,4.68383,-1.59936
1708,4.68383,-1.59936
1709,4.68383,-1.59936
1710,4.68383,-1.59936
1711,4.68383,-1.59936
1712,4.68383,-1.59936
1713,4.68383,-1.59936
1714,4.68383,-1.59936
1715,4.68383,-1.59936
1716,4.68383,-1.59936
1717,4.68383,-1.59936
1718,4.68383,-1.59936
1719,4.68383,-1.59936
1720,4.68383,-1.59936
1721,5.49779,-0.785398
1722,5.49779,-0.785398
1723,4.39064,-1.89255
1724,4.39064,-1.89255
1725,4.39064,-1.89255
1726,5.03414,-1.24905
1727,5.03414,-1.24905
1728,5.03414,-1.24905
1729,3.92699,-2.35619
1730,3.92699,-2.35619
1731,4.81206,-1.47113
1732,4.81206,-1.47113
1733,4.81206,-1.47113
1734,4.81206,-1.47113
1735,4.81206,-1.47113
1736,4.81206,-1.47113
1737,4.81206,-1.47113
1738,4.81206,-1.47113
1739,4.81206,-1.47113
1740,4.81206,-1.47113
1741,4.81206,-1.47113
1742,4.84494,-1.43824
1743,4.84494,-1.43824
1744,4.84494,-1.43824
1745,4.84494,-1.43824
1746,4.84494,-1.43824
1747,4.84494,-1.43824
1748,4.84494,-1.43824
1749,4.84494,-1.43824
1750,4.89224,-1.39094
1751,4.89224,-1.39094
1752,4.89224,-1.39094
1753,4.89224,-1.39094
1754,4.89224,-1.39094
1755,4.89224,-1.39094
1756,4.89224,-1.39094
1757,4.85429,-1.4289
1758,4.85429,-1.4289
1759,4.85429,-1.4289
1760,4.85429,-1.4289
1761,4.85429,-1.4289
1762,4.85429,-1.4289
1763,4.85429,-1.4289
1764,4.85429,-1.4289
1765,4.85429,-1.4289
1766,4.24874,-2.03444
1767,4.24874,-2.03444
1768,4.24874,-2.03444
1769,4.77896,-1.50423
1770,4.77896,-1.50423
1771,4.77896,-1.50423
1772,4.77896,-1.50423
1773,4.77896,-1.50423
1774,4.77896,-1.50423
1775,4.77896,-1.50423
1776,4.77896,-1.50423
1777,4.77896,-1.50423
1778,4.64582,-1.63736
1779,4.64582,-1.63736
1780,4.64582,-1.63736
1781,4.64582,-1.63736
1782,4.64582,-1.63736
1783,4.64582,-1.63736
1784,4.64582,-1.63736
1785,4.64582,-1.63736
1786,4.64582,-1.63736
1787,4.64582,-1.63736
1788,4.64582,-1.63736
1789,4.64582,-1.63736
1790,4.64582,-1.63736
1791,4.64582,-1.63736
1792,4.64582,-1.63736
1793,4.64582,-1.63736
1794,4.64582,-1.63736
1795,4.64582,-1.63736
1796,4.64582,-1.63736
1797,4.64582,-1.63736
1798,4.64582,-1.63736
1799,4.64582,-1.63736
1800,4.64582,-1.63736
1801,4.64582,-1.63736
1802,4.64582,-1.63736
1803,5.49779,-0.785398
1804,5.49779,-0.785398
1805,4.54724,-1.73595
1806,4.54724,-1.73595
1807,4.54724,-1.73595
1808,4.54724,-1.73595
1809,4.54724,-1.73595
1810,4.54724,-1.73595
1811,4.54724,-1.73595
1812,4.49372,-1.78947
1813,4.49372,-1.78947
1814,4.49372,-1.78947
1815,4.44614,-1.83705
1816,4.44614,-1.83705
1817,4.44614,-1.83705
1818,4.44614,-1.83705
1819,4.44614,-1.83705
1820,4.44614,-1.83705
1821,4.44614,-1.83705
1822,4.44614,-1.83705
1823,4.44614,-1.83705
1824,4.44614,-1.83705
1825,4.49372,-1.78947
1826,4.49372,-1.78947
1827,4.54724,-1.73595
1828,4.54724,-1.73595
1829,4.54724,-1.73595
1830,4.54724,-1.73595
1831,4.54724,-1.73595
1832,4.54724,-1.73595
1833,4.43409,-1.8491
1834,4.43409,-1.8491
1835,4.43409,-1.8491
1836,4.43409,-1.8491
1837,4.43409,-1.8491
1838,4.57049,-1.71269
1839,4.57049,-1.71269
1840,4.57049,-1.71269
1841,4.57049,-1.71269
1842,4.57049,-1.71269
1843,4.57049,-1.71269
1844,4.57049,-1.71269
1845,4.43409,-1.8491
1846,4.43409,-1.8491
1847,4.43409,-1.8491
1848,4.43409,-1.8491
1849,4.43409,-1.8491
1850,4.61272,-1.67046
1851,4.61272,-1.67046
1852,4.61272,-1.67046
1853,4.61272,-1.67046
1854,4.61272,-1.67046
1855,4.61272,-1.67046
1856,4.61272,-1.67046
1857,4.61272,-1.67046
1858,4.61272,-1.67046
1859,4.61272,-1.67046
1860,4.53254,-1.75065
1861,4.53254,-1.75065
1862,4.53254,-1.75065
1863,4.53254,-1.75065
1864,4.53254,-1.75065
1865,4.53254,-1.75065
1866,4.33188,-1.9513
1867,4.33188,-1.9513
1868,4.15379,-2.1294
1869,4.15379,-2.1294
1870,4.15379,-2.1294
1871,4.15379,-2.1294
1872,4.15379,-2.1294
1873,4.15379,-2.1294
1874,4.15379,-2.1294
1875,4.15379,-2.1294
1876,4.15379,-2.1294
1877,4.33188,-1.9513
1878,4.33188,-1.9513
1879,4.33188,-1.9513
1880,4.33188,-1.9513
1881,4.33188,-1.9513
1882,4.33188,-1.9513
1883,4.33188,-1.9513
1884,4.69626,-1.58692
1885,4.69626,-1.58692
1886,4.69626,-1.58692
1887,4.69626,-1.58692
1888,4.69626,-1.58692
1889,4.69626,-1.58692
1890,4.69626,-1.58692
1891,4.69626,-1.58692
1892,4.69626,-1.58692
1893,4.69626,-1.58692
1894,4.69626,-1.58692
1895,4.69626,-1.58692
1896,4.69626,-1.58692
1897,4.69626,-1.58692
1898,4.69626,-1.58692
1899,4.69626,-1.58692
1900,4.69626,-1.58692
1901,4.69626,-1.58692
1902,4.69626,-1.58692
1903,4.69626,-1.58692
1904,4.69626,-1.58692
1905,4.69626,-1.58692
1906,4.69626,-1.58692
1907,4.69626,-1.58692
1908,4.69626,-1.58692
1909,4.69626,-1.58692
1910,4.69626,-1.58692
1911,4.69626,-1.58692
1912,4.69626,-1.58692
1913,4.69626,-1.58692
1914,4.69626,-1.58692
1915,4.69626,-1.58692
1916,4.69626,-1.58692
1917,4.69626,-1.58692
1918,4.69626,-1.58692
1919,4.69626,-1.58692
1920,4.69626,-1.58692
1921,4.69626,-1.58692
1922,4.69626,-1.58692
1923,4.69626,-1.58692
1924,4.69626,-1.58692
1925,4.69626,-1.58692
1926,4.69626,-1.58692
1927,4.69626,-1.58692
1928,4.69626,-1.58692
1929,4.69626,-1.58692
1930,4.69626,-1.58692
1931,4.69626,-1.58692
1932,4.69626,-1.58692
1933,4.69626,-1.58692
1934,4.69626,-1.58692
1935,4.69626,-1.58692
1936,4.69626,-1.58692
1937,4.69626,-1.58692
1938,4.69626,-1.58692
1939,4.69626,-1.58692
1940,4.69626,-1.58692
1941,4.69626,-1.58692
1942,4.69626,-1.58692
1943,4.69626,-1.58692
1944,4.69626,-1.58692
1945,4.69626,-1.58692
