#Grabcut execution time: 0s 346ms 346992us 
0.0000              115.2405            
1.0000              69.6193             
2.0000              65.8427             
3.0000              66.4637             
4.0000              67.1843             
5.0000              67.8267             
6.0000              67.7792             
7.0000              67.4193             
8.0000              67.4372             
9.0000              68.5291             
10.0000             67.4047             
11.0000             68.6275             
12.0000             68.0722             
13.0000             68.7072             
14.0000             67.9101             
15.0000             67.9215             
16.0000             67.6561             
17.0000             67.7585             
18.0000             67.9417             
19.0000             67.2511             
20.0000             67.6179             
21.0000             68.3599             
22.0000             67.8805             
23.0000             68.2641             
24.0000             68.1765             
25.0000             67.4438             
26.0000             68.2542             
27.0000             68.5859             
28.0000             67.7974             
29.0000             67.5581             
30.0000             67.9714             
31.0000             67.9714             
#Execution time: 114s 114262ms 114262857us 
