#Grabcut execution time: 0s 343ms 343585us 
0.0000              169.4375            
1.0000              11.8210             
2.0000              7.6165              
3.0000              6.3343              
4.0000              5.6670              
5.0000              5.2771              
6.0000              4.8915              
7.0000              4.7495              
8.0000              4.5398              
9.0000              4.4906              
10.0000             4.4230              
11.0000             4.2712              
12.0000             4.2201              
13.0000             4.1187              
14.0000             3.8688              
15.0000             3.8714              
16.0000             3.6956              
17.0000             3.6314              
18.0000             3.5840              
19.0000             3.5125              
20.0000             3.3590              
21.0000             3.3871              
22.0000             3.2645              
23.0000             3.2007              
24.0000             3.0265              
25.0000             3.0855              
26.0000             3.0008              
27.0000             2.9118              
28.0000             2.8777              
29.0000             2.8926              
30.0000             2.8341              
31.0000             2.8341              
#Execution time: 14s 14232ms 14232878us 
