#Grabcut execution time: 0s 358ms 358845us 
0.0000              60.2498             
1.0000              60.9739             
2.0000              60.6587             
3.0000              60.9664             
4.0000              61.2853             
5.0000              61.4448             
6.0000              61.5798             
7.0000              61.9364             
8.0000              62.0749             
9.0000              62.1305             
10.0000             62.1850             
11.0000             62.2645             
12.0000             62.3545             
13.0000             62.4482             
14.0000             62.4875             
15.0000             62.6058             
16.0000             62.7026             
17.0000             62.7569             
18.0000             62.8739             
19.0000             62.9718             
20.0000             63.1037             
21.0000             63.2456             
22.0000             63.3878             
23.0000             63.4333             
24.0000             63.5577             
25.0000             63.6559             
26.0000             63.7364             
27.0000             63.8318             
28.0000             63.9243             
29.0000             64.0257             
30.0000             64.1364             
31.0000             64.1364             
#Execution time: 158s 158900ms 158900967us 
