#Grabcut execution time: 0s 351ms 351420us 
0.0000              102.8101            
1.0000              102.8101            
2.0000              102.4970            
3.0000              102.4379            
4.0000              102.3947            
5.0000              102.3684            
6.0000              102.3530            
7.0000              102.3442            
8.0000              102.3366            
9.0000              102.3339            
10.0000             102.3335            
11.0000             102.3335            
12.0000             102.3335            
13.0000             102.3335            
14.0000             102.3335            
15.0000             102.3335            
16.0000             102.3335            
17.0000             102.3335            
18.0000             102.3335            
19.0000             102.3335            
20.0000             102.3335            
21.0000             102.3335            
22.0000             102.3335            
23.0000             102.3335            
24.0000             102.3335            
25.0000             102.3335            
26.0000             102.3335            
27.0000             102.3335            
28.0000             102.3335            
29.0000             102.3335            
30.0000             102.3335            
31.0000             102.3335            
#Execution time: 33s 33417ms 33417050us 
