#Grabcut execution time: 0s 341ms 341651us 
0.0000              206.1565            
1.0000              186.4787            
2.0000              184.0576            
3.0000              185.1868            
4.0000              185.4002            
5.0000              187.0104            
6.0000              186.3671            
7.0000              187.6716            
8.0000              186.8304            
9.0000              187.4836            
10.0000             186.9699            
11.0000             187.4418            
12.0000             187.1934            
13.0000             187.3349            
14.0000             187.1937            
15.0000             187.3315            
16.0000             187.1298            
17.0000             187.3383            
18.0000             187.1416            
19.0000             187.3578            
20.0000             187.1246            
21.0000             187.3579            
22.0000             187.1246            
23.0000             187.3579            
24.0000             187.1246            
25.0000             187.3579            
26.0000             187.1246            
27.0000             187.3579            
28.0000             187.1246            
29.0000             187.3579            
30.0000             187.1246            
31.0000             187.1246            
#Execution time: 37s 37043ms 37043828us 
