n,tangent,t2
0,5.40713,-0.876058
1,5.40713,-0.876058
2,5.40713,-0.876058
3,5.40713,-0.876058
4,5.40713,-0.876058
5,5.40713,-0.876058
6,5.40713,-0.876058
7,5.40713,-0.876058
8,5.40713,-0.876058
9,5.58845,-0.694738
10,5.58845,-0.694738
11,5.58845,-0.694738
12,5.58845,-0.694738
13,5.74277,-0.54042
14,5.74277,-0.54042
15,5.90268,-0.380506
16,5.90268,-0.380506
17,5.90268,-0.380506
18,0.321751,0.321751
19,0.321751,0.321751
20,0.321751,0.321751
21,5.30039,-0.982794
22,5.30039,-0.982794
23,5.04445,-1.23874
24,5.04445,-1.23874
25,5.04445,-1.23874
26,5.04445,-1.23874
27,5.04445,-1.23874
28,5.04445,-1.23874
29,5.04445,-1.23874
30,5.04445,-1.23874
31,5.04445,-1.23874
32,5.04445,-1.23874
33,5.04445,-1.23874
34,5.04445,-1.23874
35,5.04445,-1.23874
36,5.04445,-1.23874
37,5.04445,-1.23874
38,5.04445,-1.23874
39,5.04445,-1.23874
40,5.04445,-1.23874
41,5.04445,-1.23874
42,5.04445,-1.23874
43,5.04445,-1.23874
44,5.04445,-1.23874
45,5.04445,-1.23874
46,5.04445,-1.23874
47,5.04445,-1.23874
48,5.04445,-1.23874
49,5.04445,-1.23874
50,5.02339,-1.2598
51,5.02339,-1.2598
52,5.02339,-1.2598
53,5.02339,-1.2598
54,5.02339,-1.2598
55,5.02339,-1.2598
56,5.02339,-1.2598
57,5.02339,-1.2598
58,5.02339,-1.2598
59,5.02339,-1.2598
60,5.02339,-1.2598
61,5.02339,-1.2598
62,5.02339,-1.2598
63,5.02339,-1.2598
64,5.02339,-1.2598
65,5.02339,-1.2598
66,5.02339,-1.2598
67,5.02339,-1.2598
68,5.02339,-1.2598
69,5.02339,-1.2598
70,5.06116,-1.22203
71,5.06116,-1.22203
72,5.06116,-1.22203
73,5.06116,-1.22203
74,5.06116,-1.22203
75,5.06116,-1.22203
76,5.06116,-1.22203
77,5.06116,-1.22203
78,5.02529,-1.2579
79,5.02529,-1.2579
80,5.02529,-1.2579
81,5.02529,-1.2579
82,5.02529,-1.2579
83,5.02529,-1.2579
84,5.02529,-1.2579
85,5.02529,-1.2579
86,5.02529,-1.2579
87,5.02529,-1.2579
88,5.02529,-1.2579
89,5.02529,-1.2579
90,5.02529,-1.2579
91,5.02529,-1.2579
92,5.02529,-1.2579
93,5.02529,-1.2579
94,5.02529,-1.2579
95,5.02529,-1.2579
96,5.02529,-1.2579
97,5.02529,-1.2579
98,5.02529,-1.2579
99,5.02529,-1.2579
100,5.02529,-1.2579
101,5.02529,-1.2579
102,5.02529,-1.2579
103,5.02529,-1.2579
104,5.02529,-1.2579
105,5.02529,-1.2579
106,5.02529,-1.2579
107,5.02529,-1.2579
108,5.02529,-1.2579
109,5.02529,-1.2579
110,5.02529,-1.2579
111,5.02529,-1.2579
112,5.02529,-1.2579
113,5.02529,-1.2579
114,5.02529,-1.2579
115,5.02529,-1.2579
116,5.02529,-1.2579
117,5.02529,-1.2579
118,5.02529,-1.2579
119,5.02529,-1.2579
120,5.02529,-1.2579
121,5.02529,-1.2579
122,5.02529,-1.2579
123,5.02529,-1.2579
124,5.02529,-1.2579
125,5.02529,-1.2579
126,5.30039,-0.982794
127,5.30039,-0.982794
128,5.30039,-0.982794
129,1.3734,1.3734
130,1.3734,1.3734
131,1.3734,1.3734
132,1.78947,1.78947
133,1.78947,1.78947
134,1.78947,1.78947
135,1.78947,1.78947
136,1.78947,1.78947
137,1.83705,1.83705
138,1.83705,1.83705
139,1.87885,1.87885
140,1.87885,1.87885
141,1.87885,1.87885
142,1.87885,1.87885
143,1.87885,1.87885
144,1.87885,1.87885
145,1.87885,1.87885
146,1.87885,1.87885
147,1.87885,1.87885
148,1.87885,1.87885
149,1.87885,1.87885
150,1.87885,1.87885
151,1.87885,1.87885
152,1.87885,1.87885
153,1.87885,1.87885
154,1.87885,1.87885
155,1.87885,1.87885
156,1.87885,1.87885
157,1.87885,1.87885
158,1.87885,1.87885
159,1.87885,1.87885
160,1.87885,1.87885
161,1.87885,1.87885
162,1.87885,1.87885
163,1.87885,1.87885
164,1.87885,1.87885
165,1.87885,1.87885
166,1.87885,1.87885
167,1.87885,1.87885
168,1.87885,1.87885
169,1.87885,1.87885
170,1.92957,1.92957
171,1.92957,1.92957
172,1.92957,1.92957
173,1.92957,1.92957
174,1.92957,1.92957
175,1.92957,1.92957
176,1.92957,1.92957
177,1.92957,1.92957
178,1.8491,1.8491
179,1.8491,1.8491
180,1.8491,1.8491
181,1.8491,1.8491
182,1.8491,1.8491
183,1.8491,1.8491
184,1.9513,1.9513
185,1.9513,1.9513
186,1.9513,1.9513
187,1.9513,1.9513
188,1.81577,1.81577
189,1.81577,1.81577
190,1.81577,1.81577
191,1.81577,1.81577
192,1.9513,1.9513
193,1.9513,1.9513
194,1.9513,1.9513
195,1.9513,1.9513
196,1.8693,1.8693
197,1.8693,1.8693
198,1.8693,1.8693
199,1.8693,1.8693
200,1.8693,1.8693
201,1.8693,1.8693
202,1.8693,1.8693
203,1.8693,1.8693
204,1.8693,1.8693
205,1.8693,1.8693
206,1.8693,1.8693
207,1.8693,1.8693
208,1.8693,1.8693
209,1.8693,1.8693
210,1.8693,1.8693
211,1.8693,1.8693
212,1.8693,1.8693
213,1.8693,1.8693
214,1.8693,1.8693
215,1.8693,1.8693
216,1.8693,1.8693
217,1.8693,1.8693
218,1.8693,1.8693
219,1.8693,1.8693
220,1.8693,1.8693
221,1.8693,1.8693
222,1.8693,1.8693
223,1.8693,1.8693
224,1.8693,1.8693
225,1.8693,1.8693
226,1.8693,1.8693
227,1.8693,1.8693
228,1.8693,1.8693
229,1.8693,1.8693
230,1.8693,1.8693
231,1.8693,1.8693
232,1.24905,1.24905
233,0.982794,0.982794
234,0.588003,0.588003
235,0.588003,0.588003
236,0.588003,0.588003
237,0.588003,0.588003
238,0.982794,0.982794
239,0.982794,0.982794
240,0.982794,0.982794
241,0.982794,0.982794
242,0.982794,0.982794
243,0.982794,0.982794
244,5.17604,-1.10715
245,5.17604,-1.10715
246,5.96143,-0.321751
247,5.96143,-0.321751
248,0.321751,0.321751
249,0.588003,0.588003
250,0.927295,0.927295
251,0.927295,0.927295
252,0.927295,0.927295
253,0.927295,0.927295
254,0.927295,0.927295
255,0.643501,0.643501
256,0.643501,0.643501
257,0.197396,0.197396
258,0.197396,0.197396
259,0.197396,0.197396
260,0.197396,0.197396
261,0.197396,0.197396
262,0.380506,0.380506
263,0.380506,0.380506
264,0.54042,0.54042
265,0.54042,0.54042
266,0.54042,0.54042
267,0.54042,0.54042
268,0.165149,0.165149
269,0.165149,0.165149
270,0.165149,0.165149
271,0.165149,0.165149
272,0.165149,0.165149
273,0.165149,0.165149
274,0.291457,0.291457
275,0.291457,0.291457
276,0.291457,0.291457
277,0.291457,0.291457
278,0.291457,0.291457
279,0.291457,0.291457
280,0.291457,0.291457
281,0.291457,0.291457
282,0.291457,0.291457
283,0.291457,0.291457
284,6.03821,-0.244979
285,6.03821,-0.244979
286,6.03821,-0.244979
287,6.03821,-0.244979
288,0.244979,0.244979
289,0.244979,0.244979
290,0.588003,0.588003
291,0.982794,0.982794
292,0.982794,0.982794
293,0.982794,0.982794
294,0.982794,0.982794
295,0.982794,0.982794
296,0.982794,0.982794
297,5.49779,-0.785398
298,5.49779,-0.785398
299,5.49779,-0.785398
300,5.49779,-0.785398
301,0.694738,0.694738
302,0.694738,0.694738
303,0.694738,0.694738
304,0.694738,0.694738
305,0.694738,0.694738
306,0.694738,0.694738
307,0.694738,0.694738
308,0.694738,0.694738
309,0.694738,0.694738
310,0.321751,0.321751
311,0.321751,0.321751
312,6.08579,-0.197396
313,6.08579,-0.197396
314,6.08579,-0.197396
315,6.08579,-0.197396
316,6.08579,-0.197396
317,0.197396,0.197396
318,0.197396,0.197396
319,0.694738,0.694738
320,0.694738,0.694738
321,0.694738,0.694738
322,0.694738,0.694738
323,0.694738,0.694738
324,0.694738,0.694738
325,0.694738,0.694738
326,0.694738,0.694738
327,0.694738,0.694738
328,0.605545,0.605545
329,0.605545,0.605545
330,0.605545,0.605545
331,0.605545,0.605545
332,0.605545,0.605545
333,0.605545,0.605545
334,0.605545,0.605545
335,0.605545,0.605545
336,0.605545,0.605545
337,0.605545,0.605545
338,0.605545,0.605545
339,0.605545,0.605545
340,0.605545,0.605545
341,0.605545,0.605545
342,0.605545,0.605545
343,0.380506,0.380506
344,0.380506,0.380506
345,0.380506,0.380506
346,0.380506,0.380506
347,0.380506,0.380506
348,0.380506,0.380506
349,0.380506,0.380506
350,0.380506,0.380506
351,5.81954,-0.463648
352,5.13061,-1.15257
353,5.13061,-1.15257
354,5.13061,-1.15257
355,5.13061,-1.15257
356,5.13061,-1.15257
357,5.13061,-1.15257
358,5.13061,-1.15257
359,5.13061,-1.15257
360,5.13061,-1.15257
361,4.90978,-1.3734
362,4.90978,-1.3734
363,4.90978,-1.3734
364,4.90978,-1.3734
365,4.90978,-1.3734
366,4.90978,-1.3734
367,4.90978,-1.3734
368,4.90978,-1.3734
369,4.90978,-1.3734
370,4.90978,-1.3734
371,4.90978,-1.3734
372,5.01089,-1.2723
373,5.01089,-1.2723
374,5.01089,-1.2723
375,5.01089,-1.2723
376,5.01089,-1.2723
377,5.01089,-1.2723
378,5.01089,-1.2723
379,5.01089,-1.2723
380,5.01089,-1.2723
381,5.01089,-1.2723
382,5.01089,-1.2723
383,5.01089,-1.2723
384,5.25281,-1.03038
385,5.25281,-1.03038
386,5.25281,-1.03038
387,5.25281,-1.03038
388,5.25281,-1.03038
389,5.0929,-1.19029
390,5.0929,-1.19029
391,5.0929,-1.19029
392,5.0929,-1.19029
393,5.30039,-0.982794
394,5.30039,-0.982794
395,5.30039,-0.982794
396,4.97864,-1.30454
397,4.97864,-1.30454
398,4.97864,-1.30454
399,4.97864,-1.30454
400,4.97864,-1.30454
401,4.97864,-1.30454
402,4.97864,-1.30454
403,4.93106,-1.35213
404,4.93106,-1.35213
405,4.93106,-1.35213
406,4.93106,-1.35213
407,4.93106,-1.35213
408,4.93106,-1.35213
409,4.93106,-1.35213
410,5.00385,-1.27934
411,5.00385,-1.27934
412,5.00385,-1.27934
413,5.00385,-1.27934
414,5.00385,-1.27934
415,5.00385,-1.27934
416,5.00385,-1.27934
417,5.00385,-1.27934
418,5.00385,-1.27934
419,4.90978,-1.3734
420,4.90978,-1.3734
421,4.90978,-1.3734
422,4.51499,-1.76819
423,4.51499,-1.76819
424,4.12439,-2.1588
425,4.12439,-2.1588
426,4.12439,-2.1588
427,4.12439,-2.1588
428,4.12439,-2.1588
429,4.12439,-2.1588
430,4.12439,-2.1588
431,4.12439,-2.1588
432,4.46741,-1.81577
433,4.46741,-1.81577
434,4.46741,-1.81577
435,4.46741,-1.81577
436,4.12439,-2.1588
437,4.12439,-2.1588
438,4.12439,-2.1588
439,4.39064,-1.89255
440,4.39064,-1.89255
441,4.39064,-1.89255
442,4.03765,-2.24554
443,4.03765,-2.24554
444,4.03765,-2.24554
445,4.03765,-2.24554
446,4.03765,-2.24554
447,4.03765,-2.24554
448,4.03765,-2.24554
449,4.19324,-2.08994
450,4.19324,-2.08994
451,4.19324,-2.08994
452,4.19324,-2.08994
453,4.19324,-2.08994
454,4.19324,-2.08994
455,4.19324,-2.08994
456,4.19324,-2.08994
457,4.15379,-2.1294
458,4.15379,-2.1294
459,4.15379,-2.1294
460,4.1101,-2.17308
461,4.1101,-2.17308
462,4.1101,-2.17308
463,4.1101,-2.17308
464,4.1101,-2.17308
465,4.1101,-2.17308
466,4.1101,-2.17308
467,4.1101,-2.17308
468,4.1101,-2.17308
469,4.1101,-2.17308
470,4.1101,-2.17308
471,4.1101,-2.17308
472,4.1101,-2.17308
473,4.1101,-2.17308
474,4.1101,-2.17308
475,4.1101,-2.17308
476,4.1101,-2.17308
477,4.1101,-2.17308
478,4.1101,-2.17308
479,4.1101,-2.17308
480,4.1101,-2.17308
481,4.1101,-2.17308
482,4.1101,-2.17308
483,4.1101,-2.17308
484,4.1101,-2.17308
485,4.1101,-2.17308
486,4.1101,-2.17308
487,4.1101,-2.17308
488,4.1101,-2.17308
489,4.1101,-2.17308
490,4.1101,-2.17308
491,4.1101,-2.17308
492,4.1101,-2.17308
493,4.1101,-2.17308
494,4.1101,-2.17308
495,4.1101,-2.17308
496,4.1101,-2.17308
497,4.15379,-2.1294
498,4.15379,-2.1294
499,4.15379,-2.1294
500,4.15379,-2.1294
501,4.35362,-1.92957
502,4.35362,-1.92957
503,4.35362,-1.92957
504,4.43409,-1.8491
505,4.43409,-1.8491
506,4.58803,-1.69515
507,4.58803,-1.69515
508,4.58803,-1.69515
509,4.58803,-1.69515
510,4.83674,-1.44644
511,4.83674,-1.44644
512,4.83674,-1.44644
513,4.83674,-1.44644
514,4.89224,-1.39094
515,4.89224,-1.39094
516,4.89224,-1.39094
517,4.89224,-1.39094
518,4.89224,-1.39094
519,4.89224,-1.39094
520,5.103,-1.18019
521,5.103,-1.18019
522,5.103,-1.18019
523,5.103,-1.18019
524,5.103,-1.18019
525,5.103,-1.18019
526,5.103,-1.18019
527,5.103,-1.18019
528,5.103,-1.18019
529,5.103,-1.18019
530,5.103,-1.18019
531,5.103,-1.18019
532,5.103,-1.18019
533,5.103,-1.18019
534,5.13902,-1.14417
535,5.13902,-1.14417
536,5.13902,-1.14417
537,5.13902,-1.14417
538,5.13902,-1.14417
539,5.13902,-1.14417
540,5.13902,-1.14417
541,5.13902,-1.14417
542,5.13902,-1.14417
543,5.13902,-1.14417
544,5.13902,-1.14417
545,5.13902,-1.14417
546,5.13902,-1.14417
547,5.13902,-1.14417
548,5.13902,-1.14417
549,5.13902,-1.14417
550,5.13902,-1.14417
551,5.13902,-1.14417
552,5.20235,-1.08084
553,5.20235,-1.08084
554,5.20235,-1.08084
555,5.20235,-1.08084
556,5.20235,-1.08084
557,5.20235,-1.08084
558,5.20235,-1.08084
559,5.20235,-1.08084
560,5.20235,-1.08084
561,5.20235,-1.08084
562,5.20235,-1.08084
563,5.20235,-1.08084
564,5.20235,-1.08084
565,5.14902,-1.13417
566,5.14902,-1.13417
567,5.14902,-1.13417
568,5.14902,-1.13417
569,5.14902,-1.13417
570,5.14902,-1.13417
571,5.14902,-1.13417
572,5.14902,-1.13417
573,5.14902,-1.13417
574,5.07116,-1.21203
575,5.07116,-1.21203
576,5.07116,-1.21203
577,5.07116,-1.21203
578,5.07116,-1.21203
579,5.07116,-1.21203
580,5.07116,-1.21203
581,5.07116,-1.21203
582,5.07116,-1.21203
583,5.25281,-1.03038
584,5.35589,-0.927295
585,5.35589,-0.927295
586,5.35589,-0.927295
587,5.35589,-0.927295
588,5.35589,-0.927295
589,5.20633,-1.07685
590,5.20633,-1.07685
591,5.20633,-1.07685
592,5.20633,-1.07685
593,5.20633,-1.07685
594,5.20633,-1.07685
595,5.20633,-1.07685
596,5.20633,-1.07685
597,5.20633,-1.07685
598,5.20633,-1.07685
599,5.20633,-1.07685
600,5.20633,-1.07685
601,5.20633,-1.07685
602,5.20633,-1.07685
603,5.20633,-1.07685
604,5.20633,-1.07685
605,4.24874,-2.03444
606,3.60524,-2.67795
607,3.60524,-2.67795
608,4.46741,-1.81577
609,4.46741,-1.81577
610,4.95737,-1.32582
611,4.95737,-1.32582
612,4.95737,-1.32582
613,4.95737,-1.32582
614,4.24874,-2.03444
615,3.60524,-2.67795
616,3.60524,-2.67795
617,3.60524,-2.67795
618,3.60524,-2.67795
619,2.67795,2.67795
620,2.03444,2.03444
621,2.03444,2.03444
622,2.67795,2.67795
623,3.68201,-2.60117
624,3.68201,-2.60117
625,3.68201,-2.60117
626,3.68201,-2.60117
627,3.78509,-2.49809
628,3.78509,-2.49809
629,4.06889,-2.2143
630,4.06889,-2.2143
631,4.39064,-1.89255
632,4.39064,-1.89255
633,5.03414,-1.24905
634,5.81954,-0.463648
635,5.81954,-0.463648
636,5.81954,-0.463648
637,3.78509,-2.49809
638,3.78509,-2.49809
639,3.78509,-2.49809
640,3.78509,-2.49809
641,3.78509,-2.49809
642,3.78509,-2.49809
643,4.39064,-1.89255
644,4.39064,-1.89255
645,4.39064,-1.89255
646,4.12439,-2.1588
647,3.68201,-2.60117
648,3.68201,-2.60117
649,3.68201,-2.60117
650,3.68201,-2.60117
651,3.68201,-2.60117
652,2.67795,2.67795
653,2.67795,2.67795
654,2.67795,2.67795
655,3.68201,-2.60117
656,3.68201,-2.60117
657,3.68201,-2.60117
658,3.68201,-2.60117
659,3.68201,-2.60117
660,3.5221,-2.76109
661,3.28349,-2.9997
662,3.28349,-2.9997
663,3.28349,-2.9997
664,3.28349,-2.9997
665,3.28349,-2.9997
666,3.28349,-2.9997
667,3.28349,-2.9997
668,3.7296,-2.55359
669,4.12439,-2.1588
670,4.39064,-1.89255
671,4.39064,-1.89255
672,4.39064,-1.89255
673,4.39064,-1.89255
674,2.35619,2.35619
675,2.35619,2.35619
676,2.35619,2.35619
677,2.35619,2.35619
678,4.51499,-1.76819
679,4.51499,-1.76819
680,4.51499,-1.76819
681,4.51499,-1.76819
682,4.51499,-1.76819
683,4.51499,-1.76819
684,4.51499,-1.76819
685,5.17604,-1.10715
686,5.17604,-1.10715
687,5.17604,-1.10715
688,5.17604,-1.10715
689,6.18352,-0.0996687
690,6.18352,-0.0996687
691,6.18352,-0.0996687
692,6.18352,-0.0996687
693,6.18352,-0.0996687
694,0.0949517,0.0949517
695,0.0949517,0.0949517
696,0.0949517,0.0949517
697,0.0949517,0.0949517
698,0.0949517,0.0949517
699,0.0949517,0.0949517
700,0.0949517,0.0949517
701,0.0949517,0.0949517
702,0.0949517,0.0949517
703,0.0949517,0.0949517
704,0.0949517,0.0949517
705,0.0949517,0.0949517
706,0.0949517,0.0949517
707,0.0949517,0.0949517
708,0.0949517,0.0949517
709,0.0949517,0.0949517
710,0.0949517,0.0949517
711,0.0665682,0.0665682
712,0.0665682,0.0665682
713,0.0665682,0.0665682
714,0.0665682,0.0665682
715,0.0665682,0.0665682
716,0.0665682,0.0665682
717,0.0665682,0.0665682
718,0.0665682,0.0665682
719,0.0665682,0.0665682
720,0.0665682,0.0665682
721,0.0665682,0.0665682
722,0.0665682,0.0665682
723,0.0665682,0.0665682
724,0.0665682,0.0665682
725,0.0665682,0.0665682
726,0.588003,0.588003
727,0.588003,0.588003
728,0.588003,0.588003
729,2.55359,2.55359
730,2.55359,2.55359
731,2.55359,2.55359
732,2.55359,2.55359
733,2.55359,2.55359
734,0.165149,0.165149
735,0.165149,0.165149
736,0.165149,0.165149
737,0.165149,0.165149
738,0.165149,0.165149
739,0.165149,0.165149
740,0.165149,0.165149
741,0.165149,0.165149
742,0.165149,0.165149
743,0.165149,0.165149
744,6.08579,-0.197396
745,6.08579,-0.197396
746,6.08579,-0.197396
747,3.38657,-2.89661
748,3.38657,-2.89661
749,3.38657,-2.89661
750,3.38657,-2.89661
751,4.24874,-2.03444
752,5.17604,-1.10715
753,6.03821,-0.244979
754,6.03821,-0.244979
755,6.03821,-0.244979
756,6.03821,-0.244979
757,6.03821,-0.244979
758,6.03821,-0.244979
759,0.643501,0.643501
760,0.643501,0.643501
761,0.643501,0.643501
762,0.643501,0.643501
763,0.643501,0.643501
764,0.643501,0.643501
765,0.643501,0.643501
766,1.24905,1.24905
767,1.24905,1.24905
768,1.24905,1.24905
769,0.244979,0.244979
770,0.244979,0.244979
771,6.03821,-0.244979
772,6.03821,-0.244979
773,5.69518,-0.588003
774,5.30039,-0.982794
775,5.30039,-0.982794
776,4.24874,-2.03444
777,4.24874,-2.03444
778,4.24874,-2.03444
779,5.81954,-0.463648
780,0.321751,0.321751
781,0.321751,0.321751
782,0.321751,0.321751
783,0.321751,0.321751
784,5.96143,-0.321751
785,5.96143,-0.321751
786,3.92699,-2.35619
787,3.92699,-2.35619
788,6.2306,-0.0525831
789,6.2306,-0.0525831
790,6.2306,-0.0525831
791,6.2306,-0.0525831
792,6.2306,-0.0525831
793,6.2306,-0.0525831
794,6.2306,-0.0525831
795,6.2306,-0.0525831
796,6.2306,-0.0525831
797,6.2306,-0.0525831
798,0.0525831,0.0525831
799,0.0525831,0.0525831
800,0.0525831,0.0525831
801,0.0525831,0.0525831
802,0.0525831,0.0525831
803,0.0525831,0.0525831
804,0.0525831,0.0525831
805,0.0525831,0.0525831
806,0.0525831,0.0525831
807,1.24905,1.24905
808,1.24905,1.24905
809,1.24905,1.24905
810,0.982794,0.982794
811,0.982794,0.982794
812,0.982794,0.982794
813,0.982794,0.982794
814,2.1588,2.1588
815,2.1588,2.1588
816,2.1588,2.1588
817,2.1588,2.1588
818,1.89255,1.89255
819,1.89255,1.89255
820,1.89255,1.89255
821,2.2143,2.2143
822,2.2143,2.2143
823,2.49809,2.49809
824,2.49809,2.49809
825,2.49809,2.49809
826,2.49809,2.49809
827,1.69515,1.69515
828,1.69515,1.69515
829,1.69515,1.69515
830,1.69515,1.69515
831,1.69515,1.69515
832,1.69515,1.69515
833,1.69515,1.69515
834,1.69515,1.69515
835,1.8491,1.8491
836,1.8491,1.8491
837,1.92957,1.92957
838,1.92957,1.92957
839,1.92957,1.92957
840,1.92957,1.92957
841,1.92957,1.92957
842,1.92957,1.92957
843,1.71269,1.71269
844,1.71269,1.71269
845,1.71269,1.71269
846,1.71269,1.71269
847,1.71269,1.71269
848,1.71269,1.71269
849,1.71269,1.71269
850,1.98902,1.98902
851,1.98902,1.98902
852,1.98902,1.98902
853,1.98902,1.98902
854,1.98902,1.98902
855,1.98902,1.98902
856,1.98902,1.98902
857,1.98902,1.98902
858,1.98902,1.98902
859,1.98902,1.98902
860,1.71269,1.71269
861,1.71269,1.71269
862,1.71269,1.71269
863,1.71269,1.71269
864,1.71269,1.71269
865,1.71269,1.71269
866,1.71269,1.71269
867,1.75065,1.75065
868,1.75065,1.75065
869,1.75065,1.75065
870,1.75065,1.75065
871,1.75065,1.75065
872,1.75065,1.75065
873,1.8491,1.8491
874,1.8491,1.8491
875,1.92957,1.92957
876,1.92957,1.92957
877,2.00742,2.00742
878,2.00742,2.00742
879,2.00742,2.00742
880,2.00742,2.00742
881,2.00742,2.00742
882,2.00742,2.00742
883,2.00742,2.00742
884,2.00742,2.00742
885,2.00742,2.00742
886,2.06075,2.06075
887,2.06075,2.06075
888,2.06075,2.06075
889,2.06075,2.06075
890,2.06075,2.06075
891,2.06075,2.06075
892,2.06075,2.06075
893,2.06075,2.06075
894,2.06075,2.06075
895,2.14213,2.14213
896,2.14213,2.14213
897,2.14213,2.14213
898,2.14213,2.14213
899,2.14213,2.14213
900,2.14213,2.14213
901,2.14213,2.14213
902,2.14213,2.14213
903,2.17634,2.17634
904,2.17634,2.17634
905,2.17634,2.17634
906,2.17634,2.17634
907,2.17634,2.17634
908,2.17634,2.17634
909,2.17634,2.17634
910,2.26553,2.26553
911,2.26553,2.26553
912,2.26553,2.26553
913,2.26553,2.26553
914,2.26553,2.26553
915,2.26553,2.26553
916,2.26553,2.26553
917,2.26553,2.26553
918,2.26553,2.26553
919,1.81577,1.81577
920,1.81577,1.81577
921,1.81577,1.81577
922,1.81577,1.81577
923,1.9513,1.9513
924,1.9513,1.9513
925,1.9513,1.9513
926,1.9513,1.9513
927,1.9513,1.9513
928,1.9513,1.9513
929,1.24905,1.24905
930,0.588003,0.588003
931,0.588003,0.588003
932,0.588003,0.588003
933,0.822418,0.822418
934,0.822418,0.822418
935,0.822418,0.822418
936,0.822418,0.822418
937,0.822418,0.822418
938,0.822418,0.822418
939,0.822418,0.822418
940,0.822418,0.822418
941,0.822418,0.822418
942,0.822418,0.822418
943,0.822418,0.822418
944,0.822418,0.822418
945,0.822418,0.822418
946,0.822418,0.822418
947,0.822418,0.822418
948,0.822418,0.822418
949,0.822418,0.822418
950,0.822418,0.822418
951,0.822418,0.822418
952,0.822418,0.822418
953,0.822418,0.822418
954,0.822418,0.822418
955,0.822418,0.822418
956,0.822418,0.822418
957,0.822418,0.822418
958,0.822418,0.822418
959,0.822418,0.822418
960,0.822418,0.822418
961,4.79553,-1.48766
962,4.79553,-1.48766
963,4.79553,-1.48766
964,4.79553,-1.48766
965,4.79553,-1.48766
966,4.79553,-1.48766
967,4.79553,-1.48766
968,4.79553,-1.48766
969,4.79553,-1.48766
970,4.79553,-1.48766
971,4.79553,-1.48766
972,4.79553,-1.48766
973,4.84494,-1.43824
974,4.84494,-1.43824
975,4.84494,-1.43824
976,4.84494,-1.43824
977,4.84494,-1.43824
978,4.84494,-1.43824
979,4.84494,-1.43824
980,4.84494,-1.43824
981,4.94348,-1.33971
982,4.94348,-1.33971
983,4.94348,-1.33971
984,4.94348,-1.33971
985,4.94348,-1.33971
986,4.94348,-1.33971
987,4.94348,-1.33971
988,4.94348,-1.33971
989,4.96971,-1.31347
990,4.96971,-1.31347
991,4.96971,-1.31347
992,4.96971,-1.31347
993,4.96971,-1.31347
994,4.96971,-1.31347
995,4.96971,-1.31347
996,4.96971,-1.31347
997,4.96971,-1.31347
998,5.07116,-1.21203
999,5.07116,-1.21203
1000,5.11728,-1.1659
1001,5.11728,-1.1659
1002,5.11728,-1.1659
1003,5.23154,-1.05165
1004,5.23154,-1.05165
1005,5.23154,-1.05165
1006,5.27099,-1.0122
1007,5.27099,-1.0122
1008,5.27099,-1.0122
1009,5.33264,-0.950547
1010,5.33264,-0.950547
1011,5.43122,-0.851966
1012,5.43122,-0.851966
1013,5.43122,-0.851966
1014,5.43122,-0.851966
1015,5.43122,-0.851966
1016,5.43122,-0.851966
1017,5.43122,-0.851966
1018,5.43122,-0.851966
1019,5.43122,-0.851966
1020,5.43122,-0.851966
1021,5.43122,-0.851966
1022,5.43122,-0.851966
1023,5.43122,-0.851966
1024,4.87754,-1.40565
1025,4.87754,-1.40565
1026,4.87754,-1.40565
1027,4.87754,-1.40565
1028,4.87754,-1.40565
1029,4.87754,-1.40565
1030,5.14902,-1.13417
1031,5.14902,-1.13417
1032,5.14902,-1.13417
1033,5.14902,-1.13417
1034,5.14902,-1.13417
1035,5.14902,-1.13417
1036,5.14902,-1.13417
1037,5.14902,-1.13417
1038,5.14902,-1.13417
1039,5.20235,-1.08084
1040,5.20235,-1.08084
1041,5.20235,-1.08084
1042,5.20235,-1.08084
1043,5.20235,-1.08084
1044,5.20235,-1.08084
1045,5.20235,-1.08084
1046,5.20235,-1.08084
1047,5.20235,-1.08084
1048,5.20235,-1.08084
1049,5.20235,-1.08084
1050,5.20235,-1.08084
1051,5.20235,-1.08084
1052,5.20235,-1.08084
1053,5.11728,-1.1659
1054,5.11728,-1.1659
1055,5.11728,-1.1659
1056,5.11728,-1.1659
1057,5.11728,-1.1659
1058,5.11728,-1.1659
1059,5.11728,-1.1659
1060,5.11728,-1.1659
1061,5.11728,-1.1659
1062,5.11728,-1.1659
1063,5.11728,-1.1659
1064,5.00385,-1.27934
1065,5.00385,-1.27934
1066,5.00385,-1.27934
1067,5.00385,-1.27934
1068,5.00385,-1.27934
1069,5.00385,-1.27934
1070,5.00385,-1.27934
1071,5.00385,-1.27934
1072,5.06116,-1.22203
1073,5.06116,-1.22203
1074,5.06116,-1.22203
1075,5.06116,-1.22203
1076,5.11728,-1.1659
1077,5.11728,-1.1659
1078,5.11728,-1.1659
1079,5.11728,-1.1659
1080,5.11728,-1.1659
1081,5.11728,-1.1659
1082,5.11728,-1.1659
1083,5.11728,-1.1659
1084,5.11728,-1.1659
1085,5.11728,-1.1659
1086,5.23154,-1.05165
1087,5.23154,-1.05165
1088,5.23154,-1.05165
1089,5.23154,-1.05165
1090,5.23154,-1.05165
1091,5.23154,-1.05165
1092,5.11728,-1.1659
1093,5.11728,-1.1659
1094,5.11728,-1.1659
1095,5.11728,-1.1659
1096,5.11728,-1.1659
1097,4.39064,-1.89255
1098,3.46334,-2.81984
1099,3.46334,-2.81984
1100,3.46334,-2.81984
1101,3.7296,-2.55359
1102,3.7296,-2.55359
1103,3.7296,-2.55359
1104,5.49779,-0.785398
1105,5.49779,-0.785398
1106,3.38657,-2.89661
1107,3.38657,-2.89661
1108,3.38657,-2.89661
1109,3.38657,-2.89661
1110,3.7296,-2.55359
1111,3.7296,-2.55359
1112,3.7296,-2.55359
1113,5.17604,-1.10715
1114,5.17604,-1.10715
1115,4.12439,-2.1588
1116,4.12439,-2.1588
1117,3.7296,-2.55359
1118,3.7296,-2.55359
1119,3.7296,-2.55359
1120,3.7296,-2.55359
1121,3.7296,-2.55359
1122,3.7296,-2.55359
1123,3.7296,-2.55359
1124,3.7296,-2.55359
1125,3.7296,-2.55359
1126,5.81954,-0.463648
1127,5.81954,-0.463648
1128,5.81954,-0.463648
1129,3.7296,-2.55359
1130,3.7296,-2.55359
1131,3.7296,-2.55359
1132,3.7296,-2.55359
1133,3.7296,-2.55359
1134,3.7296,-2.55359
1135,2.67795,2.67795
1136,2.67795,2.67795
1137,3.78509,-2.49809
1138,3.78509,-2.49809
1139,3.78509,-2.49809
1140,3.78509,-2.49809
1141,3.78509,-2.49809
1142,3.78509,-2.49809
1143,3.41989,-2.86329
1144,3.41989,-2.86329
1145,3.41989,-2.86329
1146,3.41989,-2.86329
1147,3.41989,-2.86329
1148,3.41989,-2.86329
1149,3.41989,-2.86329
1150,3.41989,-2.86329
1151,3.41989,-2.86329
1152,3.41989,-2.86329
1153,2.35619,2.35619
1154,2.35619,2.35619
1155,4.12439,-2.1588
1156,4.12439,-2.1588
1157,4.46741,-1.81577
1158,4.46741,-1.81577
1159,4.46741,-1.81577
1160,4.46741,-1.81577
1161,4.46741,-1.81577
1162,2.03444,2.03444
1163,2.03444,2.03444
1164,2.03444,2.03444
1165,2.03444,2.03444
1166,2.03444,2.03444
1167,2.03444,2.03444
1168,4.51499,-1.76819
1169,4.51499,-1.76819
1170,4.51499,-1.76819
1171,4.51499,-1.76819
1172,4.51499,-1.76819
1173,4.51499,-1.76819
1174,4.51499,-1.76819
1175,5.17604,-1.10715
1176,5.81954,-0.463648
1177,5.81954,-0.463648
1178,5.81954,-0.463648
1179,3.92699,-2.35619
1180,3.92699,-2.35619
1181,6.17253,-0.110657
1182,6.17253,-0.110657
1183,6.17253,-0.110657
1184,6.17253,-0.110657
1185,6.17253,-0.110657
1186,6.17253,-0.110657
1187,6.17253,-0.110657
1188,6.17253,-0.110657
1189,6.17253,-0.110657
1190,6.17253,-0.110657
1191,6.17253,-0.110657
1192,6.17253,-0.110657
1193,0.104877,0.104877
1194,0.104877,0.104877
1195,0.104877,0.104877
1196,0.104877,0.104877
1197,0.104877,0.104877
1198,0.104877,0.104877
1199,0.104877,0.104877
1200,0.104877,0.104877
1201,0.104877,0.104877
1202,0.104877,0.104877
1203,0.104877,0.104877
1204,0.104877,0.104877
1205,0.0906599,0.0906599
1206,0.0906599,0.0906599
1207,0.0906599,0.0906599
1208,0.0906599,0.0906599
1209,0.0906599,0.0906599
1210,0.0906599,0.0906599
1211,0.0906599,0.0906599
1212,0.0906599,0.0906599
1213,0.0906599,0.0906599
1214,0.0906599,0.0906599
1215,0.0906599,0.0906599
1216,0.0906599,0.0906599
1217,0.0906599,0.0906599
1218,0.0906599,0.0906599
1219,0.0906599,0.0906599
1220,6.22077,-0.0624188
1221,6.22077,-0.0624188
1222,6.22077,-0.0624188
1223,6.22077,-0.0624188
1224,6.22077,-0.0624188
1225,6.22077,-0.0624188
1226,6.22077,-0.0624188
1227,6.22077,-0.0624188
1228,6.22077,-0.0624188
1229,6.22077,-0.0624188
1230,6.22077,-0.0624188
1231,6.22077,-0.0624188
1232,0.0624188,0.0624188
1233,0.0624188,0.0624188
1234,0.0624188,0.0624188
1235,0.0624188,0.0624188
1236,0.0624188,0.0624188
1237,0.0624188,0.0624188
1238,0.0624188,0.0624188
1239,0.0624188,0.0624188
1240,0.179853,0.179853
1241,0.179853,0.179853
1242,0.179853,0.179853
1243,0.179853,0.179853
1244,0.179853,0.179853
1245,0.179853,0.179853
1246,0.588003,0.588003
1247,0.588003,0.588003
1248,0.588003,0.588003
1249,0.588003,0.588003
1250,6.24321,-0.0399787
1251,6.24321,-0.0399787
1252,6.24321,-0.0399787
1253,6.24321,-0.0399787
1254,6.24321,-0.0399787
1255,6.24321,-0.0399787
1256,6.24321,-0.0399787
1257,6.24321,-0.0399787
1258,6.24321,-0.0399787
1259,6.24321,-0.0399787
1260,6.24321,-0.0399787
1261,6.24321,-0.0399787
1262,6.24321,-0.0399787
1263,6.24321,-0.0399787
1264,0.0399787,0.0399787
1265,0.0399787,0.0399787
1266,0.0399787,0.0399787
1267,0.0399787,0.0399787
1268,0.0399787,0.0399787
1269,0.0399787,0.0399787
1270,0.0399787,0.0399787
1271,0.0399787,0.0399787
1272,0.0399787,0.0399787
1273,0.0399787,0.0399787
1274,0.0399787,0.0399787
1275,0.0399787,0.0399787
1276,0.0512372,0.0512372
1277,0.0512372,0.0512372
1278,0.0512372,0.0512372
1279,0.0512372,0.0512372
1280,0.0512372,0.0512372
1281,0.0512372,0.0512372
1282,0.0512372,0.0512372
1283,0.0512372,0.0512372
1284,0.0512372,0.0512372
1285,0.0512372,0.0512372
1286,0.0512372,0.0512372
1287,0.0512372,0.0512372
1288,0.0512372,0.0512372
1289,0.0512372,0.0512372
1290,0.0512372,0.0512372
1291,0.0512372,0.0512372
1292,0.0512372,0.0512372
1293,0.0512372,0.0512372
1294,0.0512372,0.0512372
1295,0.0512372,0.0512372
1296,0.0512372,0.0512372
1297,2.55359,2.55359
1298,2.55359,2.55359
1299,2.55359,2.55359
1300,2.55359,2.55359
1301,1.98902,1.98902
1302,1.98902,1.98902
1303,1.98902,1.98902
1304,1.98902,1.98902
1305,1.98902,1.98902
1306,1.98902,1.98902
1307,1.98902,1.98902
1308,1.98902,1.98902
1309,2.07789,2.07789
1310,2.07789,2.07789
1311,2.07789,2.07789
1312,2.07789,2.07789
1313,2.07789,2.07789
1314,2.55359,2.55359
1315,2.9997,2.9997
1316,2.9997,2.9997
1317,2.9997,2.9997
1318,2.9997,2.9997
1319,2.9997,2.9997
1320,2.9997,2.9997
1321,2.9997,2.9997
1322,1.89255,1.89255
1323,1.89255,1.89255
1324,1.35213,1.35213
1325,1.35213,1.35213
1326,1.35213,1.35213
1327,1.35213,1.35213
1328,1.35213,1.35213
1329,1.35213,1.35213
1330,1.35213,1.35213
1331,1.40565,1.40565
1332,1.40565,1.40565
1333,1.40565,1.40565
1334,1.73595,1.73595
1335,1.73595,1.73595
1336,1.73595,1.73595
1337,1.8491,1.8491
1338,1.8491,1.8491
1339,1.8491,1.8491
1340,1.8491,1.8491
1341,2.67795,2.67795
1342,3.87441,-2.40878
1343,3.87441,-2.40878
1344,3.87441,-2.40878
1345,3.87441,-2.40878
1346,3.87441,-2.40878
1347,3.87441,-2.40878
1348,3.87441,-2.40878
1349,3.87441,-2.40878
1350,3.87441,-2.40878
1351,3.97957,-2.30361
1352,3.97957,-2.30361
1353,3.97957,-2.30361
1354,3.97957,-2.30361
1355,3.97957,-2.30361
1356,3.97957,-2.30361
1357,3.97957,-2.30361
1358,3.97957,-2.30361
1359,3.97957,-2.30361
1360,3.97957,-2.30361
1361,3.97957,-2.30361
1362,3.97957,-2.30361
1363,3.97957,-2.30361
1364,3.97957,-2.30361
1365,3.97957,-2.30361
1366,3.97957,-2.30361
1367,3.97957,-2.30361
1368,1.97569,1.97569
1369,1.97569,1.97569
1370,1.97569,1.97569
1371,1.97569,1.97569
1372,1.97569,1.97569
1373,1.97569,1.97569
1374,1.97569,1.97569
1375,1.97569,1.97569
1376,1.97569,1.97569
1377,1.97569,1.97569
1378,1.97569,1.97569
1379,1.97569,1.97569
1380,1.97569,1.97569
1381,1.69515,1.69515
1382,1.69515,1.69515
1383,1.69515,1.69515
1384,1.69515,1.69515
1385,1.69515,1.69515
1386,1.69515,1.69515
1387,1.69515,1.69515
1388,1.69515,1.69515
1389,1.9513,1.9513
1390,1.9513,1.9513
1391,1.9513,1.9513
1392,1.9513,1.9513
1393,1.9513,1.9513
1394,1.10715,1.10715
1395,1.10715,1.10715
1396,1.10715,1.10715
1397,2.07789,2.07789
1398,2.07789,2.07789
1399,2.07789,2.07789
1400,2.07789,2.07789
1401,2.07789,2.07789
1402,2.07789,2.07789
1403,2.07789,2.07789
1404,2.07789,2.07789
1405,2.07789,2.07789
1406,2.07789,2.07789
1407,2.07789,2.07789
1408,2.07789,2.07789
1409,2.07789,2.07789
1410,2.07789,2.07789
1411,2.07789,2.07789
1412,1.9513,1.9513
1413,1.9513,1.9513
1414,1.9513,1.9513
1415,1.9513,1.9513
1416,1.9513,1.9513
1417,1.9513,1.9513
1418,2.1294,2.1294
1419,2.1294,2.1294
1420,2.1294,2.1294
1421,2.1294,2.1294
1422,2.1294,2.1294
1423,2.1294,2.1294
1424,2.1294,2.1294
1425,2.1294,2.1294
1426,2.1294,2.1294
1427,1.9513,1.9513
1428,1.9513,1.9513
1429,1.9513,1.9513
1430,1.9513,1.9513
1431,1.9513,1.9513
1432,2.08994,2.08994
1433,2.08994,2.08994
1434,2.08994,2.08994
1435,2.08994,2.08994
1436,2.08994,2.08994
1437,2.08994,2.08994
1438,2.08994,2.08994
1439,1.97569,1.97569
1440,1.97569,1.97569
1441,1.97569,1.97569
1442,1.92957,1.92957
1443,1.92957,1.92957
1444,1.92957,1.92957
1445,1.92957,1.92957
1446,1.92957,1.92957
1447,1.92957,1.92957
1448,1.92957,1.92957
1449,1.98902,1.98902
1450,1.98902,1.98902
1451,1.98902,1.98902
1452,1.98902,1.98902
1453,1.98902,1.98902
1454,2.07789,2.07789
1455,2.07789,2.07789
1456,2.07789,2.07789
1457,2.07789,2.07789
1458,2.32395,2.32395
1459,2.32395,2.32395
1460,2.32395,2.32395
1461,2.32395,2.32395
1462,2.32395,2.32395
1463,2.32395,2.32395
1464,2.32395,2.32395
1465,2.32395,2.32395
1466,2.32395,2.32395
1467,2.32395,2.32395
1468,2.32395,2.32395
1469,2.32395,2.32395
1470,2.32395,2.32395
1471,2.32395,2.32395
1472,2.32395,2.32395
1473,2.32395,2.32395
1474,2.32395,2.32395
1475,2.32395,2.32395
1476,2.32395,2.32395
1477,2.32395,2.32395
1478,2.32395,2.32395
1479,2.32395,2.32395
1480,2.32395,2.32395
1481,2.32395,2.32395
1482,2.32395,2.32395
1483,2.32395,2.32395
1484,2.32395,2.32395
1485,2.32395,2.32395
1486,2.32395,2.32395
1487,2.19105,2.19105
1488,2.19105,2.19105
1489,2.19105,2.19105
1490,2.19105,2.19105
1491,2.19105,2.19105
1492,1.76819,1.76819
1493,1.76819,1.76819
1494,1.76819,1.76819
1495,1.76819,1.76819
1496,1.76819,1.76819
1497,2.2143,2.2143
1498,2.2143,2.2143
1499,2.2143,2.2143
1500,2.2143,2.2143
1501,2.2143,2.2143
1502,2.2143,2.2143
1503,1.4289,1.4289
1504,1.4289,1.4289
1505,1.4289,1.4289
1506,1.4289,1.4289
1507,1.4289,1.4289
1508,1.4289,1.4289
1509,1.4289,1.4289
1510,1.4289,1.4289
1511,1.4289,1.4289
1512,1.4289,1.4289
1513,1.4289,1.4289
1514,1.4289,1.4289
1515,1.4289,1.4289
1516,1.62629,1.62629
1517,1.62629,1.62629
1518,1.62629,1.62629
1519,1.62629,1.62629
1520,1.62629,1.62629
1521,1.62629,1.62629
1522,1.62629,1.62629
1523,1.62629,1.62629
1524,1.62629,1.62629
1525,1.62629,1.62629
1526,1.62629,1.62629
1527,1.62629,1.62629
1528,1.62629,1.62629
1529,1.62629,1.62629
1530,1.62629,1.62629
1531,1.62629,1.62629
1532,1.62629,1.62629
1533,1.62629,1.62629
1534,1.62629,1.62629
1535,1.62629,1.62629
1536,1.62629,1.62629
1537,1.62629,1.62629
1538,1.78947,1.78947
1539,1.78947,1.78947
1540,1.78947,1.78947
1541,1.78947,1.78947
1542,1.78947,1.78947
1543,1.78947,1.78947
1544,1.78947,1.78947
1545,1.78947,1.78947
1546,1.41815,1.41815
1547,1.41815,1.41815
1548,1.41815,1.41815
1549,1.41815,1.41815
1550,1.41815,1.41815
1551,1.41815,1.41815
1552,1.41815,1.41815
1553,1.41815,1.41815
1554,1.41815,1.41815
1555,1.46014,1.46014
1556,1.46014,1.46014
1557,1.46014,1.46014
1558,1.46014,1.46014
1559,1.46014,1.46014
1560,1.46014,1.46014
1561,1.46014,1.46014
1562,1.46014,1.46014
1563,1.46014,1.46014
1564,1.21203,1.21203
1565,1.21203,1.21203
1566,1.21203,1.21203
1567,1.21203,1.21203
1568,1.21203,1.21203
1569,1.21203,1.21203
1570,1.30454,1.30454
1571,1.30454,1.30454
1572,1.30454,1.30454
1573,1.30454,1.30454
1574,1.30454,1.30454
1575,1.35213,1.35213
1576,1.35213,1.35213
1577,1.50838,1.50838
1578,1.50838,1.50838
1579,1.50838,1.50838
1580,1.50838,1.50838
1581,1.50838,1.50838
1582,1.50838,1.50838
1583,1.50838,1.50838
1584,1.50838,1.50838
1585,1.63322,1.63322
1586,1.63322,1.63322
1587,1.63322,1.63322
1588,1.63322,1.63322
1589,1.63322,1.63322
1590,1.63322,1.63322
1591,1.63322,1.63322
1592,1.63322,1.63322
1593,1.63322,1.63322
1594,1.63322,1.63322
1595,1.63322,1.63322
1596,1.63322,1.63322
1597,1.3734,1.3734
1598,1.3734,1.3734
1599,1.3734,1.3734
1600,1.3734,1.3734
1601,1.3734,1.3734
1602,2.0032,2.0032
1603,2.0032,2.0032
1604,2.0032,2.0032
1605,2.0032,2.0032
1606,2.0032,2.0032
1607,2.0032,2.0032
1608,2.0032,2.0032
1609,2.0032,2.0032
1610,2.0032,2.0032
1611,2.0032,2.0032
1612,2.0032,2.0032
1613,2.0032,2.0032
1614,2.0032,2.0032
1615,2.0032,2.0032
1616,2.0032,2.0032
1617,2.0032,2.0032
1618,2.0032,2.0032
1619,2.0032,2.0032
1620,2.0032,2.0032
1621,2.0032,2.0032
1622,2.0032,2.0032
1623,2.0032,2.0032
1624,2.0032,2.0032
1625,2.0032,2.0032
1626,2.0032,2.0032
1627,0.785398,0.785398
1628,5.37343,-0.909753
1629,5.37343,-0.909753
1630,5.37343,-0.909753
1631,5.37343,-0.909753
1632,5.37343,-0.909753
1633,5.37343,-0.909753
1634,5.37343,-0.909753
1635,5.37343,-0.909753
1636,5.37343,-0.909753
1637,5.37343,-0.909753
1638,5.37343,-0.909753
1639,5.37343,-0.909753
1640,5.37343,-0.909753
1641,5.37343,-0.909753
1642,5.37343,-0.909753
1643,5.37343,-0.909753
1644,5.37343,-0.909753
1645,5.37343,-0.909753
1646,5.37343,-0.909753
1647,5.37343,-0.909753
1648,5.37343,-0.909753
1649,5.37343,-0.909753
1650,5.37343,-0.909753
1651,5.37343,-0.909753
1652,5.37343,-0.909753
1653,5.37343,-0.909753
1654,5.37343,-0.909753
1655,5.37343,-0.909753
1656,5.37343,-0.909753
1657,5.37343,-0.909753
1658,5.37343,-0.909753
1659,5.37343,-0.909753
1660,5.37343,-0.909753
1661,5.37343,-0.909753
1662,5.37343,-0.909753
1663,5.37343,-0.909753
1664,5.37343,-0.909753
1665,5.37343,-0.909753
1666,5.37343,-0.909753
1667,5.37343,-0.909753
1668,5.37343,-0.909753
1669,0.321751,0.321751
1670,0.321751,0.321751
1671,0.321751,0.321751
1672,0.321751,0.321751
1673,0.321751,0.321751
1674,2.22649,2.22649
1675,2.22649,2.22649
1676,2.22649,2.22649
1677,2.22649,2.22649
1678,2.22649,2.22649
1679,2.22649,2.22649
1680,2.22649,2.22649
1681,2.22649,2.22649
1682,2.22649,2.22649
1683,2.22649,2.22649
1684,2.22649,2.22649
1685,2.22649,2.22649
1686,2.22649,2.22649
1687,2.22649,2.22649
1688,2.22649,2.22649
1689,2.22649,2.22649
1690,2.22649,2.22649
1691,2.22649,2.22649
1692,2.22649,2.22649
1693,2.22649,2.22649
1694,2.22649,2.22649
1695,2.22649,2.22649
1696,2.22649,2.22649
1697,2.22649,2.22649
1698,2.22649,2.22649
1699,2.22649,2.22649
1700,2.22649,2.22649
1701,2.22649,2.22649
1702,2.22649,2.22649
1703,2.22649,2.22649
1704,2.22649,2.22649
1705,2.22649,2.22649
1706,2.22649,2.22649
1707,2.22649,2.22649
1708,2.22649,2.22649
1709,2.22649,2.22649
1710,2.22649,2.22649
1711,0.197396,0.197396
1712,0.197396,0.197396
1713,0.197396,0.197396
1714,0.197396,0.197396
1715,0.197396,0.197396
1716,0.694738,0.694738
1717,0.694738,0.694738
1718,0.694738,0.694738
1719,0.694738,0.694738
1720,0.876058,0.876058
1721,0.876058,0.876058
1722,0.876058,0.876058
1723,0.876058,0.876058
1724,1.03038,1.03038
1725,1.03038,1.03038
1726,1.21203,1.21203
1727,1.21203,1.21203
1728,1.21203,1.21203
1729,1.2925,1.2925
1730,1.2925,1.2925
1731,1.4289,1.4289
1732,1.4289,1.4289
1733,1.4289,1.4289
1734,1.4289,1.4289
1735,1.4289,1.4289
1736,1.4289,1.4289
1737,1.4289,1.4289
1738,0.110657,0.110657
1739,0.110657,0.110657
1740,0.110657,0.110657
1741,0.110657,0.110657
1742,0.110657,0.110657
1743,6.17253,-0.110657
1744,6.17253,-0.110657
1745,6.17253,-0.110657
1746,6.17253,-0.110657
1747,6.17253,-0.110657
1748,6.17253,-0.110657
1749,0.463648,0.463648
1750,0.463648,0.463648
1751,2.55359,2.55359
1752,2.55359,2.55359
1753,2.86329,2.86329
1754,2.86329,2.86329
1755,2.86329,2.86329
1756,2.86329,2.86329
1757,3.01724,3.01724
1758,3.01724,3.01724
1759,3.01724,3.01724
1760,3.01724,3.01724
1761,3.01724,3.01724
1762,3.01724,3.01724
1763,3.01724,3.01724
1764,3.01724,3.01724
1765,2.55359,2.55359
1766,2.55359,2.55359
1767,2.55359,2.55359
1768,2.81984,2.81984
1769,2.81984,2.81984
1770,2.81984,2.81984
1771,1.68145,1.68145
1772,1.68145,1.68145
1773,1.68145,1.68145
1774,1.68145,1.68145
1775,1.68145,1.68145
1776,1.68145,1.68145
1777,1.68145,1.68145
1778,1.68145,1.68145
1779,1.68145,1.68145
1780,2.27942,2.27942
1781,2.27942,2.27942
1782,2.27942,2.27942
1783,2.27942,2.27942
1784,2.27942,2.27942
1785,2.43297,2.43297
1786,2.43297,2.43297
1787,2.43297,2.43297
1788,2.43297,2.43297
1789,2.43297,2.43297
1790,2.62245,2.62245
1791,2.62245,2.62245
1792,2.62245,2.62245
1793,2.62245,2.62245
1794,2.62245,2.62245
1795,2.62245,2.62245
1796,2.62245,2.62245
1797,2.62245,2.62245
1798,2.27942,2.27942
1799,2.27942,2.27942
1800,2.27942,2.27942
1801,2.27942,2.27942
1802,2.27942,2.27942
1803,2.27942,2.27942
1804,2.27942,2.27942
1805,2.27942,2.27942
1806,2.27942,2.27942
1807,2.27942,2.27942
1808,2.27942,2.27942
1809,2.27942,2.27942
1810,2.27942,2.27942
1811,2.08994,2.08994
1812,2.08994,2.08994
1813,2.08994,2.08994
1814,2.08994,2.08994
1815,2.08994,2.08994
1816,2.08994,2.08994
1817,2.08994,2.08994
1818,2.08994,2.08994
1819,2.1294,2.1294
1820,2.1294,2.1294
1821,2.1294,2.1294
1822,2.1294,2.1294
1823,2.1294,2.1294
1824,2.1294,2.1294
1825,2.1294,2.1294
1826,2.1294,2.1294
1827,2.07014,2.07014
1828,2.07014,2.07014
1829,2.07014,2.07014
1830,2.07014,2.07014
1831,2.07014,2.07014
1832,2.07014,2.07014
1833,1.99742,1.99742
1834,1.99742,1.99742
1835,1.99742,1.99742
1836,1.99742,1.99742
1837,1.99742,1.99742
1838,1.99742,1.99742
1839,1.99742,1.99742
1840,1.99742,1.99742
1841,1.99742,1.99742
1842,2.11122,2.11122
1843,2.11122,2.11122
1844,2.11122,2.11122
1845,2.11122,2.11122
1846,2.11122,2.11122
1847,2.11122,2.11122
1848,2.11122,2.11122
1849,2.11122,2.11122
1850,2.26553,2.26553
1851,2.26553,2.26553
1852,2.26553,2.26553
1853,2.26553,2.26553
1854,2.44685,2.44685
1855,2.44685,2.44685
1856,2.44685,2.44685
1857,2.44685,2.44685
1858,2.44685,2.44685
1859,2.44685,2.44685
1860,2.44685,2.44685
1861,2.44685,2.44685
1862,2.44685,2.44685
1863,2.44685,2.44685
1864,2.44685,2.44685
1865,2.44685,2.44685
1866,2.44685,2.44685
1867,2.44685,2.44685
1868,2.44685,2.44685
1869,2.60117,2.60117
1870,2.60117,2.60117
1871,2.60117,2.60117
1872,2.60117,2.60117
1873,2.60117,2.60117
1874,2.60117,2.60117
1875,2.60117,2.60117
1876,2.60117,2.60117
1877,2.60117,2.60117
1878,2.60117,2.60117
1879,2.76109,2.76109
1880,2.76109,2.76109
1881,2.76109,2.76109
1882,2.76109,2.76109
1883,2.55359,2.55359
1884,2.55359,2.55359
1885,2.55359,2.55359
1886,2.81984,2.81984
1887,2.81984,2.81984
1888,2.81984,2.81984
1889,2.49809,2.49809
1890,2.49809,2.49809
1891,2.49809,2.49809
1892,2.49809,2.49809
1893,2.49809,2.49809
1894,2.9442,2.9442
1895,2.9442,2.9442
1896,2.9442,2.9442
1897,2.9442,2.9442
1898,2.9442,2.9442
1899,1.71269,1.71269
1900,1.71269,1.71269
1901,1.71269,1.71269
1902,1.71269,1.71269
1903,1.71269,1.71269
1904,1.71269,1.71269
1905,1.71269,1.71269
1906,2.19105,2.19105
1907,2.19105,2.19105
1908,2.19105,2.19105
1909,2.19105,2.19105
1910,2.19105,2.19105
1911,2.19105,2.19105
1912,2.19105,2.19105
1913,2.19105,2.19105
1914,2.19105,2.19105
1915,2.19105,2.19105
1916,2.19105,2.19105
1917,2.19105,2.19105
1918,2.55359,2.55359
1919,2.55359,2.55359
1920,2.55359,2.55359
1921,2.55359,2.55359
1922,2.55359,2.55359
1923,1.19029,1.19029
1924,1.19029,1.19029
1925,1.19029,1.19029
1926,1.19029,1.19029
1927,1.3734,1.3734
1928,1.3734,1.3734
1929,1.3734,1.3734
1930,1.76819,1.76819
1931,1.76819,1.76819
1932,2.2143,2.2143
1933,2.2143,2.2143
1934,2.52134,2.52134
1935,2.52134,2.52134
1936,2.52134,2.52134
1937,2.52134,2.52134
1938,2.52134,2.52134
1939,2.52134,2.52134
1940,2.52134,2.52134
1941,2.52134,2.52134
1942,2.52134,2.52134
1943,2.52134,2.52134
1944,2.52134,2.52134
1945,2.2143,2.2143
1946,2.2143,2.2143
1947,2.2143,2.2143
1948,1.10715,1.10715
1949,0.463648,0.463648
1950,5.74277,-0.54042
1951,5.74277,-0.54042
1952,5.74277,-0.54042
1953,5.74277,-0.54042
1954,5.74277,-0.54042
1955,5.74277,-0.54042
1956,5.74277,-0.54042
1957,5.74277,-0.54042
1958,5.74277,-0.54042
1959,5.74277,-0.54042
1960,5.74277,-0.54042
1961,1.24905,1.24905
1962,1.24905,1.24905
1963,1.89255,1.89255
1964,2.27942,2.27942
1965,2.27942,2.27942
1966,2.27942,2.27942
1967,2.27942,2.27942
1968,2.27942,2.27942
1969,2.43297,2.43297
1970,2.43297,2.43297
1971,2.43297,2.43297
1972,2.43297,2.43297
1973,2.43297,2.43297
1974,2.62245,2.62245
1975,2.62245,2.62245
1976,2.62245,2.62245
1977,2.7367,2.7367
1978,2.7367,2.7367
1979,2.7367,2.7367
1980,2.92292,2.92292
1981,2.92292,2.92292
1982,2.92292,2.92292
1983,2.92292,2.92292
1984,2.92292,2.92292
1985,2.92292,2.92292
1986,2.92292,2.92292
1987,2.92292,2.92292
1988,2.92292,2.92292
1989,2.92292,2.92292
1990,2.92292,2.92292
1991,2.92292,2.92292
1992,2.92292,2.92292
1993,2.92292,2.92292
1994,3.28349,-2.9997
1995,3.28349,-2.9997
1996,3.28349,-2.9997
1997,3.28349,-2.9997
1998,3.28349,-2.9997
1999,3.28349,-2.9997
2000,3.28349,-2.9997
2001,3.28349,-2.9997
2002,3.28349,-2.9997
2003,3.28349,-2.9997
2004,3.5221,-2.76109
2005,3.5221,-2.76109
2006,3.70019,-2.58299
2007,3.70019,-2.58299
2008,3.70019,-2.58299
2009,3.70019,-2.58299
2010,3.70019,-2.58299
2011,3.70019,-2.58299
2012,3.70019,-2.58299
2013,4.17197,-2.11122
2014,4.17197,-2.11122
2015,4.17197,-2.11122
2016,4.17197,-2.11122
2017,4.17197,-2.11122
2018,5.17604,-1.10715
2019,5.81954,-0.463648
2020,0.588003,0.588003
2021,0.588003,0.588003
2022,0.588003,0.588003
2023,0.588003,0.588003
2024,0.588003,0.588003
2025,5.49779,-0.785398
2026,5.49779,-0.785398
2027,5.49779,-0.785398
2028,4.03765,-2.24554
2029,4.03765,-2.24554
2030,4.03765,-2.24554
2031,4.03765,-2.24554
2032,4.03765,-2.24554
2033,4.03765,-2.24554
2034,4.03765,-2.24554
2035,4.19324,-2.08994
2036,4.19324,-2.08994
2037,4.19324,-2.08994
2038,4.3075,-1.97569
2039,4.3075,-1.97569
2040,4.3075,-1.97569
2041,4.57049,-1.71269
2042,4.57049,-1.71269
2043,4.57049,-1.71269
2044,4.57049,-1.71269
2045,4.85429,-1.4289
2046,4.85429,-1.4289
2047,4.85429,-1.4289
2048,5.35589,-0.927295
2049,5.35589,-0.927295
2050,5.63968,-0.643501
2051,5.63968,-0.643501
2052,5.63968,-0.643501
2053,5.63968,-0.643501
2054,5.63968,-0.643501
2055,5.30039,-0.982794
2056,5.03414,-1.24905
2057,5.03414,-1.24905
2058,4.29416,-1.98902
2059,4.29416,-1.98902
2060,4.29416,-1.98902
2061,4.29416,-1.98902
2062,4.29416,-1.98902
2063,4.29416,-1.98902
2064,4.29416,-1.98902
2065,4.29416,-1.98902
2066,4.29416,-1.98902
2067,4.29416,-1.98902
2068,4.29416,-1.98902
2069,4.35362,-1.92957
2070,4.35362,-1.92957
2071,4.43409,-1.8491
2072,4.43409,-1.8491
2073,4.57049,-1.71269
2074,4.57049,-1.71269
2075,4.57049,-1.71269
2076,4.57049,-1.71269
2077,4.57049,-1.71269
2078,4.57049,-1.71269
2079,4.57049,-1.71269
2080,4.33188,-1.9513
2081,4.33188,-1.9513
2082,4.33188,-1.9513
2083,3.60524,-2.67795
2084,3.60524,-2.67795
2085,3.60524,-2.67795
2086,5.17604,-1.10715
2087,5.17604,-1.10715
2088,4.06889,-2.2143
2089,4.06889,-2.2143
2090,4.06889,-2.2143
2091,3.78509,-2.49809
2092,3.78509,-2.49809
2093,3.46334,-2.81984
2094,3.46334,-2.81984
2095,3.46334,-2.81984
2096,3.46334,-2.81984
2097,5.35589,-0.927295
2098,5.35589,-0.927295
2099,5.35589,-0.927295
2100,5.35589,-0.927295
2101,5.35589,-0.927295
2102,5.35589,-0.927295
2103,4.03765,-2.24554
2104,4.03765,-2.24554
2105,4.03765,-2.24554
2106,4.03765,-2.24554
2107,3.81633,-2.46685
2108,3.81633,-2.46685
2109,3.81633,-2.46685
2110,3.46334,-2.81984
2111,3.46334,-2.81984
2112,3.46334,-2.81984
2113,4.24874,-2.03444
2114,5.17604,-1.10715
2115,6.08579,-0.197396
2116,6.08579,-0.197396
2117,6.08579,-0.197396
2118,0.197396,0.197396
2119,0.197396,0.197396
2120,0.197396,0.197396
2121,0.197396,0.197396
2122,5.81954,-0.463648
2123,5.81954,-0.463648
2124,0.463648,0.463648
2125,0.463648,0.463648
2126,0.463648,0.463648
2127,5.17604,-1.10715
2128,4.12439,-2.1588
2129,4.12439,-2.1588
2130,3.7296,-2.55359
2131,3.46334,-2.81984
2132,3.46334,-2.81984
2133,3.46334,-2.81984
2134,4.24874,-2.03444
2135,5.17604,-1.10715
2136,5.96143,-0.321751
2137,5.96143,-0.321751
2138,5.96143,-0.321751
2139,5.17604,-1.10715
2140,5.17604,-1.10715
2141,5.17604,-1.10715
2142,5.17604,-1.10715
2143,4.17197,-2.11122
2144,4.17197,-2.11122
2145,4.17197,-2.11122
2146,4.17197,-2.11122
2147,4.17197,-2.11122
2148,4.17197,-2.11122
2149,4.17197,-2.11122
2150,4.17197,-2.11122
2151,4.17197,-2.11122
2152,4.17197,-2.11122
2153,4.17197,-2.11122
2154,4.17197,-2.11122
2155,4.17197,-2.11122
2156,4.17197,-2.11122
2157,4.17197,-2.11122
2158,4.17197,-2.11122
2159,4.17197,-2.11122
2160,4.17197,-2.11122
2161,4.17197,-2.11122
2162,4.46741,-1.81577
2163,4.46741,-1.81577
2164,4.46741,-1.81577
2165,4.46741,-1.81577
2166,4.03765,-2.24554
2167,4.03765,-2.24554
2168,4.03765,-2.24554
2169,4.03765,-2.24554
2170,4.03765,-2.24554
2171,4.03765,-2.24554
2172,4.03765,-2.24554
2173,4.03765,-2.24554
2174,4.03765,-2.24554
2175,4.03765,-2.24554
2176,4.03765,-2.24554
2177,4.03765,-2.24554
2178,4.03765,-2.24554
2179,4.03765,-2.24554
2180,4.03765,-2.24554
2181,4.03765,-2.24554
2182,4.03765,-2.24554
2183,4.03765,-2.24554
2184,4.03765,-2.24554
2185,3.7296,-2.55359
2186,3.7296,-2.55359
2187,3.7296,-2.55359
2188,3.7296,-2.55359
2189,3.7296,-2.55359
2190,3.7296,-2.55359
2191,3.38657,-2.89661
2192,3.38657,-2.89661
2193,3.38657,-2.89661
2194,3.38657,-2.89661
2195,3.81633,-2.46685
2196,3.81633,-2.46685
2197,3.81633,-2.46685
2198,4.03765,-2.24554
2199,4.03765,-2.24554
2200,4.03765,-2.24554
2201,4.03765,-2.24554
2202,4.03765,-2.24554
2203,4.03765,-2.24554
2204,3.7296,-2.55359
2205,3.7296,-2.55359
2206,2.81984,2.81984
2207,2.81984,2.81984
2208,2.81984,2.81984
2209,2.81984,2.81984
2210,3.574,-2.70918
2211,3.574,-2.70918
2212,3.574,-2.70918
2213,3.574,-2.70918
2214,3.574,-2.70918
2215,3.574,-2.70918
2216,3.574,-2.70918
2217,3.574,-2.70918
2218,3.574,-2.70918
2219,3.63553,-2.64765
2220,3.63553,-2.64765
2221,3.63553,-2.64765
2222,3.63553,-2.64765
2223,3.63553,-2.64765
2224,3.63553,-2.64765
2225,3.63553,-2.64765
2226,3.63553,-2.64765
2227,4.12439,-2.1588
2228,4.39064,-1.89255
2229,4.39064,-1.89255
2230,4.39064,-1.89255
2231,4.01765,-2.26553
2232,4.01765,-2.26553
2233,4.01765,-2.26553
2234,4.01765,-2.26553
2235,3.83633,-2.44685
2236,3.83633,-2.44685
2237,3.83633,-2.44685
2238,3.83633,-2.44685
2239,3.28349,-2.9997
2240,3.28349,-2.9997
2241,3.28349,-2.9997
2242,3.28349,-2.9997
2243,3.28349,-2.9997
2244,3.28349,-2.9997
2245,3.28349,-2.9997
2246,3.7296,-2.55359
2247,3.7296,-2.55359
2248,3.7296,-2.55359
2249,3.7296,-2.55359
2250,2.55359,2.55359
2251,2.55359,2.55359
2252,2.55359,2.55359
2253,2.55359,2.55359
2254,2.86329,2.86329
2255,2.86329,2.86329
2256,2.86329,2.86329
2257,2.86329,2.86329
2258,2.86329,2.86329
2259,2.86329,2.86329
2260,3.38657,-2.89661
2261,3.38657,-2.89661
2262,3.7296,-2.55359
2263,4.12439,-2.1588
2264,4.12439,-2.1588
2265,4.12439,-2.1588
2266,4.12439,-2.1588
2267,4.12439,-2.1588
2268,4.12439,-2.1588
2269,4.51499,-1.76819
2270,4.51499,-1.76819
2271,4.51499,-1.76819
2272,4.51499,-1.76819
2273,4.51499,-1.76819
2274,4.42093,-1.86225
2275,4.42093,-1.86225
2276,4.42093,-1.86225
2277,4.42093,-1.86225
2278,4.42093,-1.86225
2279,4.42093,-1.86225
2280,4.42093,-1.86225
2281,4.42093,-1.86225
2282,4.42093,-1.86225
2283,4.42093,-1.86225
2284,4.42093,-1.86225
2285,4.42093,-1.86225
