#Grabcut execution time: 0s 341ms 341109us 
0.0000              67.8019             
1.0000              39.4181             
2.0000              37.9058             
3.0000              37.5505             
4.0000              37.5151             
5.0000              37.1279             
6.0000              37.3100             
7.0000              37.2598             
8.0000              37.2912             
9.0000              37.2507             
10.0000             37.3393             
11.0000             37.1808             
12.0000             37.2684             
13.0000             37.2570             
14.0000             37.0528             
15.0000             37.1717             
16.0000             37.2257             
17.0000             37.1838             
18.0000             37.2198             
19.0000             37.2378             
20.0000             37.2934             
21.0000             37.2922             
22.0000             37.2988             
23.0000             37.3047             
24.0000             37.3233             
25.0000             37.3169             
26.0000             37.3111             
27.0000             37.3105             
28.0000             37.3287             
29.0000             37.3286             
30.0000             37.3286             
31.0000             37.3286             
#Execution time: 31s 31672ms 31672453us 
