n,tangent,t2
0,1.58898,1.58898
1,1.58898,1.58898
2,1.58898,1.58898
3,1.58898,1.58898
4,1.58898,1.58898
5,1.58898,1.58898
6,1.58898,1.58898
7,1.58898,1.58898
8,1.58898,1.58898
9,1.58898,1.58898
10,1.58898,1.58898
11,1.58898,1.58898
12,1.58898,1.58898
13,1.58898,1.58898
14,1.58898,1.58898
15,1.58898,1.58898
16,1.58898,1.58898
17,1.58898,1.58898
18,1.58898,1.58898
19,1.58898,1.58898
20,1.58898,1.58898
21,1.58898,1.58898
22,1.58898,1.58898
23,1.58898,1.58898
24,1.58898,1.58898
25,1.58898,1.58898
26,1.58898,1.58898
27,1.58898,1.58898
28,1.58898,1.58898
29,1.58898,1.58898
30,1.58898,1.58898
31,1.58898,1.58898
32,1.58898,1.58898
33,1.58898,1.58898
34,1.58898,1.58898
35,1.58898,1.58898
36,1.58898,1.58898
37,1.58898,1.58898
38,1.58898,1.58898
39,1.58898,1.58898
40,1.58898,1.58898
41,1.58898,1.58898
42,1.58898,1.58898
43,1.58898,1.58898
44,1.58898,1.58898
45,1.58898,1.58898
46,1.58898,1.58898
47,1.58898,1.58898
48,1.58898,1.58898
49,1.58898,1.58898
50,1.58898,1.58898
51,1.58898,1.58898
52,1.58898,1.58898
53,1.58898,1.58898
54,1.58898,1.58898
55,1.55262,1.55262
56,1.55262,1.55262
57,1.55262,1.55262
58,1.55262,1.55262
59,1.55262,1.55262
60,1.55262,1.55262
61,1.55262,1.55262
62,1.55262,1.55262
63,1.55262,1.55262
64,1.55262,1.55262
65,1.55262,1.55262
66,1.55262,1.55262
67,1.55262,1.55262
68,1.55262,1.55262
69,1.55262,1.55262
70,1.55262,1.55262
71,1.55262,1.55262
72,1.55262,1.55262
73,1.55262,1.55262
74,1.55262,1.55262
75,1.55262,1.55262
76,1.55262,1.55262
77,1.55262,1.55262
78,1.55262,1.55262
79,1.55262,1.55262
80,1.55262,1.55262
81,1.55262,1.55262
82,0.358771,0.358771
83,0.358771,0.358771
84,0.358771,0.358771
85,0.358771,0.358771
86,0.358771,0.358771
87,0.291457,0.291457
88,0.291457,0.291457
89,0.291457,0.291457
90,0.291457,0.291457
91,0.291457,0.291457
92,0.291457,0.291457
93,0.291457,0.291457
94,0.291457,0.291457
95,0.291457,0.291457
96,0.291457,0.291457
97,0.348771,0.348771
98,0.348771,0.348771
99,0.348771,0.348771
100,0.348771,0.348771
101,0.348771,0.348771
102,0.348771,0.348771
103,0.348771,0.348771
104,0.348771,0.348771
105,0.110657,0.110657
106,0.110657,0.110657
107,0.110657,0.110657
108,0.110657,0.110657
109,0.110657,0.110657
110,0.110657,0.110657
111,0.110657,0.110657
112,0.110657,0.110657
113,0.110657,0.110657
114,0.380506,0.380506
115,0.380506,0.380506
116,0.54042,0.54042
117,0.54042,0.54042
118,0.982794,0.982794
119,1.32582,1.32582
120,1.32582,1.32582
121,1.32582,1.32582
122,1.32582,1.32582
123,0.927295,0.927295
124,0.927295,0.927295
125,0.708626,0.708626
126,0.708626,0.708626
127,0.708626,0.708626
128,0.708626,0.708626
129,0.708626,0.708626
130,0.708626,0.708626
131,0.708626,0.708626
132,0.708626,0.708626
133,0.708626,0.708626
134,0.86217,0.86217
135,0.86217,0.86217
136,0.86217,0.86217
137,0.86217,0.86217
138,0.86217,0.86217
139,0.950547,0.950547
140,0.950547,0.950547
141,0.950547,0.950547
142,0.950547,0.950547
143,0.950547,0.950547
144,1.1659,1.1659
145,1.1659,1.1659
146,1.1659,1.1659
147,1.1659,1.1659
148,1.1659,1.1659
149,1.1659,1.1659
150,1.1659,1.1659
151,1.1659,1.1659
152,1.1659,1.1659
153,1.1659,1.1659
154,1.32582,1.32582
155,1.32582,1.32582
156,1.32582,1.32582
157,1.32582,1.32582
158,1.03038,1.03038
159,1.03038,1.03038
160,1.03038,1.03038
161,1.03038,1.03038
162,1.03038,1.03038
163,1.21203,1.21203
164,1.21203,1.21203
165,1.21203,1.21203
166,1.2925,1.2925
167,1.2925,1.2925
168,1.44644,1.44644
169,1.44644,1.44644
170,1.44644,1.44644
171,1.44644,1.44644
172,1.69515,1.69515
173,1.69515,1.69515
174,1.69515,1.69515
175,1.69515,1.69515
176,1.8491,1.8491
177,1.8491,1.8491
178,1.92957,1.92957
179,1.92957,1.92957
180,1.92957,1.92957
181,1.92957,1.92957
182,1.92957,1.92957
183,1.92957,1.92957
184,1.81577,1.81577
185,1.81577,1.81577
186,1.81577,1.81577
187,1.81577,1.81577
188,1.97569,1.97569
189,1.97569,1.97569
190,1.97569,1.97569
191,2.08994,2.08994
192,2.08994,2.08994
193,2.08994,2.08994
194,2.2143,2.2143
195,2.2143,2.2143
196,2.49809,2.49809
197,2.49809,2.49809
198,2.49809,2.49809
199,2.49809,2.49809
200,2.49809,2.49809
201,2.11122,2.11122
202,2.11122,2.11122
203,2.11122,2.11122
204,1.9513,1.9513
205,1.9513,1.9513
206,1.9513,1.9513
207,1.9513,1.9513
208,1.9513,1.9513
209,1.9513,1.9513
210,2.11122,2.11122
211,2.24554,2.24554
212,2.24554,2.24554
213,2.24554,2.24554
214,2.46685,2.46685
215,2.46685,2.46685
216,2.46685,2.46685
217,2.46685,2.46685
218,2.46685,2.46685
219,2.46685,2.46685
220,2.46685,2.46685
221,2.2143,2.2143
222,2.2143,2.2143
223,1.81577,1.81577
224,1.81577,1.81577
225,1.81577,1.81577
226,1.81577,1.81577
227,2.67795,2.67795
228,3.60524,-2.67795
229,3.60524,-2.67795
230,3.60524,-2.67795
231,2.89661,2.89661
232,2.89661,2.89661
233,2.89661,2.89661
234,2.89661,2.89661
235,2.89661,2.89661
236,2.89661,2.89661
237,2.89661,2.89661
238,3.7296,-2.55359
239,3.7296,-2.55359
240,3.7296,-2.55359
241,3.7296,-2.55359
242,3.33899,-2.9442
243,3.33899,-2.9442
244,3.33899,-2.9442
245,2.9442,2.9442
246,2.9442,2.9442
247,2.2143,2.2143
248,2.2143,2.2143
249,2.2143,2.2143
250,2.2143,2.2143
251,2.2143,2.2143
252,2.2143,2.2143
253,2.2143,2.2143
254,3.92699,-2.35619
255,3.92699,-2.35619
256,2.1588,2.1588
257,2.1588,2.1588
258,2.1588,2.1588
259,2.55359,2.55359
260,2.81984,2.81984
261,2.81984,2.81984
262,3.46334,-2.81984
263,3.46334,-2.81984
264,3.46334,-2.81984
265,1.60527,1.60527
266,1.60527,1.60527
267,1.60527,1.60527
268,1.60527,1.60527
269,1.60527,1.60527
270,1.60527,1.60527
271,1.60527,1.60527
272,1.60527,1.60527
273,1.60527,1.60527
274,1.60527,1.60527
275,1.60527,1.60527
276,1.60527,1.60527
277,1.60527,1.60527
278,1.60527,1.60527
279,1.60527,1.60527
280,1.53633,1.53633
281,1.53633,1.53633
282,1.53633,1.53633
283,1.53633,1.53633
284,1.53633,1.53633
285,1.53633,1.53633
286,1.53633,1.53633
287,1.53633,1.53633
288,1.53633,1.53633
289,1.53633,1.53633
290,1.53633,1.53633
291,1.53633,1.53633
292,1.53633,1.53633
293,1.53633,1.53633
294,1.53633,1.53633
295,1.53633,1.53633
296,1.59643,1.59643
297,1.59643,1.59643
298,1.59643,1.59643
299,1.59643,1.59643
300,1.59643,1.59643
301,1.59643,1.59643
302,1.59643,1.59643
303,1.59643,1.59643
304,1.59643,1.59643
305,1.59643,1.59643
306,1.59643,1.59643
307,1.59643,1.59643
308,1.59643,1.59643
309,1.59643,1.59643
310,1.59643,1.59643
311,1.59643,1.59643
312,1.59643,1.59643
313,1.59643,1.59643
314,1.59643,1.59643
315,1.59643,1.59643
316,1.59643,1.59643
317,1.59643,1.59643
318,1.54516,1.54516
319,1.54516,1.54516
320,1.54516,1.54516
321,1.54516,1.54516
322,1.54516,1.54516
323,1.54516,1.54516
324,1.54516,1.54516
325,1.54516,1.54516
326,1.54516,1.54516
327,1.54516,1.54516
328,1.54516,1.54516
329,1.54516,1.54516
330,1.54516,1.54516
331,1.54516,1.54516
332,1.54516,1.54516
333,1.54516,1.54516
334,1.54516,1.54516
335,1.54516,1.54516
336,1.54516,1.54516
337,1.03038,1.03038
338,1.03038,1.03038
339,1.03038,1.03038
340,1.03038,1.03038
341,1.03038,1.03038
342,1.19029,1.19029
343,1.40565,1.40565
344,1.40565,1.40565
345,1.40565,1.40565
346,1.73595,1.73595
347,1.73595,1.73595
348,1.73595,1.73595
349,1.8491,1.8491
350,1.8491,1.8491
351,1.8491,1.8491
352,1.8491,1.8491
353,2.1588,2.1588
354,2.1588,2.1588
355,2.1588,2.1588
356,1.71269,1.71269
357,1.71269,1.71269
358,1.71269,1.71269
359,1.71269,1.71269
360,1.71269,1.71269
361,1.71269,1.71269
362,1.71269,1.71269
363,2.1588,2.1588
364,2.1588,2.1588
365,2.1588,2.1588
366,1.62629,1.62629
367,1.62629,1.62629
368,1.62629,1.62629
369,1.62629,1.62629
370,1.62629,1.62629
371,1.62629,1.62629
372,1.62629,1.62629
373,1.62629,1.62629
374,1.62629,1.62629
375,1.62629,1.62629
376,1.62629,1.62629
377,1.62629,1.62629
378,1.62629,1.62629
379,1.62629,1.62629
380,1.62629,1.62629
381,1.62629,1.62629
382,1.62629,1.62629
383,1.62629,1.62629
384,2.1588,2.1588
385,2.1588,2.1588
386,2.1588,2.1588
387,1.61425,1.61425
388,1.61425,1.61425
389,1.61425,1.61425
390,1.61425,1.61425
391,1.61425,1.61425
392,1.61425,1.61425
393,1.61425,1.61425
394,1.61425,1.61425
395,1.61425,1.61425
396,1.61425,1.61425
397,1.61425,1.61425
398,1.61425,1.61425
399,1.52735,1.52735
400,1.52735,1.52735
401,1.52735,1.52735
402,1.52735,1.52735
403,1.52735,1.52735
404,1.52735,1.52735
405,1.52735,1.52735
406,1.52735,1.52735
407,1.52735,1.52735
408,1.52735,1.52735
409,1.52735,1.52735
410,1.51026,1.51026
411,1.51026,1.51026
412,1.51026,1.51026
413,1.51026,1.51026
414,1.51026,1.51026
415,1.51026,1.51026
416,1.51026,1.51026
417,1.51026,1.51026
418,1.51026,1.51026
419,1.51026,1.51026
420,1.51026,1.51026
421,1.51026,1.51026
422,1.51026,1.51026
423,1.51026,1.51026
424,1.51026,1.51026
425,1.51026,1.51026
426,1.51026,1.51026
427,1.2925,1.2925
428,1.2925,1.2925
429,1.2925,1.2925
430,1.2925,1.2925
431,1.2925,1.2925
432,1.44644,1.44644
433,1.44644,1.44644
434,1.44644,1.44644
435,1.44644,1.44644
436,1.69515,1.69515
437,1.69515,1.69515
438,1.69515,1.69515
439,1.69515,1.69515
440,2.1588,2.1588
441,2.1588,2.1588
442,2.1588,2.1588
443,1.81577,1.81577
444,1.81577,1.81577
445,1.32582,1.32582
446,1.32582,1.32582
447,1.19029,1.19029
448,1.19029,1.19029
449,1.19029,1.19029
450,1.19029,1.19029
451,1.44644,1.44644
452,1.44644,1.44644
453,1.44644,1.44644
454,1.44644,1.44644
455,1.69515,1.69515
456,1.69515,1.69515
457,1.69515,1.69515
458,1.69515,1.69515
459,1.8491,1.8491
460,1.8491,1.8491
461,1.8491,1.8491
462,1.8491,1.8491
463,1.8491,1.8491
464,1.63736,1.63736
465,1.63736,1.63736
466,1.63736,1.63736
467,1.63736,1.63736
468,1.63736,1.63736
469,1.63736,1.63736
470,1.63736,1.63736
471,1.63736,1.63736
472,1.50423,1.50423
473,1.50423,1.50423
474,1.50423,1.50423
475,1.50423,1.50423
476,1.50423,1.50423
477,1.50423,1.50423
478,1.50423,1.50423
479,1.2925,1.2925
480,1.2925,1.2925
481,1.2925,1.2925
482,1.2925,1.2925
483,1.2925,1.2925
484,1.51821,1.51821
485,1.51821,1.51821
486,1.51821,1.51821
487,1.51821,1.51821
488,1.51821,1.51821
489,1.51821,1.51821
490,1.51821,1.51821
491,1.51821,1.51821
492,1.51821,1.51821
493,1.51821,1.51821
494,1.62338,1.62338
495,1.62338,1.62338
496,1.62338,1.62338
497,1.62338,1.62338
498,1.62338,1.62338
499,1.62338,1.62338
500,1.62338,1.62338
501,1.62338,1.62338
502,1.62338,1.62338
503,1.62338,1.62338
504,1.62338,1.62338
505,1.62338,1.62338
506,1.62338,1.62338
507,1.62338,1.62338
508,1.62338,1.62338
509,1.62338,1.62338
510,1.62338,1.62338
511,1.62338,1.62338
512,1.62338,1.62338
513,1.62338,1.62338
514,1.51821,1.51821
515,1.51821,1.51821
516,1.51821,1.51821
517,1.51821,1.51821
518,1.51821,1.51821
519,1.51821,1.51821
520,1.51821,1.51821
521,1.51821,1.51821
522,1.51821,1.51821
523,1.51821,1.51821
524,1.51821,1.51821
525,1.51821,1.51821
526,1.51821,1.51821
527,1.51821,1.51821
528,1.51821,1.51821
529,1.51821,1.51821
530,1.65394,1.65394
531,1.65394,1.65394
532,1.65394,1.65394
533,1.65394,1.65394
534,1.65394,1.65394
535,1.65394,1.65394
536,1.9513,1.9513
537,1.9513,1.9513
538,1.9513,1.9513
539,1.9513,1.9513
540,1.59079,1.59079
541,1.59079,1.59079
542,1.59079,1.59079
543,1.59079,1.59079
544,1.59079,1.59079
545,1.59079,1.59079
546,1.59079,1.59079
547,1.59079,1.59079
548,1.59079,1.59079
549,1.59079,1.59079
550,1.59079,1.59079
551,1.59079,1.59079
552,1.59079,1.59079
553,1.59079,1.59079
554,1.59079,1.59079
555,1.59079,1.59079
556,1.59079,1.59079
557,1.59079,1.59079
558,1.59079,1.59079
559,1.59079,1.59079
560,1.59079,1.59079
561,1.59079,1.59079
562,1.59079,1.59079
563,1.59079,1.59079
564,1.59079,1.59079
565,1.5508,1.5508
566,1.5508,1.5508
567,1.5508,1.5508
568,1.5508,1.5508
569,1.5508,1.5508
570,1.5508,1.5508
571,1.5508,1.5508
572,1.5508,1.5508
573,1.5508,1.5508
574,1.5508,1.5508
575,1.5508,1.5508
576,1.5508,1.5508
577,1.5508,1.5508
578,1.5508,1.5508
579,1.5508,1.5508
580,1.5508,1.5508
581,1.5508,1.5508
582,1.5508,1.5508
583,1.5508,1.5508
584,1.5508,1.5508
585,1.5508,1.5508
586,1.5508,1.5508
587,1.5508,1.5508
588,1.5508,1.5508
589,1.5508,1.5508
590,0.982794,0.982794
591,0.588003,0.588003
592,0.165149,0.165149
593,0.165149,0.165149
594,0.165149,0.165149
595,0.165149,0.165149
596,0.165149,0.165149
597,0.165149,0.165149
598,0.588003,0.588003
599,0.588003,0.588003
600,0.588003,0.588003
601,0.418224,0.418224
602,0.418224,0.418224
603,0.418224,0.418224
604,0.418224,0.418224
605,0.418224,0.418224
606,0.418224,0.418224
607,0.418224,0.418224
608,0.418224,0.418224
609,0.418224,0.418224
610,0.418224,0.418224
611,0.418224,0.418224
612,0.418224,0.418224
613,1.10715,1.10715
614,2.03444,2.03444
615,2.03444,2.03444
616,2.03444,2.03444
617,0.588003,0.588003
618,0.588003,0.588003
619,0.110657,0.110657
620,0.110657,0.110657
621,0.110657,0.110657
622,0.110657,0.110657
623,0.110657,0.110657
624,0.110657,0.110657
625,0.110657,0.110657
626,0.110657,0.110657
627,0.110657,0.110657
628,1.21203,1.21203
629,1.21203,1.21203
630,1.21203,1.21203
631,1.21203,1.21203
632,1.21203,1.21203
633,1.21203,1.21203
634,1.21203,1.21203
635,1.21203,1.21203
636,1.21203,1.21203
637,1.89255,1.89255
638,1.89255,1.89255
639,1.89255,1.89255
640,1.89255,1.89255
641,1.24905,1.24905
642,0.588003,0.588003
643,0.588003,0.588003
644,0.588003,0.588003
645,0.982794,0.982794
646,1.3734,1.3734
647,1.3734,1.3734
648,1.3734,1.3734
649,1.76819,1.76819
650,1.76819,1.76819
651,2.1588,2.1588
652,2.1588,2.1588
653,2.1588,2.1588
654,1.65394,1.65394
655,1.65394,1.65394
656,1.65394,1.65394
657,1.65394,1.65394
658,1.65394,1.65394
659,1.65394,1.65394
660,1.65394,1.65394
661,1.65394,1.65394
662,1.65394,1.65394
663,1.65394,1.65394
664,1.65394,1.65394
665,1.65394,1.65394
666,2.1588,2.1588
667,2.55359,2.55359
668,2.86329,2.86329
669,2.86329,2.86329
670,2.86329,2.86329
671,2.86329,2.86329
672,3.01724,3.01724
673,3.01724,3.01724
674,3.01724,3.01724
675,3.01724,3.01724
676,3.01724,3.01724
677,3.01724,3.01724
678,3.01724,3.01724
679,3.01724,3.01724
680,2.55359,2.55359
681,2.1588,2.1588
682,2.1588,2.1588
683,2.1588,2.1588
684,2.97644,2.97644
685,2.97644,2.97644
686,2.97644,2.97644
687,2.97644,2.97644
688,2.97644,2.97644
689,2.97644,2.97644
690,2.55359,2.55359
691,2.55359,2.55359
692,2.55359,2.55359
693,3.03094,3.03094
694,3.03094,3.03094
695,3.03094,3.03094
696,3.03094,3.03094
697,3.03094,3.03094
698,3.03094,3.03094
699,3.03094,3.03094
700,3.03094,3.03094
701,3.03094,3.03094
702,3.03094,3.03094
703,1.24905,1.24905
704,1.24905,1.24905
705,1.24905,1.24905
706,1.89255,1.89255
707,2.67795,2.67795
708,2.67795,2.67795
709,1.89255,1.89255
710,1.89255,1.89255
711,1.24905,1.24905
712,0.244979,0.244979
713,0.244979,0.244979
714,0.244979,0.244979
715,0.244979,0.244979
716,0.380506,0.380506
717,0.380506,0.380506
718,0.380506,0.380506
719,0.380506,0.380506
720,2.55359,2.55359
721,2.55359,2.55359
722,2.89661,2.89661
723,2.89661,2.89661
724,3.38657,-2.89661
725,3.38657,-2.89661
726,3.38657,-2.89661
727,3.38657,-2.89661
728,1.9513,1.9513
729,1.9513,1.9513
730,1.9513,1.9513
731,1.67046,1.67046
732,1.67046,1.67046
733,1.67046,1.67046
734,1.67046,1.67046
735,1.67046,1.67046
736,1.67046,1.67046
737,1.67046,1.67046
738,1.67046,1.67046
739,1.67046,1.67046
740,1.67046,1.67046
741,1.68791,1.68791
742,1.68791,1.68791
743,1.68791,1.68791
744,1.68791,1.68791
745,1.68791,1.68791
746,1.68791,1.68791
747,1.68791,1.68791
748,1.68791,1.68791
749,1.68791,1.68791
750,1.86225,1.86225
751,1.86225,1.86225
752,1.86225,1.86225
753,1.86225,1.86225
754,1.91957,1.91957
755,1.91957,1.91957
756,1.91957,1.91957
757,1.91957,1.91957
758,1.91957,1.91957
759,1.91957,1.91957
760,2.11122,2.11122
761,2.11122,2.11122
762,2.11122,2.11122
763,2.11122,2.11122
764,1.9513,1.9513
765,1.9513,1.9513
766,1.9513,1.9513
767,1.9513,1.9513
768,1.9513,1.9513
769,2.1294,2.1294
770,2.1294,2.1294
771,2.1294,2.1294
772,2.1294,2.1294
773,2.19959,2.19959
774,2.19959,2.19959
775,2.19959,2.19959
776,2.19959,2.19959
777,2.19959,2.19959
778,2.19959,2.19959
779,2.23184,2.23184
780,2.23184,2.23184
781,2.23184,2.23184
782,2.32173,2.32173
783,2.32173,2.32173
784,2.32173,2.32173
785,2.32173,2.32173
786,2.32173,2.32173
787,2.32173,2.32173
788,2.32173,2.32173
789,2.32173,2.32173
790,2.32173,2.32173
791,2.32173,2.32173
792,2.32173,2.32173
793,2.32173,2.32173
794,2.32173,2.32173
795,2.39066,2.39066
796,2.39066,2.39066
797,2.39066,2.39066
798,2.39066,2.39066
799,2.39066,2.39066
800,2.39066,2.39066
801,2.39066,2.39066
802,2.39066,2.39066
803,2.39066,2.39066
804,2.39066,2.39066
805,2.39066,2.39066
806,2.39066,2.39066
807,2.39066,2.39066
808,2.52134,2.52134
809,2.52134,2.52134
810,2.52134,2.52134
811,2.52134,2.52134
812,2.52134,2.52134
813,2.52134,2.52134
814,2.52134,2.52134
815,2.46685,2.46685
816,2.46685,2.46685
817,2.46685,2.46685
818,2.24554,2.24554
819,2.24554,2.24554
820,2.24554,2.24554
821,2.11122,2.11122
822,2.11122,2.11122
823,1.9513,1.9513
824,1.73595,1.73595
825,1.73595,1.73595
826,1.73595,1.73595
827,1.73595,1.73595
828,1.73595,1.73595
829,1.73595,1.73595
830,2.1588,2.1588
831,2.55359,2.55359
832,2.81984,2.81984
833,2.81984,2.81984
834,2.81984,2.81984
835,2.55359,2.55359
836,2.1588,2.1588
837,1.76819,1.76819
838,1.76819,1.76819
839,1.76819,1.76819
840,1.76819,1.76819
841,1.76819,1.76819
842,2.1588,2.1588
843,2.55359,2.55359
844,2.9997,2.9997
845,2.9997,2.9997
846,2.9997,2.9997
847,2.9997,2.9997
848,2.9997,2.9997
849,2.9997,2.9997
850,2.9997,2.9997
851,2.55359,2.55359
852,2.55359,2.55359
853,2.55359,2.55359
854,2.9442,2.9442
855,2.9442,2.9442
856,2.9442,2.9442
857,2.9442,2.9442
858,2.9442,2.9442
859,2.55359,2.55359
860,2.1588,2.1588
861,1.68145,1.68145
862,1.68145,1.68145
863,1.68145,1.68145
864,1.68145,1.68145
865,1.68145,1.68145
866,1.68145,1.68145
867,1.68145,1.68145
868,1.68145,1.68145
869,1.68145,1.68145
870,1.68145,1.68145
871,1.68145,1.68145
872,1.68145,1.68145
873,1.68145,1.68145
874,1.68145,1.68145
875,1.68145,1.68145
876,1.68145,1.68145
877,1.68145,1.68145
878,1.68145,1.68145
879,1.68145,1.68145
880,3.05845,3.05845
881,3.05845,3.05845
882,3.05845,3.05845
883,3.05845,3.05845
884,3.05845,3.05845
885,3.05845,3.05845
886,3.22473,-3.05845
887,3.22473,-3.05845
888,3.22473,-3.05845
889,3.22473,-3.05845
890,3.22473,-3.05845
891,3.22473,-3.05845
892,3.36026,-2.92292
893,3.36026,-2.92292
894,3.36026,-2.92292
895,3.36026,-2.92292
896,3.36026,-2.92292
897,3.83633,-2.44685
898,3.83633,-2.44685
899,3.83633,-2.44685
900,3.83633,-2.44685
901,3.83633,-2.44685
902,3.83633,-2.44685
903,3.83633,-2.44685
904,3.83633,-2.44685
905,3.83633,-2.44685
906,3.83633,-2.44685
907,3.83633,-2.44685
908,3.83633,-2.44685
909,3.83633,-2.44685
910,4.06889,-2.2143
911,4.06889,-2.2143
912,4.39064,-1.89255
913,4.39064,-1.89255
914,5.03414,-1.24905
915,5.35589,-0.927295
916,5.35589,-0.927295
917,5.63968,-0.643501
918,5.63968,-0.643501
919,5.63968,-0.643501
920,5.63968,-0.643501
921,4.85429,-1.4289
922,4.85429,-1.4289
923,4.85429,-1.4289
924,4.85429,-1.4289
925,4.57049,-1.71269
926,4.57049,-1.71269
927,4.57049,-1.71269
928,3.54648,-2.7367
929,3.54648,-2.7367
930,3.54648,-2.7367
931,3.54648,-2.7367
932,3.54648,-2.7367
933,3.54648,-2.7367
934,3.28349,-2.9997
935,3.28349,-2.9997
936,3.28349,-2.9997
937,3.28349,-2.9997
938,3.28349,-2.9997
939,3.28349,-2.9997
940,3.28349,-2.9997
941,3.7296,-2.55359
942,4.12439,-2.1588
943,4.46741,-1.81577
944,4.46741,-1.81577
945,4.46741,-1.81577
946,4.46741,-1.81577
947,4.33188,-1.9513
948,4.33188,-1.9513
949,4.17197,-2.11122
950,4.06889,-2.2143
951,4.06889,-2.2143
952,3.78509,-2.49809
953,3.78509,-2.49809
954,3.78509,-2.49809
955,3.78509,-2.49809
956,4.43409,-1.8491
957,4.43409,-1.8491
958,4.43409,-1.8491
959,4.43409,-1.8491
960,4.51499,-1.76819
961,4.51499,-1.76819
962,4.51499,-1.76819
963,4.51499,-1.76819
964,4.51499,-1.76819
965,4.09214,-2.19105
966,4.09214,-2.19105
967,4.09214,-2.19105
968,4.09214,-2.19105
969,4.09214,-2.19105
970,4.03765,-2.24554
971,4.03765,-2.24554
972,4.03765,-2.24554
973,3.81633,-2.46685
974,3.81633,-2.46685
975,3.81633,-2.46685
976,3.81633,-2.46685
977,3.81633,-2.46685
978,3.81633,-2.46685
979,3.81633,-2.46685
980,2.67795,2.67795
981,2.67795,2.67795
982,3.86823,-2.41495
983,3.86823,-2.41495
984,3.86823,-2.41495
985,3.86823,-2.41495
986,3.86823,-2.41495
987,3.86823,-2.41495
988,3.86823,-2.41495
989,3.86823,-2.41495
990,3.98575,-2.29744
991,3.98575,-2.29744
992,3.98575,-2.29744
993,3.98575,-2.29744
994,3.98575,-2.29744
995,3.98575,-2.29744
996,3.98575,-2.29744
997,4.05669,-2.22649
998,4.05669,-2.22649
999,4.05669,-2.22649
1000,4.05669,-2.22649
1001,4.05669,-2.22649
1002,4.05669,-2.22649
1003,4.05669,-2.22649
1004,4.05669,-2.22649
1005,4.05669,-2.22649
1006,4.05669,-2.22649
1007,4.05669,-2.22649
1008,4.05669,-2.22649
1009,4.05669,-2.22649
1010,4.05669,-2.22649
1011,4.18431,-2.09887
1012,4.18431,-2.09887
1013,4.18431,-2.09887
1014,4.18431,-2.09887
1015,4.18431,-2.09887
1016,4.18431,-2.09887
1017,4.18431,-2.09887
1018,4.18431,-2.09887
1019,4.18431,-2.09887
1020,4.18431,-2.09887
1021,4.18431,-2.09887
1022,4.3075,-1.97569
1023,4.3075,-1.97569
1024,4.3075,-1.97569
1025,4.36937,-1.91382
1026,4.36937,-1.91382
1027,4.36937,-1.91382
1028,4.36937,-1.91382
1029,4.36937,-1.91382
1030,4.36937,-1.91382
1031,4.41389,-1.8693
1032,4.41389,-1.8693
1033,4.41389,-1.8693
1034,4.41389,-1.8693
1035,4.41389,-1.8693
1036,4.41389,-1.8693
1037,4.53772,-1.74547
1038,4.53772,-1.74547
1039,4.53772,-1.74547
1040,4.53772,-1.74547
1041,4.53772,-1.74547
1042,4.53772,-1.74547
1043,4.53772,-1.74547
1044,4.53772,-1.74547
1045,4.53772,-1.74547
1046,4.53772,-1.74547
1047,4.55974,-1.72345
1048,4.55974,-1.72345
1049,4.55974,-1.72345
1050,4.66243,-1.62075
1051,4.66243,-1.62075
1052,4.66243,-1.62075
1053,4.66243,-1.62075
1054,4.66243,-1.62075
1055,4.66243,-1.62075
1056,4.66243,-1.62075
1057,4.66243,-1.62075
1058,4.66243,-1.62075
1059,4.66243,-1.62075
1060,4.66243,-1.62075
1061,4.66243,-1.62075
1062,4.66243,-1.62075
1063,4.66243,-1.62075
1064,4.66243,-1.62075
1065,4.66243,-1.62075
1066,4.66243,-1.62075
1067,4.66243,-1.62075
1068,4.66243,-1.62075
1069,4.66243,-1.62075
1070,4.12439,-2.1588
1071,3.7296,-2.55359
1072,3.38657,-2.89661
1073,3.38657,-2.89661
1074,3.38657,-2.89661
1075,3.38657,-2.89661
1076,3.38657,-2.89661
1077,3.38657,-2.89661
1078,2.55359,2.55359
1079,2.55359,2.55359
1080,2.55359,2.55359
1081,3.05845,3.05845
1082,3.05845,3.05845
1083,3.05845,3.05845
1084,3.05845,3.05845
1085,3.05845,3.05845
1086,3.05845,3.05845
1087,3.22473,-3.05845
1088,3.22473,-3.05845
1089,3.22473,-3.05845
1090,3.22473,-3.05845
1091,3.22473,-3.05845
1092,3.22473,-3.05845
1093,3.7296,-2.55359
1094,4.17197,-2.11122
1095,4.17197,-2.11122
1096,4.17197,-2.11122
1097,4.17197,-2.11122
1098,4.17197,-2.11122
1099,4.17197,-2.11122
1100,4.17197,-2.11122
1101,3.7296,-2.55359
1102,3.28349,-2.9997
1103,3.28349,-2.9997
1104,3.28349,-2.9997
1105,3.28349,-2.9997
1106,3.28349,-2.9997
1107,3.28349,-2.9997
1108,3.28349,-2.9997
1109,4.54724,-1.73595
1110,4.54724,-1.73595
1111,4.54724,-1.73595
1112,4.54724,-1.73595
1113,4.54724,-1.73595
1114,4.54724,-1.73595
1115,4.49372,-1.78947
1116,4.49372,-1.78947
1117,4.49372,-1.78947
1118,4.49372,-1.78947
1119,4.49372,-1.78947
1120,4.12439,-2.1588
1121,4.12439,-2.1588
1122,4.12439,-2.1588
1123,4.54724,-1.73595
1124,4.54724,-1.73595
1125,4.54724,-1.73595
1126,4.87754,-1.40565
1127,4.87754,-1.40565
1128,4.87754,-1.40565
1129,5.30039,-0.982794
1130,5.69518,-0.588003
1131,5.69518,-0.588003
1132,5.69518,-0.588003
1133,5.03414,-1.24905
1134,5.03414,-1.24905
1135,4.39064,-1.89255
1136,4.39064,-1.89255
1137,4.39064,-1.89255
1138,4.87754,-1.40565
1139,4.87754,-1.40565
1140,4.87754,-1.40565
1141,4.87754,-1.40565
1142,4.87754,-1.40565
1143,4.87754,-1.40565
1144,4.87754,-1.40565
1145,5.30039,-0.982794
1146,5.69518,-0.588003
1147,6.03821,-0.244979
1148,6.03821,-0.244979
1149,6.03821,-0.244979
1150,6.03821,-0.244979
1151,6.03821,-0.244979
1152,6.03821,-0.244979
1153,6.03821,-0.244979
1154,0.321751,0.321751
1155,0.321751,0.321751
1156,0.321751,0.321751
1157,5.30039,-0.982794
1158,5.30039,-0.982794
1159,5.03414,-1.24905
1160,5.03414,-1.24905
1161,5.03414,-1.24905
1162,5.35589,-0.927295
1163,5.35589,-0.927295
1164,5.35589,-0.927295
1165,5.35589,-0.927295
1166,5.35589,-0.927295
1167,5.35589,-0.927295
1168,5.35589,-0.927295
1169,6.14129,-0.141897
1170,6.14129,-0.141897
1171,6.14129,-0.141897
1172,6.14129,-0.141897
1173,0.141897,0.141897
1174,0.141897,0.141897
1175,0.141897,0.141897
1176,1.24905,1.24905
1177,1.24905,1.24905
1178,1.24905,1.24905
1179,0.380506,0.380506
1180,0.380506,0.380506
1181,0.380506,0.380506
1182,0.380506,0.380506
1183,0.380506,0.380506
1184,5.96143,-0.321751
1185,5.60844,-0.674741
1186,5.60844,-0.674741
1187,5.60844,-0.674741
1188,5.38713,-0.896055
1189,5.38713,-0.896055
1190,5.38713,-0.896055
1191,4.89224,-1.39094
1192,4.89224,-1.39094
1193,4.89224,-1.39094
1194,4.89224,-1.39094
1195,4.89224,-1.39094
1196,4.89224,-1.39094
1197,4.76497,-1.51821
1198,4.76497,-1.51821
1199,4.76497,-1.51821
1200,4.76497,-1.51821
1201,4.76497,-1.51821
1202,4.76497,-1.51821
1203,4.76497,-1.51821
1204,4.76497,-1.51821
1205,4.76497,-1.51821
1206,4.76497,-1.51821
1207,4.65981,-1.62338
1208,4.65981,-1.62338
1209,4.65981,-1.62338
1210,4.65981,-1.62338
1211,4.65981,-1.62338
1212,4.65981,-1.62338
1213,4.65981,-1.62338
1214,4.65981,-1.62338
1215,4.65981,-1.62338
1216,3.60524,-2.67795
1217,3.60524,-2.67795
1218,4.01765,-2.26553
1219,4.01765,-2.26553
1220,4.01765,-2.26553
1221,4.01765,-2.26553
1222,4.01765,-2.26553
1223,4.01765,-2.26553
1224,3.83633,-2.44685
1225,3.83633,-2.44685
1226,3.83633,-2.44685
1227,3.83633,-2.44685
1228,3.83633,-2.44685
1229,3.83633,-2.44685
1230,4.24874,-2.03444
1231,4.24874,-2.03444
1232,3.5221,-2.76109
1233,3.5221,-2.76109
1234,3.5221,-2.76109
1235,3.30674,-2.97644
1236,3.30674,-2.97644
1237,3.30674,-2.97644
1238,3.30674,-2.97644
1239,3.30674,-2.97644
1240,3.30674,-2.97644
1241,3.7296,-2.55359
1242,3.7296,-2.55359
1243,3.7296,-2.55359
1244,3.7296,-2.55359
1245,3.7296,-2.55359
1246,3.7296,-2.55359
1247,3.7296,-2.55359
1248,3.7296,-2.55359
1249,3.33899,-2.9442
1250,3.33899,-2.9442
1251,3.33899,-2.9442
1252,3.33899,-2.9442
1253,3.33899,-2.9442
1254,3.7296,-2.55359
1255,3.7296,-2.55359
1256,3.7296,-2.55359
1257,3.28349,-2.9997
1258,3.28349,-2.9997
1259,3.28349,-2.9997
1260,3.28349,-2.9997
1261,3.03094,3.03094
1262,3.03094,3.03094
1263,3.03094,3.03094
1264,3.03094,3.03094
1265,3.03094,3.03094
1266,3.03094,3.03094
1267,3.03094,3.03094
1268,3.03094,3.03094
1269,3.03094,3.03094
1270,3.25225,-3.03094
1271,3.25225,-3.03094
1272,3.25225,-3.03094
1273,3.25225,-3.03094
1274,4.24874,-2.03444
1275,4.24874,-2.03444
1276,3.38657,-2.89661
1277,3.38657,-2.89661
1278,3.38657,-2.89661
1279,3.38657,-2.89661
1280,3.78509,-2.49809
1281,3.78509,-2.49809
1282,3.78509,-2.49809
1283,3.78509,-2.49809
1284,3.78509,-2.49809
1285,3.78509,-2.49809
1286,3.78509,-2.49809
1287,4.17197,-2.11122
1288,4.17197,-2.11122
1289,4.17197,-2.11122
1290,4.17197,-2.11122
1291,4.17197,-2.11122
1292,4.17197,-2.11122
1293,4.17197,-2.11122
1294,4.17197,-2.11122
1295,4.17197,-2.11122
1296,5.17604,-1.10715
1297,5.17604,-1.10715
1298,5.17604,-1.10715
1299,4.17197,-2.11122
1300,4.17197,-2.11122
1301,4.17197,-2.11122
1302,4.17197,-2.11122
1303,4.06889,-2.2143
1304,4.06889,-2.2143
1305,3.78509,-2.49809
1306,3.78509,-2.49809
1307,3.78509,-2.49809
1308,3.78509,-2.49809
1309,4.43409,-1.8491
1310,4.43409,-1.8491
1311,4.43409,-1.8491
1312,4.43409,-1.8491
1313,4.43409,-1.8491
1314,4.43409,-1.8491
1315,4.43409,-1.8491
1316,4.43409,-1.8491
1317,4.43409,-1.8491
1318,4.60173,-1.68145
1319,4.60173,-1.68145
1320,4.60173,-1.68145
1321,4.60173,-1.68145
1322,4.60173,-1.68145
1323,4.60173,-1.68145
1324,4.60173,-1.68145
1325,4.60173,-1.68145
1326,4.60173,-1.68145
1327,4.12439,-2.1588
1328,4.12439,-2.1588
1329,4.12439,-2.1588
1330,4.12439,-2.1588
1331,4.12439,-2.1588
1332,3.46334,-2.81984
1333,3.46334,-2.81984
1334,3.46334,-2.81984
1335,3.78509,-2.49809
1336,3.78509,-2.49809
1337,4.06889,-2.2143
1338,4.06889,-2.2143
1339,4.46741,-1.81577
1340,4.46741,-1.81577
1341,4.46741,-1.81577
1342,4.46741,-1.81577
1343,4.33188,-1.9513
1344,4.33188,-1.9513
1345,4.33188,-1.9513
1346,3.20816,-3.07502
1347,3.20816,-3.07502
1348,3.20816,-3.07502
1349,3.20816,-3.07502
1350,3.20816,-3.07502
1351,3.20816,-3.07502
1352,3.20816,-3.07502
1353,3.20816,-3.07502
1354,3.20816,-3.07502
1355,3.20816,-3.07502
1356,3.20816,-3.07502
1357,3.20816,-3.07502
1358,3.20816,-3.07502
1359,3.20816,-3.07502
1360,3.20816,-3.07502
1361,4.33188,-1.9513
1362,4.33188,-1.9513
1363,4.33188,-1.9513
1364,4.58803,-1.69515
1365,4.58803,-1.69515
1366,4.58803,-1.69515
1367,4.58803,-1.69515
1368,4.58803,-1.69515
1369,4.58803,-1.69515
1370,4.58803,-1.69515
1371,4.58803,-1.69515
1372,4.58803,-1.69515
1373,4.58803,-1.69515
1374,5.23154,-1.05165
1375,5.23154,-1.05165
1376,5.23154,-1.05165
1377,5.23154,-1.05165
1378,5.23154,-1.05165
1379,5.23154,-1.05165
1380,5.23154,-1.05165
1381,5.35589,-0.927295
1382,5.35589,-0.927295
1383,5.63968,-0.643501
1384,5.63968,-0.643501
1385,6.15883,-0.124355
1386,6.15883,-0.124355
1387,6.15883,-0.124355
1388,6.15883,-0.124355
1389,6.15883,-0.124355
1390,6.15883,-0.124355
1391,6.15883,-0.124355
1392,6.15883,-0.124355
1393,6.00489,-0.2783
1394,6.00489,-0.2783
1395,6.00489,-0.2783
1396,6.00489,-0.2783
1397,5.58845,-0.694738
1398,5.58845,-0.694738
1399,5.58845,-0.694738
1400,5.58845,-0.694738
1401,5.58845,-0.694738
1402,5.58845,-0.694738
1403,5.58845,-0.694738
1404,5.58845,-0.694738
1405,5.58845,-0.694738
1406,6.08579,-0.197396
1407,6.08579,-0.197396
1408,6.08579,-0.197396
1409,6.08579,-0.197396
1410,6.08579,-0.197396
1411,4.93919,-1.344
1412,4.93919,-1.344
1413,4.93919,-1.344
1414,4.93919,-1.344
1415,4.93919,-1.344
1416,4.93919,-1.344
1417,4.93919,-1.344
1418,4.93919,-1.344
1419,4.93919,-1.344
1420,4.93919,-1.344
1421,4.87754,-1.40565
1422,4.87754,-1.40565
1423,4.87754,-1.40565
1424,4.87754,-1.40565
1425,4.87754,-1.40565
1426,4.87754,-1.40565
1427,4.87754,-1.40565
1428,4.87754,-1.40565
1429,4.87754,-1.40565
1430,4.87754,-1.40565
1431,4.87754,-1.40565
1432,4.87754,-1.40565
1433,4.87754,-1.40565
1434,4.99069,-1.2925
1435,4.99069,-1.2925
1436,5.07956,-1.20362
1437,5.07956,-1.20362
1438,5.07956,-1.20362
1439,5.07956,-1.20362
1440,5.07956,-1.20362
1441,5.07956,-1.20362
1442,5.10718,-1.17601
1443,5.10718,-1.17601
1444,5.10718,-1.17601
1445,5.10718,-1.17601
1446,5.10718,-1.17601
1447,5.10718,-1.17601
1448,5.23154,-1.05165
1449,5.23154,-1.05165
1450,5.23154,-1.05165
1451,5.40713,-0.876058
1452,5.40713,-0.876058
1453,5.40713,-0.876058
1454,5.40713,-0.876058
1455,5.58845,-0.694738
1456,5.58845,-0.694738
1457,5.58845,-0.694738
1458,5.58845,-0.694738
1459,5.74277,-0.54042
1460,5.74277,-0.54042
1461,5.90268,-0.380506
1462,6.13054,-0.152649
1463,6.13054,-0.152649
1464,6.13054,-0.152649
1465,6.13054,-0.152649
1466,6.13054,-0.152649
1467,6.13054,-0.152649
1468,6.13054,-0.152649
1469,6.19253,-0.0906599
1470,6.19253,-0.0906599
1471,6.19253,-0.0906599
1472,6.19253,-0.0906599
1473,6.19253,-0.0906599
1474,6.19253,-0.0906599
1475,6.19253,-0.0906599
1476,6.19253,-0.0906599
1477,6.19253,-0.0906599
1478,6.19253,-0.0906599
1479,6.19253,-0.0906599
1480,6.15063,-0.132552
1481,6.15063,-0.132552
1482,6.15063,-0.132552
1483,6.15063,-0.132552
1484,6.15063,-0.132552
1485,6.15063,-0.132552
1486,6.15063,-0.132552
1487,6.15063,-0.132552
1488,5.69518,-0.588003
1489,5.30039,-0.982794
1490,5.30039,-0.982794
1491,5.30039,-0.982794
1492,5.30039,-0.982794
1493,5.74277,-0.54042
1494,5.74277,-0.54042
1495,5.74277,-0.54042
1496,5.74277,-0.54042
1497,5.74277,-0.54042
1498,5.74277,-0.54042
1499,4.78916,-1.49402
1500,4.78916,-1.49402
1501,4.78916,-1.49402
1502,4.78916,-1.49402
1503,4.78916,-1.49402
1504,4.78916,-1.49402
1505,4.78916,-1.49402
1506,4.78916,-1.49402
1507,4.78916,-1.49402
1508,4.78916,-1.49402
1509,4.78916,-1.49402
1510,4.78916,-1.49402
1511,4.78916,-1.49402
1512,4.99069,-1.2925
1513,4.99069,-1.2925
1514,5.07116,-1.21203
1515,5.07116,-1.21203
1516,5.11728,-1.1659
1517,5.11728,-1.1659
1518,5.11728,-1.1659
1519,5.23154,-1.05165
1520,5.23154,-1.05165
1521,5.23154,-1.05165
1522,5.35589,-0.927295
1523,5.35589,-0.927295
1524,5.63968,-0.643501
1525,5.63968,-0.643501
1526,5.77609,-0.507099
1527,5.77609,-0.507099
1528,5.77609,-0.507099
1529,5.77609,-0.507099
1530,5.77609,-0.507099
1531,5.77609,-0.507099
1532,5.77609,-0.507099
1533,5.77609,-0.507099
1534,5.77609,-0.507099
1535,5.77609,-0.507099
1536,5.77609,-0.507099
1537,5.58845,-0.694738
1538,5.58845,-0.694738
1539,5.58845,-0.694738
1540,5.58845,-0.694738
1541,5.40713,-0.876058
1542,5.40713,-0.876058
1543,5.40713,-0.876058
1544,5.40713,-0.876058
1545,4.77481,-1.50838
1546,4.77481,-1.50838
1547,4.77481,-1.50838
1548,4.77481,-1.50838
1549,4.77481,-1.50838
1550,4.77481,-1.50838
1551,4.77481,-1.50838
1552,4.77481,-1.50838
1553,4.77481,-1.50838
1554,4.77481,-1.50838
1555,4.77481,-1.50838
1556,4.77481,-1.50838
1557,4.77481,-1.50838
1558,4.77481,-1.50838
1559,4.77481,-1.50838
1560,4.77481,-1.50838
1561,4.77481,-1.50838
1562,4.77481,-1.50838
1563,4.77481,-1.50838
1564,4.77481,-1.50838
1565,4.77481,-1.50838
1566,4.77481,-1.50838
1567,4.60173,-1.68145
1568,4.60173,-1.68145
1569,4.60173,-1.68145
1570,4.60173,-1.68145
1571,4.03765,-2.24554
1572,4.03765,-2.24554
1573,4.03765,-2.24554
1574,4.03765,-2.24554
1575,4.03765,-2.24554
1576,4.03765,-2.24554
1577,4.03765,-2.24554
1578,4.57049,-1.71269
1579,4.57049,-1.71269
1580,4.57049,-1.71269
1581,4.57049,-1.71269
1582,4.57049,-1.71269
1583,4.57049,-1.71269
1584,4.57049,-1.71269
1585,4.33188,-1.9513
1586,4.33188,-1.9513
1587,4.17197,-2.11122
1588,4.17197,-2.11122
1589,4.17197,-2.11122
1590,4.17197,-2.11122
1591,4.57049,-1.71269
1592,4.57049,-1.71269
1593,4.57049,-1.71269
1594,4.57049,-1.71269
1595,4.85429,-1.4289
1596,4.85429,-1.4289
1597,4.85429,-1.4289
1598,5.25281,-1.03038
1599,5.25281,-1.03038
1600,5.25281,-1.03038
1601,5.25281,-1.03038
1602,5.25281,-1.03038
1603,5.0929,-1.19029
1604,4.79913,-1.48406
1605,4.79913,-1.48406
1606,4.79913,-1.48406
1607,4.79913,-1.48406
1608,4.79913,-1.48406
1609,4.79913,-1.48406
1610,4.79913,-1.48406
1611,4.79913,-1.48406
1612,4.79913,-1.48406
1613,4.79913,-1.48406
1614,4.79913,-1.48406
1615,4.79913,-1.48406
1616,4.75997,-1.52321
1617,4.75997,-1.52321
1618,4.75997,-1.52321
1619,4.75997,-1.52321
1620,4.75997,-1.52321
1621,4.75997,-1.52321
1622,4.75997,-1.52321
1623,4.75997,-1.52321
1624,4.75997,-1.52321
1625,4.75997,-1.52321
1626,4.75997,-1.52321
1627,4.66481,-1.61838
1628,4.66481,-1.61838
1629,4.66481,-1.61838
1630,4.66481,-1.61838
1631,4.66481,-1.61838
1632,4.66481,-1.61838
1633,4.66481,-1.61838
1634,4.66481,-1.61838
1635,4.66481,-1.61838
1636,4.66481,-1.61838
1637,4.66481,-1.61838
1638,4.66481,-1.61838
1639,4.66481,-1.61838
1640,4.66481,-1.61838
1641,4.66481,-1.61838
1642,4.66481,-1.61838
1643,4.76497,-1.51821
1644,4.76497,-1.51821
1645,4.76497,-1.51821
1646,4.76497,-1.51821
1647,4.76497,-1.51821
1648,4.76497,-1.51821
1649,4.76497,-1.51821
1650,4.76497,-1.51821
1651,4.76497,-1.51821
1652,4.76497,-1.51821
1653,4.76497,-1.51821
1654,4.76497,-1.51821
1655,4.76497,-1.51821
1656,4.76497,-1.51821
1657,4.76497,-1.51821
1658,4.76497,-1.51821
1659,4.76497,-1.51821
1660,4.76497,-1.51821
1661,4.76497,-1.51821
1662,4.76497,-1.51821
1663,4.76497,-1.51821
1664,4.76497,-1.51821
1665,4.76497,-1.51821
1666,4.76497,-1.51821
1667,4.76497,-1.51821
1668,4.76497,-1.51821
1669,4.76497,-1.51821
1670,4.76497,-1.51821
1671,4.76497,-1.51821
1672,4.76497,-1.51821
1673,4.61272,-1.67046
1674,4.61272,-1.67046
1675,4.61272,-1.67046
1676,4.61272,-1.67046
1677,4.61272,-1.67046
1678,3.46334,-2.81984
1679,3.46334,-2.81984
1680,3.46334,-2.81984
1681,3.46334,-2.81984
1682,3.46334,-2.81984
1683,2.35619,2.35619
1684,2.35619,2.35619
1685,3.7296,-2.55359
1686,3.7296,-2.55359
1687,3.7296,-2.55359
1688,3.33899,-2.9442
1689,3.33899,-2.9442
1690,3.33899,-2.9442
1691,2.9442,2.9442
1692,2.9442,2.9442
1693,2.9442,2.9442
1694,2.9442,2.9442
1695,3.7296,-2.55359
1696,3.7296,-2.55359
1697,3.7296,-2.55359
1698,3.38657,-2.89661
1699,3.38657,-2.89661
1700,3.38657,-2.89661
1701,3.38657,-2.89661
1702,4.24874,-2.03444
1703,4.24874,-2.03444
1704,4.24874,-2.03444
1705,1.89255,1.89255
1706,1.89255,1.89255
1707,1.89255,1.89255
1708,2.67795,2.67795
1709,3.60524,-2.67795
1710,4.39064,-1.89255
1711,4.39064,-1.89255
1712,4.39064,-1.89255
1713,3.5221,-2.76109
1714,3.5221,-2.76109
1715,3.5221,-2.76109
1716,3.5221,-2.76109
1717,3.5221,-2.76109
1718,3.5221,-2.76109
1719,3.82732,-2.45586
1720,3.82732,-2.45586
1721,3.82732,-2.45586
1722,3.82732,-2.45586
1723,3.82732,-2.45586
1724,3.82732,-2.45586
1725,3.82732,-2.45586
1726,3.82732,-2.45586
1727,3.82732,-2.45586
1728,3.85022,-2.43297
1729,3.85022,-2.43297
1730,3.85022,-2.43297
1731,3.85022,-2.43297
1732,3.85022,-2.43297
1733,4.00376,-2.27942
1734,4.00376,-2.27942
1735,4.00376,-2.27942
1736,4.00376,-2.27942
1737,4.00376,-2.27942
1738,4.17197,-2.11122
1739,4.17197,-2.11122
1740,4.33188,-1.9513
1741,4.46741,-1.81577
1742,4.46741,-1.81577
1743,4.46741,-1.81577
1744,4.46741,-1.81577
1745,4.17197,-2.11122
1746,4.17197,-2.11122
1747,4.17197,-2.11122
1748,4.17197,-2.11122
1749,4.17197,-2.11122
1750,4.33188,-1.9513
1751,4.51499,-1.76819
1752,4.51499,-1.76819
1753,4.51499,-1.76819
1754,4.51499,-1.76819
1755,4.51499,-1.76819
1756,4.12439,-2.1588
1757,4.12439,-2.1588
1758,4.12439,-2.1588
1759,4.46741,-1.81577
1760,4.46741,-1.81577
1761,4.95737,-1.32582
1762,4.95737,-1.32582
1763,4.95737,-1.32582
1764,4.95737,-1.32582
1765,4.58803,-1.69515
1766,4.58803,-1.69515
1767,4.58803,-1.69515
1768,4.58803,-1.69515
1769,4.58803,-1.69515
1770,4.58803,-1.69515
1771,4.83674,-1.44644
1772,4.83674,-1.44644
1773,4.83674,-1.44644
1774,4.83674,-1.44644
1775,5.00385,-1.27934
1776,5.00385,-1.27934
1777,5.00385,-1.27934
1778,5.00385,-1.27934
1779,5.00385,-1.27934
1780,5.00385,-1.27934
1781,5.00385,-1.27934
1782,5.00385,-1.27934
1783,5.30039,-0.982794
1784,5.30039,-0.982794
1785,5.30039,-0.982794
1786,4.95737,-1.32582
1787,4.95737,-1.32582
1788,4.95737,-1.32582
1789,4.95737,-1.32582
1790,5.23154,-1.05165
1791,5.23154,-1.05165
1792,5.23154,-1.05165
1793,5.23154,-1.05165
1794,5.23154,-1.05165
1795,5.23154,-1.05165
1796,5.23154,-1.05165
1797,5.23154,-1.05165
1798,5.23154,-1.05165
1799,5.23154,-1.05165
1800,5.23154,-1.05165
1801,5.27099,-1.0122
1802,5.27099,-1.0122
1803,5.27099,-1.0122
1804,5.33264,-0.950547
1805,5.33264,-0.950547
1806,5.38713,-0.896055
1807,5.38713,-0.896055
1808,5.38713,-0.896055
1809,5.38713,-0.896055
1810,5.38713,-0.896055
1811,5.38713,-0.896055
1812,5.38713,-0.896055
1813,5.03414,-1.24905
1814,5.03414,-1.24905
1815,5.03414,-1.24905
1816,5.35589,-0.927295
1817,5.35589,-0.927295
1818,5.63968,-0.643501
1819,5.63968,-0.643501
1820,6.03821,-0.244979
1821,6.03821,-0.244979
1822,6.03821,-0.244979
1823,6.03821,-0.244979
1824,6.03821,-0.244979
1825,6.03821,-0.244979
1826,6.03821,-0.244979
1827,6.03821,-0.244979
1828,6.03821,-0.244979
1829,5.90268,-0.380506
1830,5.90268,-0.380506
1831,5.74277,-0.54042
1832,5.74277,-0.54042
1833,5.74277,-0.54042
1834,5.74277,-0.54042
1835,5.74277,-0.54042
1836,5.74277,-0.54042
1837,5.94016,-0.343024
1838,5.94016,-0.343024
1839,5.94016,-0.343024
1840,5.94016,-0.343024
1841,5.94016,-0.343024
1842,5.94016,-0.343024
1843,5.94016,-0.343024
1844,5.98469,-0.298499
1845,5.98469,-0.298499
1846,5.98469,-0.298499
1847,5.98469,-0.298499
1848,5.98469,-0.298499
1849,5.98469,-0.298499
1850,5.98469,-0.298499
1851,5.98469,-0.298499
1852,5.98469,-0.298499
1853,5.98469,-0.298499
1854,5.98469,-0.298499
1855,5.98469,-0.298499
1856,5.98469,-0.298499
1857,5.98469,-0.298499
1858,5.69518,-0.588003
1859,5.30039,-0.982794
1860,5.30039,-0.982794
1861,4.64582,-1.63736
1862,4.64582,-1.63736
1863,4.64582,-1.63736
1864,4.64582,-1.63736
1865,4.64582,-1.63736
1866,4.64582,-1.63736
1867,4.64582,-1.63736
1868,4.64582,-1.63736
1869,4.64582,-1.63736
1870,4.64582,-1.63736
1871,4.74809,-1.5351
1872,4.74809,-1.5351
1873,4.74809,-1.5351
1874,4.74809,-1.5351
1875,4.74809,-1.5351
1876,4.74809,-1.5351
1877,4.74809,-1.5351
1878,4.74809,-1.5351
1879,4.74809,-1.5351
1880,4.74809,-1.5351
1881,4.74809,-1.5351
1882,4.74809,-1.5351
1883,4.74809,-1.5351
1884,4.74809,-1.5351
1885,4.74809,-1.5351
1886,4.74809,-1.5351
1887,4.74809,-1.5351
1888,4.74809,-1.5351
1889,4.74809,-1.5351
1890,4.74809,-1.5351
1891,4.74809,-1.5351
1892,4.74809,-1.5351
1893,4.67669,-1.6065
1894,4.67669,-1.6065
1895,4.67669,-1.6065
1896,4.67669,-1.6065
1897,4.67669,-1.6065
1898,4.67669,-1.6065
1899,4.67669,-1.6065
1900,4.67669,-1.6065
1901,4.67669,-1.6065
1902,4.67669,-1.6065
1903,4.67669,-1.6065
1904,4.67669,-1.6065
1905,4.67669,-1.6065
1906,4.67669,-1.6065
1907,3.60524,-2.67795
1908,3.60524,-2.67795
1909,4.24874,-2.03444
1910,5.17604,-1.10715
1911,5.17604,-1.10715
1912,5.17604,-1.10715
1913,4.39064,-1.89255
1914,4.39064,-1.89255
1915,4.39064,-1.89255
1916,5.03414,-1.24905
1917,5.03414,-1.24905
1918,5.03414,-1.24905
1919,4.24874,-2.03444
1920,4.24874,-2.03444
1921,4.24874,-2.03444
1922,4.95737,-1.32582
1923,4.95737,-1.32582
1924,4.95737,-1.32582
1925,4.46741,-1.81577
1926,4.46741,-1.81577
1927,3.60524,-2.67795
1928,3.60524,-2.67795
1929,4.39064,-1.89255
1930,4.39064,-1.89255
1931,5.03414,-1.24905
1932,5.30039,-0.982794
1933,5.30039,-0.982794
1934,5.30039,-0.982794
1935,4.93106,-1.35213
1936,4.93106,-1.35213
1937,4.93106,-1.35213
1938,4.93106,-1.35213
1939,4.93106,-1.35213
1940,4.7837,-1.49949
1941,4.7837,-1.49949
1942,4.7837,-1.49949
1943,4.7837,-1.49949
1944,4.7837,-1.49949
1945,4.7837,-1.49949
1946,4.7837,-1.49949
1947,4.7837,-1.49949
1948,4.7837,-1.49949
1949,4.7837,-1.49949
1950,4.7837,-1.49949
1951,4.7837,-1.49949
1952,4.7837,-1.49949
1953,4.7837,-1.49949
