n,tangent,t2
0,0.643501,0.643501
1,0.643501,0.643501
2,0.643501,0.643501
3,0.643501,0.643501
4,0.643501,0.643501
5,0.643501,0.643501
6,0.643501,0.643501
7,0.643501,0.643501
8,0.950547,0.950547
9,0.950547,0.950547
10,0.950547,0.950547
11,0.950547,0.950547
12,0.950547,0.950547
13,1.0122,1.0122
14,1.0122,1.0122
15,1.0122,1.0122
16,1.0122,1.0122
17,1.19029,1.19029
18,1.35213,1.35213
19,1.35213,1.35213
20,1.35213,1.35213
21,1.35213,1.35213
22,1.35213,1.35213
23,1.48766,1.48766
24,1.48766,1.48766
25,1.48766,1.48766
26,1.48766,1.48766
27,1.48766,1.48766
28,1.48766,1.48766
29,1.65394,1.65394
30,1.65394,1.65394
31,1.65394,1.65394
32,1.65394,1.65394
33,1.65394,1.65394
34,1.65394,1.65394
35,1.65394,1.65394
36,1.65394,1.65394
37,1.10715,1.10715
38,1.10715,1.10715
39,1.59079,1.59079
40,1.59079,1.59079
41,1.59079,1.59079
42,1.59079,1.59079
43,1.59079,1.59079
44,1.59079,1.59079
45,1.59079,1.59079
46,1.59079,1.59079
47,1.59079,1.59079
48,1.59079,1.59079
49,1.59079,1.59079
50,1.59079,1.59079
51,1.59079,1.59079
52,1.59079,1.59079
53,1.59079,1.59079
54,1.59079,1.59079
55,1.59079,1.59079
56,1.59079,1.59079
57,1.59079,1.59079
58,1.59079,1.59079
59,1.59079,1.59079
60,1.59079,1.59079
61,1.59079,1.59079
62,1.59079,1.59079
63,1.59079,1.59079
64,1.59079,1.59079
65,1.59079,1.59079
66,1.5508,1.5508
67,1.5508,1.5508
68,1.5508,1.5508
69,1.5508,1.5508
70,1.5508,1.5508
71,1.5508,1.5508
72,1.5508,1.5508
73,1.5508,1.5508
74,1.5508,1.5508
75,1.5508,1.5508
76,1.5508,1.5508
77,1.5508,1.5508
78,1.5508,1.5508
79,1.5508,1.5508
80,1.5508,1.5508
81,1.5508,1.5508
82,1.5508,1.5508
83,1.5508,1.5508
84,1.5508,1.5508
85,1.5508,1.5508
86,1.5508,1.5508
87,1.5508,1.5508
88,1.5508,1.5508
89,1.5508,1.5508
90,1.5508,1.5508
91,1.19029,1.19029
92,1.19029,1.19029
93,1.03038,1.03038
94,1.03038,1.03038
95,0.588003,0.588003
96,0.291457,0.291457
97,0.291457,0.291457
98,0.291457,0.291457
99,0.291457,0.291457
100,0.291457,0.291457
101,0.291457,0.291457
102,0.291457,0.291457
103,0.291457,0.291457
104,0.291457,0.291457
105,0.291457,0.291457
106,0.291457,0.291457
107,0.291457,0.291457
108,0.348771,0.348771
109,0.348771,0.348771
110,0.348771,0.348771
111,0.348771,0.348771
112,0.404892,0.404892
113,0.404892,0.404892
114,0.404892,0.404892
115,0.404892,0.404892
116,0.404892,0.404892
117,0.404892,0.404892
118,0.404892,0.404892
119,0.244979,0.244979
120,0.244979,0.244979
121,0.244979,0.244979
122,0.244979,0.244979
123,0.404892,0.404892
124,0.404892,0.404892
125,0.404892,0.404892
126,0.519146,0.519146
127,0.519146,0.519146
128,0.519146,0.519146
129,0.745419,0.745419
130,0.745419,0.745419
131,0.745419,0.745419
132,0.745419,0.745419
133,0.745419,0.745419
134,0.745419,0.745419
135,0.745419,0.745419
136,0.745419,0.745419
137,0.745419,0.745419
138,0.745419,0.745419
139,0.745419,0.745419
140,0.825377,0.825377
141,0.825377,0.825377
142,0.825377,0.825377
143,0.825377,0.825377
144,0.825377,0.825377
145,0.825377,0.825377
146,0.825377,0.825377
147,0.825377,0.825377
148,0.825377,0.825377
149,0.825377,0.825377
150,0.825377,0.825377
151,0.950547,0.950547
152,0.950547,0.950547
153,0.950547,0.950547
154,1.0122,1.0122
155,1.0122,1.0122
156,1.05165,1.05165
157,1.05165,1.05165
158,1.05165,1.05165
159,1.1659,1.1659
160,1.1659,1.1659
161,1.1659,1.1659
162,1.21203,1.21203
163,1.21203,1.21203
164,1.21203,1.21203
165,1.21203,1.21203
166,1.21203,1.21203
167,1.21203,1.21203
168,1.21203,1.21203
169,1.21203,1.21203
170,1.21203,1.21203
171,1.21203,1.21203
172,1.21203,1.21203
173,1.21203,1.21203
174,1.21203,1.21203
175,1.2925,1.2925
176,1.2925,1.2925
177,1.47113,1.47113
178,1.47113,1.47113
179,1.47113,1.47113
180,1.47113,1.47113
181,1.47113,1.47113
182,1.67046,1.67046
183,1.67046,1.67046
184,1.67046,1.67046
185,1.67046,1.67046
186,1.67046,1.67046
187,1.7976,1.7976
188,1.7976,1.7976
189,1.7976,1.7976
190,1.7976,1.7976
191,1.7976,1.7976
192,1.7976,1.7976
193,1.7976,1.7976
194,1.7976,1.7976
195,1.7976,1.7976
196,1.7976,1.7976
197,1.99742,1.99742
198,1.99742,1.99742
199,1.99742,1.99742
200,1.99742,1.99742
201,1.99742,1.99742
202,1.99742,1.99742
203,2.07014,2.07014
204,2.07014,2.07014
205,2.07014,2.07014
206,2.07014,2.07014
207,2.07014,2.07014
208,2.07014,2.07014
209,2.23184,2.23184
210,2.23184,2.23184
211,2.23184,2.23184
212,2.23184,2.23184
213,2.23184,2.23184
214,2.23184,2.23184
215,2.23184,2.23184
216,2.28963,2.28963
217,2.28963,2.28963
218,2.28963,2.28963
219,2.28963,2.28963
220,2.28963,2.28963
221,2.28963,2.28963
222,2.42276,2.42276
223,2.42276,2.42276
224,2.42276,2.42276
225,2.42276,2.42276
226,2.42276,2.42276
227,2.42276,2.42276
228,2.42276,2.42276
229,2.42276,2.42276
230,2.1588,2.1588
231,2.1588,2.1588
232,2.1588,2.1588
233,2.1588,2.1588
234,2.1588,2.1588
235,2.1588,2.1588
236,2.1588,2.1588
237,2.1588,2.1588
238,2.60117,2.60117
239,2.60117,2.60117
240,2.60117,2.60117
241,2.76109,2.76109
242,3.03094,3.03094
243,3.03094,3.03094
244,3.03094,3.03094
245,3.03094,3.03094
246,3.03094,3.03094
247,3.03094,3.03094
248,3.03094,3.03094
249,3.03094,3.03094
250,3.03094,3.03094
251,2.86329,2.86329
252,2.86329,2.86329
253,2.78282,2.78282
254,2.78282,2.78282
255,2.78282,2.78282
256,2.78282,2.78282
257,2.58299,2.58299
258,2.58299,2.58299
259,2.58299,2.58299
260,2.58299,2.58299
261,2.58299,2.58299
262,2.58299,2.58299
263,2.58299,2.58299
264,2.1588,2.1588
265,2.1588,2.1588
266,2.1588,2.1588
267,2.1588,2.1588
268,2.1588,2.1588
269,2.1588,2.1588
270,1.58642,1.58642
271,1.58642,1.58642
272,1.58642,1.58642
273,1.58642,1.58642
274,1.58642,1.58642
275,1.58642,1.58642
276,1.58642,1.58642
277,1.58642,1.58642
278,1.58642,1.58642
279,1.58642,1.58642
280,1.58642,1.58642
281,1.58642,1.58642
282,1.58642,1.58642
283,1.58642,1.58642
284,1.58642,1.58642
285,1.58642,1.58642
286,1.58642,1.58642
287,1.58642,1.58642
288,1.58642,1.58642
289,1.58642,1.58642
290,1.58642,1.58642
291,1.58642,1.58642
292,1.58642,1.58642
293,1.58642,1.58642
294,1.58642,1.58642
295,1.58642,1.58642
296,1.58642,1.58642
297,1.58642,1.58642
298,1.58642,1.58642
299,1.58642,1.58642
300,1.58642,1.58642
301,1.58642,1.58642
302,1.55517,1.55517
303,1.55517,1.55517
304,1.55517,1.55517
305,1.55517,1.55517
306,1.55517,1.55517
307,1.55517,1.55517
308,1.55517,1.55517
309,1.55517,1.55517
310,1.55517,1.55517
311,1.55517,1.55517
312,1.55517,1.55517
313,1.55517,1.55517
314,1.55517,1.55517
315,1.55517,1.55517
316,1.55517,1.55517
317,1.55517,1.55517
318,1.55517,1.55517
319,1.55517,1.55517
320,1.55517,1.55517
321,1.55517,1.55517
322,1.55517,1.55517
323,1.55517,1.55517
324,1.55517,1.55517
325,1.55517,1.55517
326,1.55517,1.55517
327,1.55517,1.55517
328,1.55517,1.55517
329,1.55517,1.55517
330,1.55517,1.55517
331,1.55517,1.55517
332,1.55517,1.55517
333,1.55517,1.55517
334,1.19029,1.19029
335,1.19029,1.19029
336,1.19029,1.19029
337,1.19029,1.19029
338,1.46014,1.46014
339,1.46014,1.46014
340,1.46014,1.46014
341,1.46014,1.46014
342,1.46014,1.46014
343,1.68145,1.68145
344,1.68145,1.68145
345,1.68145,1.68145
346,1.68145,1.68145
347,1.9513,1.9513
348,1.9513,1.9513
349,1.9513,1.9513
350,1.9513,1.9513
351,1.73595,1.73595
352,1.73595,1.73595
353,1.73595,1.73595
354,1.73595,1.73595
355,1.73595,1.73595
356,1.73595,1.73595
357,1.9513,1.9513
358,1.9513,1.9513
359,1.9513,1.9513
360,1.9513,1.9513
361,1.62629,1.62629
362,1.62629,1.62629
363,1.62629,1.62629
364,1.62629,1.62629
365,1.62629,1.62629
366,1.62629,1.62629
367,1.62629,1.62629
368,1.62629,1.62629
369,1.62629,1.62629
370,1.62629,1.62629
371,1.62629,1.62629
372,1.62629,1.62629
373,1.62629,1.62629
374,1.62629,1.62629
375,1.62629,1.62629
376,1.62629,1.62629
377,1.62629,1.62629
378,1.62629,1.62629
379,2.1588,2.1588
380,2.1588,2.1588
381,2.1588,2.1588
382,1.73595,1.73595
383,1.73595,1.73595
384,1.73595,1.73595
385,1.39094,1.39094
386,1.39094,1.39094
387,1.39094,1.39094
388,1.39094,1.39094
389,1.39094,1.39094
390,1.39094,1.39094
391,1.39094,1.39094
392,1.39094,1.39094
393,1.39094,1.39094
394,1.39094,1.39094
395,1.4289,1.4289
396,1.4289,1.4289
397,1.4289,1.4289
398,1.4289,1.4289
399,1.61838,1.61838
400,1.61838,1.61838
401,1.61838,1.61838
402,1.61838,1.61838
403,1.61838,1.61838
404,1.61838,1.61838
405,1.61838,1.61838
406,1.61838,1.61838
407,1.61838,1.61838
408,1.61838,1.61838
409,1.61838,1.61838
410,1.61838,1.61838
411,1.61838,1.61838
412,1.61838,1.61838
413,1.61838,1.61838
414,1.52321,1.52321
415,1.52321,1.52321
416,1.52321,1.52321
417,1.52321,1.52321
418,1.52321,1.52321
419,1.52321,1.52321
420,1.52321,1.52321
421,1.52321,1.52321
422,1.52321,1.52321
423,1.52321,1.52321
424,1.2925,1.2925
425,1.2925,1.2925
426,1.2925,1.2925
427,1.2925,1.2925
428,1.2925,1.2925
429,1.48014,1.48014
430,1.48014,1.48014
431,1.48014,1.48014
432,1.48014,1.48014
433,1.48014,1.48014
434,1.48014,1.48014
435,1.48014,1.48014
436,1.48014,1.48014
437,1.48014,1.48014
438,1.48014,1.48014
439,1.48014,1.48014
440,1.19029,1.19029
441,1.19029,1.19029
442,1.19029,1.19029
443,1.19029,1.19029
444,1.51821,1.51821
445,1.51821,1.51821
446,1.51821,1.51821
447,1.51821,1.51821
448,1.51821,1.51821
449,1.51821,1.51821
450,1.51821,1.51821
451,1.51821,1.51821
452,1.51821,1.51821
453,1.51821,1.51821
454,1.62338,1.62338
455,1.62338,1.62338
456,1.62338,1.62338
457,1.62338,1.62338
458,1.62338,1.62338
459,1.62338,1.62338
460,1.62338,1.62338
461,1.62338,1.62338
462,1.62338,1.62338
463,1.72345,1.72345
464,1.72345,1.72345
465,1.72345,1.72345
466,1.72345,1.72345
467,1.72345,1.72345
468,1.72345,1.72345
469,1.72345,1.72345
470,2.1588,2.1588
471,2.1588,2.1588
472,2.1588,2.1588
473,1.76819,1.76819
474,1.76819,1.76819
475,1.76819,1.76819
476,1.4289,1.4289
477,1.4289,1.4289
478,1.4289,1.4289
479,1.4289,1.4289
480,1.4289,1.4289
481,1.4289,1.4289
482,1.4289,1.4289
483,1.71269,1.71269
484,1.71269,1.71269
485,1.71269,1.71269
486,1.71269,1.71269
487,1.71269,1.71269
488,1.4289,1.4289
489,1.4289,1.4289
490,1.4289,1.4289
491,1.4289,1.4289
492,1.4289,1.4289
493,1.4289,1.4289
494,1.71269,1.71269
495,1.71269,1.71269
496,1.71269,1.71269
497,1.75065,1.75065
498,1.75065,1.75065
499,1.75065,1.75065
500,1.75065,1.75065
501,1.75065,1.75065
502,1.75065,1.75065
503,1.75065,1.75065
504,1.63322,1.63322
505,1.63322,1.63322
506,1.63322,1.63322
507,1.63322,1.63322
508,1.63322,1.63322
509,1.63322,1.63322
510,1.63322,1.63322
511,1.63322,1.63322
512,1.50838,1.50838
513,1.50838,1.50838
514,1.50838,1.50838
515,1.50838,1.50838
516,1.50838,1.50838
517,1.50838,1.50838
518,1.50838,1.50838
519,1.50838,1.50838
520,0.982794,0.982794
521,0.982794,0.982794
522,0.982794,0.982794
523,1.48014,1.48014
524,1.48014,1.48014
525,1.48014,1.48014
526,1.48014,1.48014
527,1.48014,1.48014
528,1.48014,1.48014
529,1.66146,1.66146
530,1.66146,1.66146
531,1.66146,1.66146
532,1.66146,1.66146
533,1.66146,1.66146
534,1.9513,1.9513
535,1.9513,1.9513
536,1.9513,1.9513
537,1.9513,1.9513
538,1.60304,1.60304
539,1.60304,1.60304
540,1.60304,1.60304
541,1.60304,1.60304
542,1.60304,1.60304
543,1.60304,1.60304
544,1.60304,1.60304
545,1.60304,1.60304
546,1.60304,1.60304
547,1.60304,1.60304
548,1.60304,1.60304
549,1.60304,1.60304
550,1.60304,1.60304
551,1.60304,1.60304
552,1.60304,1.60304
553,1.60304,1.60304
554,1.53855,1.53855
555,1.53855,1.53855
556,1.53855,1.53855
557,1.53855,1.53855
558,1.53855,1.53855
559,1.53855,1.53855
560,1.53855,1.53855
561,1.53855,1.53855
562,1.53855,1.53855
563,1.53855,1.53855
564,1.53855,1.53855
565,1.53855,1.53855
566,1.53855,1.53855
567,1.53855,1.53855
568,1.53855,1.53855
569,1.38545,1.38545
570,1.38545,1.38545
571,1.38545,1.38545
572,1.38545,1.38545
573,1.38545,1.38545
574,1.38545,1.38545
575,1.3633,1.3633
576,1.3633,1.3633
577,1.3633,1.3633
578,1.3633,1.3633
579,1.3633,1.3633
580,1.3633,1.3633
581,1.3633,1.3633
582,1.3633,1.3633
583,1.3633,1.3633
584,1.3633,1.3633
585,1.3633,1.3633
586,0.558599,0.558599
587,0.558599,0.558599
588,0.558599,0.558599
589,0.558599,0.558599
590,0.558599,0.558599
591,0.558599,0.558599
592,0.558599,0.558599
593,0.558599,0.558599
594,0.620249,0.620249
595,0.620249,0.620249
596,0.71883,0.71883
597,0.71883,0.71883
598,0.71883,0.71883
599,0.71883,0.71883
600,0.71883,0.71883
601,0.71883,0.71883
602,0.851966,0.851966
603,0.851966,0.851966
604,0.851966,0.851966
605,0.851966,0.851966
606,0.851966,0.851966
607,0.851966,0.851966
608,0.851966,0.851966
609,0.851966,0.851966
610,0.851966,0.851966
611,0.851966,0.851966
612,0.851966,0.851966
613,0.851966,0.851966
614,0.851966,0.851966
615,0.708626,0.708626
616,0.708626,0.708626
617,0.708626,0.708626
618,0.708626,0.708626
619,0.708626,0.708626
620,0.54042,0.54042
621,0.54042,0.54042
622,0.54042,0.54042
623,0.54042,0.54042
624,0.54042,0.54042
625,0.54042,0.54042
626,0.982794,0.982794
627,0.982794,0.982794
628,0.982794,0.982794
629,0.982794,0.982794
630,0.982794,0.982794
631,0.982794,0.982794
632,1.2925,1.2925
633,1.2925,1.2925
634,1.2925,1.2925
635,1.2925,1.2925
636,1.2925,1.2925
637,1.2925,1.2925
638,1.2925,1.2925
639,1.2925,1.2925
640,1.2925,1.2925
641,1.40565,1.40565
642,1.40565,1.40565
643,1.40565,1.40565
644,1.73595,1.73595
645,1.73595,1.73595
646,1.73595,1.73595
647,1.86225,1.86225
648,1.86225,1.86225
649,1.86225,1.86225
650,1.86225,1.86225
651,1.86225,1.86225
652,1.86225,1.86225
653,1.86225,1.86225
654,1.86225,1.86225
655,1.86225,1.86225
656,1.86225,1.86225
657,1.86225,1.86225
658,1.86225,1.86225
659,1.86225,1.86225
660,2.1588,2.1588
661,2.1588,2.1588
662,2.1588,2.1588
663,2.1588,2.1588
664,2.1588,2.1588
665,2.76109,2.76109
666,2.76109,2.76109
667,2.76109,2.76109
668,2.97644,2.97644
669,2.97644,2.97644
670,2.97644,2.97644
671,2.97644,2.97644
672,2.97644,2.97644
673,2.97644,2.97644
674,2.76109,2.76109
675,2.76109,2.76109
676,2.60117,2.60117
677,2.60117,2.60117
678,2.60117,2.60117
679,2.60117,2.60117
680,2.76109,2.76109
681,2.76109,2.76109
682,2.76109,2.76109
683,2.76109,2.76109
684,2.76109,2.76109
685,2.60117,2.60117
686,2.60117,2.60117
687,2.60117,2.60117
688,2.60117,2.60117
689,2.89661,2.89661
690,2.89661,2.89661
691,2.89661,2.89661
692,2.89661,2.89661
693,2.72337,2.72337
694,2.72337,2.72337
695,2.72337,2.72337
696,2.72337,2.72337
697,2.72337,2.72337
698,2.72337,2.72337
699,2.72337,2.72337
700,2.72337,2.72337
701,2.72337,2.72337
702,1.69515,1.69515
703,1.69515,1.69515
704,1.69515,1.69515
705,1.69515,1.69515
706,1.69515,1.69515
707,1.69515,1.69515
708,1.69515,1.69515
709,1.69515,1.69515
710,1.69515,1.69515
711,1.69515,1.69515
712,1.69515,1.69515
713,1.69515,1.69515
714,1.69515,1.69515
715,1.69515,1.69515
716,1.69515,1.69515
717,1.69515,1.69515
718,1.69515,1.69515
719,1.69515,1.69515
720,1.69515,1.69515
721,1.69515,1.69515
722,1.69515,1.69515
723,1.69515,1.69515
724,1.69515,1.69515
725,1.69515,1.69515
726,1.69515,1.69515
727,1.69515,1.69515
728,1.86225,1.86225
729,1.86225,1.86225
730,1.86225,1.86225
731,1.86225,1.86225
732,1.91957,1.91957
733,1.91957,1.91957
734,1.91957,1.91957
735,1.91957,1.91957
736,1.99742,1.99742
737,1.99742,1.99742
738,1.99742,1.99742
739,1.99742,1.99742
740,1.99742,1.99742
741,1.99742,1.99742
742,2.07014,2.07014
743,2.07014,2.07014
744,2.07014,2.07014
745,2.07014,2.07014
746,2.07014,2.07014
747,2.07014,2.07014
748,2.14213,2.14213
749,2.14213,2.14213
750,2.14213,2.14213
751,2.14213,2.14213
752,2.14213,2.14213
753,2.14213,2.14213
754,2.14213,2.14213
755,2.14213,2.14213
756,2.17634,2.17634
757,2.17634,2.17634
758,2.17634,2.17634
759,2.17634,2.17634
760,2.17634,2.17634
761,2.17634,2.17634
762,2.17634,2.17634
763,2.31917,2.31917
764,2.31917,2.31917
765,2.31917,2.31917
766,2.31917,2.31917
767,2.31917,2.31917
768,2.31917,2.31917
769,2.31917,2.31917
770,2.31917,2.31917
771,2.31917,2.31917
772,2.31917,2.31917
773,2.31917,2.31917
774,2.31917,2.31917
775,2.39321,2.39321
776,2.39321,2.39321
777,2.39321,2.39321
778,2.39321,2.39321
779,2.39321,2.39321
780,2.39321,2.39321
781,2.39321,2.39321
782,2.39321,2.39321
783,2.39321,2.39321
784,2.39321,2.39321
785,2.39321,2.39321
786,2.39321,2.39321
787,2.53087,2.53087
788,2.53087,2.53087
789,2.53087,2.53087
790,2.53087,2.53087
791,2.53087,2.53087
792,2.53087,2.53087
793,2.53087,2.53087
794,2.53087,2.53087
795,2.53087,2.53087
796,2.53087,2.53087
797,2.53087,2.53087
798,2.53087,2.53087
799,1.9513,1.9513
800,1.9513,1.9513
801,1.9513,1.9513
802,1.76819,1.76819
803,1.76819,1.76819
804,1.76819,1.76819
805,1.76819,1.76819
806,1.76819,1.76819
807,1.9513,1.9513
808,1.9513,1.9513
809,2.11122,2.11122
810,2.11122,2.11122
811,2.55359,2.55359
812,2.55359,2.55359
813,2.55359,2.55359
814,2.55359,2.55359
815,2.1588,2.1588
816,2.1588,2.1588
817,2.1588,2.1588
818,2.1588,2.1588
819,2.1588,2.1588
820,2.1588,2.1588
821,2.1588,2.1588
822,2.1588,2.1588
823,2.86329,2.86329
824,2.86329,2.86329
825,2.86329,2.86329
826,2.86329,2.86329
827,2.86329,2.86329
828,2.86329,2.86329
829,2.86329,2.86329
830,2.86329,2.86329
831,2.55359,2.55359
832,2.55359,2.55359
833,2.55359,2.55359
834,2.89661,2.89661
835,2.89661,2.89661
836,2.89661,2.89661
837,2.89661,2.89661
838,2.55359,2.55359
839,2.1588,2.1588
840,1.89255,1.89255
841,1.89255,1.89255
842,1.89255,1.89255
843,2.23184,2.23184
844,2.23184,2.23184
845,2.23184,2.23184
846,2.23184,2.23184
847,2.23184,2.23184
848,2.23184,2.23184
849,2.23184,2.23184
850,2.23184,2.23184
851,2.23184,2.23184
852,2.23184,2.23184
853,2.46685,2.46685
854,2.46685,2.46685
855,2.46685,2.46685
856,2.60117,2.60117
857,2.60117,2.60117
858,2.78282,2.78282
859,2.78282,2.78282
860,2.78282,2.78282
861,2.86329,2.86329
862,2.86329,2.86329
863,3.05845,3.05845
864,3.05845,3.05845
865,3.05845,3.05845
866,3.05845,3.05845
867,3.05845,3.05845
868,3.05845,3.05845
869,3.22473,-3.05845
870,3.22473,-3.05845
871,3.22473,-3.05845
872,3.22473,-3.05845
873,3.22473,-3.05845
874,3.22473,-3.05845
875,3.78509,-2.49809
876,3.78509,-2.49809
877,4.06889,-2.2143
878,4.06889,-2.2143
879,4.39064,-1.89255
880,4.39064,-1.89255
881,5.03414,-1.24905
882,5.35589,-0.927295
883,5.35589,-0.927295
884,5.35589,-0.927295
885,5.35589,-0.927295
886,5.35589,-0.927295
887,0.785398,0.785398
888,0.785398,0.785398
889,4.85429,-1.4289
890,4.85429,-1.4289
891,4.85429,-1.4289
892,4.85429,-1.4289
893,4.57049,-1.71269
894,4.57049,-1.71269
895,4.57049,-1.71269
896,4.12439,-2.1588
897,3.7296,-2.55359
898,3.7296,-2.55359
899,3.7296,-2.55359
900,3.7296,-2.55359
901,3.7296,-2.55359
902,3.7296,-2.55359
903,3.41989,-2.86329
904,3.41989,-2.86329
905,3.41989,-2.86329
906,3.41989,-2.86329
907,3.41989,-2.86329
908,3.41989,-2.86329
909,3.41989,-2.86329
910,3.41989,-2.86329
911,4.33188,-1.9513
912,4.33188,-1.9513
913,4.33188,-1.9513
914,4.33188,-1.9513
915,4.33188,-1.9513
916,4.33188,-1.9513
917,4.03765,-2.24554
918,4.03765,-2.24554
919,4.03765,-2.24554
920,4.03765,-2.24554
921,4.03765,-2.24554
922,4.03765,-2.24554
923,4.03765,-2.24554
924,4.17197,-2.11122
925,4.17197,-2.11122
926,4.33188,-1.9513
927,4.54724,-1.73595
928,4.54724,-1.73595
929,4.54724,-1.73595
930,4.54724,-1.73595
931,4.54724,-1.73595
932,4.54724,-1.73595
933,3.98575,-2.29744
934,3.98575,-2.29744
935,3.98575,-2.29744
936,3.98575,-2.29744
937,3.98575,-2.29744
938,3.98575,-2.29744
939,3.98575,-2.29744
940,3.86823,-2.41495
941,3.86823,-2.41495
942,3.86823,-2.41495
943,3.86823,-2.41495
944,3.86823,-2.41495
945,3.86823,-2.41495
946,3.86823,-2.41495
947,3.86823,-2.41495
948,3.86823,-2.41495
949,3.86823,-2.41495
950,3.86823,-2.41495
951,3.86823,-2.41495
952,3.86823,-2.41495
953,3.86823,-2.41495
954,3.86823,-2.41495
955,2.35619,2.35619
956,2.35619,2.35619
957,3.97957,-2.30361
958,3.97957,-2.30361
959,3.97957,-2.30361
960,3.97957,-2.30361
961,3.97957,-2.30361
962,3.97957,-2.30361
963,3.97957,-2.30361
964,3.97957,-2.30361
965,3.97957,-2.30361
966,3.97957,-2.30361
967,3.97957,-2.30361
968,3.97957,-2.30361
969,3.97957,-2.30361
970,3.97957,-2.30361
971,3.97957,-2.30361
972,3.97957,-2.30361
973,4.05135,-2.23184
974,4.05135,-2.23184
975,4.05135,-2.23184
976,4.05135,-2.23184
977,4.05135,-2.23184
978,4.05135,-2.23184
979,4.05135,-2.23184
980,4.18431,-2.09887
981,4.18431,-2.09887
982,4.18431,-2.09887
983,4.18431,-2.09887
984,4.18431,-2.09887
985,4.18431,-2.09887
986,4.18431,-2.09887
987,4.18431,-2.09887
988,4.18431,-2.09887
989,4.18431,-2.09887
990,4.18431,-2.09887
991,4.3075,-1.97569
992,4.3075,-1.97569
993,4.3075,-1.97569
994,4.36362,-1.91957
995,4.36362,-1.91957
996,4.36362,-1.91957
997,4.36362,-1.91957
998,4.42093,-1.86225
999,4.42093,-1.86225
1000,4.42093,-1.86225
1001,4.42093,-1.86225
1002,4.44614,-1.83705
1003,4.44614,-1.83705
1004,4.44614,-1.83705
1005,4.5013,-1.78189
1006,4.5013,-1.78189
1007,4.5013,-1.78189
1008,4.5013,-1.78189
1009,4.5013,-1.78189
1010,4.53254,-1.75065
1011,4.53254,-1.75065
1012,4.53254,-1.75065
1013,4.57984,-1.70335
1014,4.57984,-1.70335
1015,4.57984,-1.70335
1016,4.57984,-1.70335
1017,4.57984,-1.70335
1018,4.57984,-1.70335
1019,4.57984,-1.70335
1020,4.57984,-1.70335
1021,4.64108,-1.6421
1022,4.64108,-1.6421
1023,4.64108,-1.6421
1024,4.64108,-1.6421
1025,4.64108,-1.6421
1026,4.64108,-1.6421
1027,4.64108,-1.6421
1028,4.64108,-1.6421
1029,4.64108,-1.6421
1030,4.64108,-1.6421
1031,4.64108,-1.6421
1032,4.64108,-1.6421
1033,4.64108,-1.6421
1034,4.64108,-1.6421
1035,4.49372,-1.78947
1036,4.49372,-1.78947
1037,4.49372,-1.78947
1038,4.49372,-1.78947
1039,4.49372,-1.78947
1040,4.12439,-2.1588
1041,3.7296,-2.55359
1042,3.33899,-2.9442
1043,3.33899,-2.9442
1044,3.33899,-2.9442
1045,3.05093,3.05093
1046,3.05093,3.05093
1047,3.05093,3.05093
1048,3.05093,3.05093
1049,3.05093,3.05093
1050,3.05093,3.05093
1051,3.05093,3.05093
1052,3.05093,3.05093
1053,3.05093,3.05093
1054,3.23225,-3.05093
1055,3.23225,-3.05093
1056,3.23225,-3.05093
1057,3.23225,-3.05093
1058,3.23225,-3.05093
1059,3.23225,-3.05093
1060,5.49779,-0.785398
1061,5.49779,-0.785398
1062,3.92699,-2.35619
1063,2.67795,2.67795
1064,2.67795,2.67795
1065,3.60524,-2.67795
1066,4.12439,-2.1588
1067,4.12439,-2.1588
1068,4.12439,-2.1588
1069,3.70019,-2.58299
1070,3.70019,-2.58299
1071,3.70019,-2.58299
1072,3.70019,-2.58299
1073,3.70019,-2.58299
1074,3.70019,-2.58299
1075,3.70019,-2.58299
1076,3.70019,-2.58299
1077,3.70019,-2.58299
1078,3.70019,-2.58299
1079,3.70019,-2.58299
1080,3.70019,-2.58299
1081,4.12439,-2.1588
1082,4.54724,-1.73595
1083,4.54724,-1.73595
1084,4.54724,-1.73595
1085,4.54724,-1.73595
1086,4.54724,-1.73595
1087,4.54724,-1.73595
1088,4.49372,-1.78947
1089,4.49372,-1.78947
1090,4.49372,-1.78947
1091,4.49372,-1.78947
1092,4.49372,-1.78947
1093,4.49372,-1.78947
1094,4.49372,-1.78947
1095,4.49372,-1.78947
1096,4.95737,-1.32582
1097,4.95737,-1.32582
1098,4.95737,-1.32582
1099,4.95737,-1.32582
1100,3.92699,-2.35619
1101,3.92699,-2.35619
1102,5.30039,-0.982794
1103,5.30039,-0.982794
1104,5.30039,-0.982794
1105,4.99069,-1.2925
1106,4.99069,-1.2925
1107,4.99069,-1.2925
1108,4.99069,-1.2925
1109,4.99069,-1.2925
1110,4.99069,-1.2925
1111,5.07116,-1.21203
1112,5.07116,-1.21203
1113,5.07116,-1.21203
1114,5.07116,-1.21203
1115,5.07116,-1.21203
1116,5.87829,-0.404892
1117,5.87829,-0.404892
1118,5.87829,-0.404892
1119,5.87829,-0.404892
1120,5.87829,-0.404892
1121,5.87829,-0.404892
1122,5.87829,-0.404892
1123,5.87829,-0.404892
1124,5.87829,-0.404892
1125,5.69518,-0.588003
1126,5.30039,-0.982794
1127,5.30039,-0.982794
1128,5.30039,-0.982794
1129,5.30039,-0.982794
1130,5.69518,-0.588003
1131,5.69518,-0.588003
1132,5.69518,-0.588003
1133,5.03414,-1.24905
1134,5.03414,-1.24905
1135,5.03414,-1.24905
1136,5.96143,-0.321751
1137,5.96143,-0.321751
1138,0.321751,0.321751
1139,1.10715,1.10715
1140,1.10715,1.10715
1141,1.10715,1.10715
1142,5.49779,-0.785398
1143,5.49779,-0.785398
1144,0.463648,0.463648
1145,0.463648,0.463648
1146,0.463648,0.463648
1147,0.463648,0.463648
1148,0.463648,0.463648
1149,0.463648,0.463648
1150,0.463648,0.463648
1151,0.463648,0.463648
1152,5.74277,-0.54042
1153,5.74277,-0.54042
1154,5.74277,-0.54042
1155,5.74277,-0.54042
1156,5.63968,-0.643501
1157,5.63968,-0.643501
1158,5.35589,-0.927295
1159,5.35589,-0.927295
1160,4.89224,-1.39094
1161,4.89224,-1.39094
1162,4.89224,-1.39094
1163,4.89224,-1.39094
1164,4.89224,-1.39094
1165,4.89224,-1.39094
1166,4.79553,-1.48766
1167,4.79553,-1.48766
1168,4.79553,-1.48766
1169,4.79553,-1.48766
1170,4.79553,-1.48766
1171,4.79553,-1.48766
1172,4.62925,-1.65394
1173,4.62925,-1.65394
1174,4.62925,-1.65394
1175,4.62925,-1.65394
1176,4.62925,-1.65394
1177,4.62925,-1.65394
1178,4.06889,-2.2143
1179,4.06889,-2.2143
1180,4.06889,-2.2143
1181,4.06889,-2.2143
1182,4.06889,-2.2143
1183,4.06889,-2.2143
1184,4.06889,-2.2143
1185,3.86823,-2.41495
1186,3.86823,-2.41495
1187,3.86823,-2.41495
1188,3.86823,-2.41495
1189,3.86823,-2.41495
1190,3.86823,-2.41495
1191,3.86823,-2.41495
1192,3.86823,-2.41495
1193,3.86823,-2.41495
1194,3.98575,-2.29744
1195,3.98575,-2.29744
1196,3.98575,-2.29744
1197,3.98575,-2.29744
1198,3.98575,-2.29744
1199,3.98575,-2.29744
1200,3.98575,-2.29744
1201,4.17197,-2.11122
1202,4.17197,-2.11122
1203,4.17197,-2.11122
1204,4.17197,-2.11122
1205,4.17197,-2.11122
1206,4.17197,-2.11122
1207,3.68201,-2.60117
1208,3.68201,-2.60117
1209,3.68201,-2.60117
1210,3.68201,-2.60117
1211,3.68201,-2.60117
1212,3.68201,-2.60117
1213,3.68201,-2.60117
1214,3.68201,-2.60117
1215,3.68201,-2.60117
1216,3.46334,-2.81984
1217,3.46334,-2.81984
1218,3.46334,-2.81984
1219,3.46334,-2.81984
1220,3.46334,-2.81984
1221,3.46334,-2.81984
1222,3.46334,-2.81984
1223,3.7296,-2.55359
1224,3.7296,-2.55359
1225,3.7296,-2.55359
1226,3.32145,-2.96174
1227,3.32145,-2.96174
1228,3.32145,-2.96174
1229,3.32145,-2.96174
1230,3.32145,-2.96174
1231,3.32145,-2.96174
1232,3.25225,-3.03094
1233,3.25225,-3.03094
1234,3.25225,-3.03094
1235,3.25225,-3.03094
1236,3.25225,-3.03094
1237,3.25225,-3.03094
1238,3.25225,-3.03094
1239,3.25225,-3.03094
1240,3.25225,-3.03094
1241,3.32145,-2.96174
1242,3.32145,-2.96174
1243,3.32145,-2.96174
1244,3.32145,-2.96174
1245,3.32145,-2.96174
1246,3.32145,-2.96174
1247,3.54648,-2.7367
1248,3.54648,-2.7367
1249,3.54648,-2.7367
1250,3.66074,-2.62245
1251,3.66074,-2.62245
1252,3.66074,-2.62245
1253,3.81633,-2.46685
1254,3.81633,-2.46685
1255,3.81633,-2.46685
1256,4.03765,-2.24554
1257,4.03765,-2.24554
1258,4.03765,-2.24554
1259,4.09214,-2.19105
1260,4.09214,-2.19105
1261,4.09214,-2.19105
1262,4.15379,-2.1294
1263,4.15379,-2.1294
1264,4.15379,-2.1294
1265,4.15379,-2.1294
1266,4.15379,-2.1294
1267,4.15379,-2.1294
1268,4.15379,-2.1294
1269,3.60524,-2.67795
1270,3.60524,-2.67795
1271,4.15379,-2.1294
1272,4.15379,-2.1294
1273,4.15379,-2.1294
1274,4.15379,-2.1294
1275,4.15379,-2.1294
1276,4.15379,-2.1294
1277,4.15379,-2.1294
1278,4.15379,-2.1294
1279,4.15379,-2.1294
1280,4.15379,-2.1294
1281,4.22243,-2.06075
1282,4.22243,-2.06075
1283,4.22243,-2.06075
1284,4.22243,-2.06075
1285,4.22243,-2.06075
1286,4.22243,-2.06075
1287,4.22243,-2.06075
1288,4.22243,-2.06075
1289,4.22243,-2.06075
1290,4.27576,-2.00742
1291,4.27576,-2.00742
1292,4.27576,-2.00742
1293,4.27576,-2.00742
1294,4.27576,-2.00742
1295,4.27576,-2.00742
1296,4.27576,-2.00742
1297,4.27576,-2.00742
1298,4.27576,-2.00742
1299,4.27576,-2.00742
1300,4.27576,-2.00742
1301,4.27576,-2.00742
1302,3.60524,-2.67795
1303,3.60524,-2.67795
1304,4.15379,-2.1294
1305,4.15379,-2.1294
1306,4.15379,-2.1294
1307,4.15379,-2.1294
1308,4.15379,-2.1294
1309,4.15379,-2.1294
1310,4.15379,-2.1294
1311,4.15379,-2.1294
1312,4.15379,-2.1294
1313,4.15379,-2.1294
1314,4.15379,-2.1294
1315,4.15379,-2.1294
1316,4.15379,-2.1294
1317,4.15379,-2.1294
1318,4.15379,-2.1294
1319,4.15379,-2.1294
1320,4.15379,-2.1294
1321,4.15379,-2.1294
1322,4.19324,-2.08994
1323,4.19324,-2.08994
1324,4.19324,-2.08994
1325,4.3075,-1.97569
1326,4.3075,-1.97569
1327,4.3075,-1.97569
1328,4.3075,-1.97569
1329,4.3075,-1.97569
1330,4.3075,-1.97569
1331,4.3075,-1.97569
1332,4.3075,-1.97569
1333,5.33264,-0.950547
1334,5.33264,-0.950547
1335,5.33264,-0.950547
1336,5.33264,-0.950547
1337,5.33264,-0.950547
1338,5.33264,-0.950547
1339,5.38713,-0.896055
1340,5.38713,-0.896055
1341,5.38713,-0.896055
1342,5.60844,-0.674741
1343,5.60844,-0.674741
1344,5.60844,-0.674741
1345,5.66294,-0.620249
1346,5.66294,-0.620249
1347,5.66294,-0.620249
1348,5.66294,-0.620249
1349,5.66294,-0.620249
1350,5.66294,-0.620249
1351,5.66294,-0.620249
1352,5.60844,-0.674741
1353,5.60844,-0.674741
1354,5.60844,-0.674741
1355,5.40713,-0.876058
1356,5.40713,-0.876058
1357,5.40713,-0.876058
1358,5.40713,-0.876058
1359,5.40713,-0.876058
1360,5.40713,-0.876058
1361,5.40713,-0.876058
1362,5.40713,-0.876058
1363,5.40713,-0.876058
1364,5.40713,-0.876058
1365,5.40713,-0.876058
1366,5.40713,-0.876058
1367,5.40713,-0.876058
1368,5.40713,-0.876058
1369,5.03414,-1.24905
1370,5.03414,-1.24905
1371,5.03414,-1.24905
1372,5.30039,-0.982794
1373,5.30039,-0.982794
1374,5.30039,-0.982794
1375,4.93919,-1.344
1376,4.93919,-1.344
1377,4.93919,-1.344
1378,4.93919,-1.344
1379,4.93919,-1.344
1380,4.93919,-1.344
1381,4.93919,-1.344
1382,4.93919,-1.344
1383,4.93919,-1.344
1384,4.93919,-1.344
1385,4.93919,-1.344
1386,4.93919,-1.344
1387,4.93919,-1.344
1388,4.93919,-1.344
1389,4.93919,-1.344
1390,4.99069,-1.2925
1391,4.99069,-1.2925
1392,5.07116,-1.21203
1393,5.07116,-1.21203
1394,5.13061,-1.15257
1395,5.13061,-1.15257
1396,5.13061,-1.15257
1397,5.13061,-1.15257
1398,5.13061,-1.15257
1399,5.21949,-1.0637
1400,5.21949,-1.0637
1401,5.21949,-1.0637
1402,5.21949,-1.0637
1403,5.40713,-0.876058
1404,5.40713,-0.876058
1405,5.40713,-0.876058
1406,5.40713,-0.876058
1407,5.58845,-0.694738
1408,5.58845,-0.694738
1409,5.58845,-0.694738
1410,5.58845,-0.694738
1411,5.66294,-0.620249
1412,5.66294,-0.620249
1413,5.66294,-0.620249
1414,5.66294,-0.620249
1415,5.66294,-0.620249
1416,6.00489,-0.2783
1417,6.00489,-0.2783
1418,6.00489,-0.2783
1419,6.00489,-0.2783
1420,6.13054,-0.152649
1421,6.13054,-0.152649
1422,6.13054,-0.152649
1423,6.13054,-0.152649
1424,6.13054,-0.152649
1425,6.13054,-0.152649
1426,6.13054,-0.152649
1427,6.15883,-0.124355
1428,6.15883,-0.124355
1429,6.15883,-0.124355
1430,6.15883,-0.124355
1431,6.15883,-0.124355
1432,6.15883,-0.124355
1433,6.15883,-0.124355
1434,6.15883,-0.124355
1435,6.06452,-0.218669
1436,6.06452,-0.218669
1437,6.06452,-0.218669
1438,6.01693,-0.266252
1439,6.01693,-0.266252
1440,6.01693,-0.266252
1441,6.01693,-0.266252
1442,6.01693,-0.266252
1443,6.01693,-0.266252
1444,5.60844,-0.674741
1445,5.60844,-0.674741
1446,5.60844,-0.674741
1447,5.60844,-0.674741
1448,5.60844,-0.674741
1449,5.60844,-0.674741
1450,5.60844,-0.674741
1451,5.60844,-0.674741
1452,5.60844,-0.674741
1453,5.60844,-0.674741
1454,5.30039,-0.982794
1455,4.77896,-1.50423
1456,4.77896,-1.50423
1457,4.77896,-1.50423
1458,4.77896,-1.50423
1459,4.77896,-1.50423
1460,4.77896,-1.50423
1461,4.77896,-1.50423
1462,4.77896,-1.50423
1463,4.77896,-1.50423
1464,4.77896,-1.50423
1465,4.77896,-1.50423
1466,4.77896,-1.50423
1467,4.77896,-1.50423
1468,4.77896,-1.50423
1469,4.77896,-1.50423
1470,5.33264,-0.950547
1471,5.33264,-0.950547
1472,5.33264,-0.950547
1473,5.33264,-0.950547
1474,5.33264,-0.950547
1475,5.38713,-0.896055
1476,5.38713,-0.896055
1477,5.38713,-0.896055
1478,5.60844,-0.674741
1479,5.60844,-0.674741
1480,5.60844,-0.674741
1481,5.72459,-0.558599
1482,5.72459,-0.558599
1483,5.72459,-0.558599
1484,5.72459,-0.558599
1485,5.72459,-0.558599
1486,5.72459,-0.558599
1487,5.72459,-0.558599
1488,5.72459,-0.558599
1489,5.72459,-0.558599
1490,5.72459,-0.558599
1491,5.72459,-0.558599
1492,5.72459,-0.558599
1493,5.72459,-0.558599
1494,5.72459,-0.558599
1495,5.72459,-0.558599
1496,5.30039,-0.982794
1497,5.30039,-0.982794
1498,5.30039,-0.982794
1499,5.30039,-0.982794
1500,5.30039,-0.982794
1501,4.75237,-1.53082
1502,4.75237,-1.53082
1503,4.75237,-1.53082
1504,4.75237,-1.53082
1505,4.75237,-1.53082
1506,4.75237,-1.53082
1507,4.75237,-1.53082
1508,4.75237,-1.53082
1509,4.75237,-1.53082
1510,4.75237,-1.53082
1511,4.75237,-1.53082
1512,4.75237,-1.53082
1513,4.75237,-1.53082
1514,4.67241,-1.61078
1515,4.67241,-1.61078
1516,4.67241,-1.61078
1517,4.67241,-1.61078
1518,4.67241,-1.61078
1519,4.67241,-1.61078
1520,4.67241,-1.61078
1521,4.67241,-1.61078
1522,4.67241,-1.61078
1523,4.67241,-1.61078
1524,4.67241,-1.61078
1525,4.67241,-1.61078
1526,3.60524,-2.67795
1527,3.60524,-2.67795
1528,4.43409,-1.8491
1529,4.43409,-1.8491
1530,4.43409,-1.8491
1531,4.43409,-1.8491
1532,4.51499,-1.76819
1533,4.51499,-1.76819
1534,4.51499,-1.76819
1535,4.51499,-1.76819
1536,4.51499,-1.76819
1537,4.35362,-1.92957
1538,4.35362,-1.92957
1539,4.35362,-1.92957
1540,4.35362,-1.92957
1541,4.35362,-1.92957
1542,4.35362,-1.92957
1543,4.43409,-1.8491
1544,4.43409,-1.8491
1545,4.51499,-1.76819
1546,4.51499,-1.76819
1547,4.51499,-1.76819
1548,4.90978,-1.3734
1549,4.90978,-1.3734
1550,5.11728,-1.1659
1551,5.11728,-1.1659
1552,5.11728,-1.1659
1553,5.11728,-1.1659
1554,5.11728,-1.1659
1555,5.11728,-1.1659
1556,5.11728,-1.1659
1557,4.76497,-1.51821
1558,4.76497,-1.51821
1559,4.76497,-1.51821
1560,4.76497,-1.51821
1561,4.76497,-1.51821
1562,4.76497,-1.51821
1563,4.76497,-1.51821
1564,4.76497,-1.51821
1565,4.76497,-1.51821
1566,4.76497,-1.51821
1567,4.76497,-1.51821
1568,4.76497,-1.51821
1569,4.76497,-1.51821
1570,4.76497,-1.51821
1571,4.76497,-1.51821
1572,4.76497,-1.51821
1573,4.76497,-1.51821
1574,4.76497,-1.51821
1575,4.76497,-1.51821
1576,4.76497,-1.51821
1577,4.76497,-1.51821
1578,4.76497,-1.51821
1579,4.76497,-1.51821
1580,4.76497,-1.51821
1581,4.76497,-1.51821
1582,4.76497,-1.51821
1583,4.76497,-1.51821
1584,4.64582,-1.63736
1585,4.64582,-1.63736
1586,4.64582,-1.63736
1587,4.64582,-1.63736
1588,4.64582,-1.63736
1589,4.64582,-1.63736
1590,4.64582,-1.63736
1591,4.64582,-1.63736
1592,4.64582,-1.63736
1593,4.64582,-1.63736
1594,4.64582,-1.63736
1595,4.64582,-1.63736
1596,4.64582,-1.63736
1597,4.64582,-1.63736
1598,4.64582,-1.63736
1599,4.77896,-1.50423
1600,4.77896,-1.50423
1601,4.77896,-1.50423
1602,4.77896,-1.50423
1603,4.77896,-1.50423
1604,4.77896,-1.50423
1605,4.77896,-1.50423
1606,4.77896,-1.50423
1607,4.77896,-1.50423
1608,4.77896,-1.50423
1609,4.77896,-1.50423
1610,4.77896,-1.50423
1611,4.77896,-1.50423
1612,4.77896,-1.50423
1613,4.77896,-1.50423
1614,4.77896,-1.50423
1615,4.64582,-1.63736
1616,4.64582,-1.63736
1617,4.64582,-1.63736
1618,4.64582,-1.63736
1619,4.64582,-1.63736
1620,4.64582,-1.63736
1621,4.64582,-1.63736
1622,4.09214,-2.19105
1623,4.09214,-2.19105
1624,4.09214,-2.19105
1625,4.09214,-2.19105
1626,4.09214,-2.19105
1627,4.03765,-2.24554
1628,4.03765,-2.24554
1629,4.03765,-2.24554
1630,3.81633,-2.46685
1631,3.81633,-2.46685
1632,3.81633,-2.46685
1633,3.68201,-2.60117
1634,3.68201,-2.60117
1635,3.5221,-2.76109
1636,3.41989,-2.86329
1637,3.41989,-2.86329
1638,3.41989,-2.86329
1639,3.41989,-2.86329
1640,3.41989,-2.86329
1641,3.41989,-2.86329
1642,3.50036,-2.78282
1643,3.50036,-2.78282
1644,3.50036,-2.78282
1645,3.50036,-2.78282
1646,3.50036,-2.78282
1647,3.50036,-2.78282
1648,3.50036,-2.78282
1649,2.35619,2.35619
1650,2.35619,2.35619
1651,4.12439,-2.1588
1652,4.12439,-2.1588
1653,4.12439,-2.1588
1654,4.12439,-2.1588
1655,4.12439,-2.1588
1656,3.80264,-2.48055
1657,3.80264,-2.48055
1658,3.80264,-2.48055
1659,3.80264,-2.48055
1660,3.80264,-2.48055
1661,3.80264,-2.48055
1662,3.80264,-2.48055
1663,3.80264,-2.48055
1664,3.80264,-2.48055
1665,3.80264,-2.48055
1666,3.86823,-2.41495
1667,3.86823,-2.41495
1668,3.86823,-2.41495
1669,3.86823,-2.41495
1670,3.86823,-2.41495
1671,3.86823,-2.41495
1672,3.86823,-2.41495
1673,3.98575,-2.29744
1674,3.98575,-2.29744
1675,3.98575,-2.29744
1676,3.98575,-2.29744
1677,3.98575,-2.29744
1678,3.98575,-2.29744
1679,3.98575,-2.29744
1680,4.09214,-2.19105
1681,4.09214,-2.19105
1682,4.09214,-2.19105
1683,4.15379,-2.1294
1684,4.15379,-2.1294
1685,4.19324,-2.08994
1686,4.19324,-2.08994
1687,4.19324,-2.08994
1688,4.3075,-1.97569
1689,4.3075,-1.97569
1690,4.3075,-1.97569
1691,4.35362,-1.92957
1692,4.35362,-1.92957
1693,4.43409,-1.8491
1694,4.43409,-1.8491
1695,4.43409,-1.8491
1696,4.43409,-1.8491
1697,4.43409,-1.8491
1698,4.43409,-1.8491
1699,4.33188,-1.9513
1700,4.33188,-1.9513
1701,4.33188,-1.9513
1702,4.33188,-1.9513
1703,4.46741,-1.81577
1704,4.46741,-1.81577
1705,4.46741,-1.81577
1706,4.46741,-1.81577
1707,4.46741,-1.81577
1708,4.46741,-1.81577
1709,4.83674,-1.44644
1710,4.83674,-1.44644
1711,4.83674,-1.44644
1712,4.83674,-1.44644
1713,4.83674,-1.44644
1714,4.83674,-1.44644
1715,4.83674,-1.44644
1716,4.83674,-1.44644
1717,4.83674,-1.44644
1718,4.99069,-1.2925
1719,4.99069,-1.2925
1720,5.07116,-1.21203
1721,5.07116,-1.21203
1722,5.13061,-1.15257
1723,5.13061,-1.15257
1724,5.13061,-1.15257
1725,5.13061,-1.15257
1726,5.13061,-1.15257
1727,5.21949,-1.0637
1728,5.21949,-1.0637
1729,5.21949,-1.0637
1730,5.21949,-1.0637
1731,5.21949,-1.0637
1732,5.21949,-1.0637
1733,5.21949,-1.0637
1734,5.0929,-1.19029
1735,5.0929,-1.19029
1736,5.0929,-1.19029
1737,5.0929,-1.19029
1738,5.0929,-1.19029
1739,5.0929,-1.19029
1740,5.0929,-1.19029
1741,5.0929,-1.19029
1742,5.0929,-1.19029
1743,5.0929,-1.19029
1744,5.35589,-0.927295
1745,5.35589,-0.927295
1746,5.35589,-0.927295
1747,5.35589,-0.927295
1748,5.35589,-0.927295
1749,5.35589,-0.927295
1750,5.35589,-0.927295
1751,5.35589,-0.927295
1752,5.35589,-0.927295
1753,5.35589,-0.927295
1754,5.35589,-0.927295
1755,5.35589,-0.927295
1756,5.03414,-1.24905
1757,5.03414,-1.24905
1758,5.03414,-1.24905
1759,5.90268,-0.380506
1760,5.90268,-0.380506
1761,5.90268,-0.380506
1762,6.03821,-0.244979
1763,6.03821,-0.244979
1764,6.03821,-0.244979
1765,6.03821,-0.244979
1766,5.85656,-0.426627
1767,5.85656,-0.426627
1768,5.85656,-0.426627
1769,5.85656,-0.426627
1770,5.85656,-0.426627
1771,5.85656,-0.426627
1772,5.85656,-0.426627
1773,5.85656,-0.426627
1774,5.85656,-0.426627
1775,5.85656,-0.426627
1776,5.85656,-0.426627
1777,5.85656,-0.426627
1778,5.85656,-0.426627
1779,5.88839,-0.394791
1780,5.88839,-0.394791
1781,5.88839,-0.394791
1782,5.88839,-0.394791
1783,5.91601,-0.367174
1784,5.91601,-0.367174
1785,5.91601,-0.367174
1786,5.93441,-0.348771
1787,5.93441,-0.348771
1788,5.93441,-0.348771
1789,5.93441,-0.348771
1790,5.93441,-0.348771
1791,5.93441,-0.348771
1792,5.93441,-0.348771
1793,5.93441,-0.348771
1794,5.93441,-0.348771
1795,5.93441,-0.348771
1796,5.93441,-0.348771
1797,5.93441,-0.348771
1798,5.93441,-0.348771
1799,5.93441,-0.348771
1800,5.0929,-1.19029
1801,5.0929,-1.19029
1802,5.0929,-1.19029
1803,4.75318,-1.53
1804,4.75318,-1.53
1805,4.75318,-1.53
1806,4.75318,-1.53
1807,4.75318,-1.53
1808,4.75318,-1.53
1809,4.75318,-1.53
1810,4.75318,-1.53
1811,4.75318,-1.53
1812,4.75318,-1.53
1813,4.75318,-1.53
1814,4.75318,-1.53
1815,4.75318,-1.53
1816,4.75318,-1.53
1817,4.75318,-1.53
1818,4.75318,-1.53
1819,4.75318,-1.53
1820,4.75318,-1.53
1821,4.75318,-1.53
1822,4.75318,-1.53
1823,4.75318,-1.53
1824,4.75318,-1.53
1825,4.75318,-1.53
1826,4.75318,-1.53
1827,4.75318,-1.53
1828,4.74686,-1.53633
1829,4.74686,-1.53633
1830,4.74686,-1.53633
1831,4.74686,-1.53633
1832,4.74686,-1.53633
1833,4.74686,-1.53633
1834,4.74686,-1.53633
1835,4.74686,-1.53633
1836,4.74686,-1.53633
1837,4.74686,-1.53633
1838,4.74686,-1.53633
1839,4.74686,-1.53633
1840,4.74686,-1.53633
1841,4.74686,-1.53633
1842,4.74686,-1.53633
1843,4.74686,-1.53633
1844,4.74686,-1.53633
1845,4.74686,-1.53633
1846,4.74686,-1.53633
1847,4.74686,-1.53633
1848,4.74686,-1.53633
1849,4.74686,-1.53633
1850,4.74686,-1.53633
1851,4.74686,-1.53633
1852,4.74686,-1.53633
1853,4.74686,-1.53633
1854,4.74686,-1.53633
1855,4.74686,-1.53633
1856,4.74686,-1.53633
1857,4.84494,-1.43824
1858,4.84494,-1.43824
1859,4.84494,-1.43824
1860,4.84494,-1.43824
1861,4.84494,-1.43824
1862,4.84494,-1.43824
1863,4.84494,-1.43824
1864,4.84494,-1.43824
1865,4.93919,-1.344
1866,4.93919,-1.344
1867,4.93919,-1.344
1868,4.93919,-1.344
1869,4.93919,-1.344
1870,4.93919,-1.344
1871,4.93919,-1.344
1872,4.93919,-1.344
1873,4.93919,-1.344
1874,4.93919,-1.344
1875,5.23154,-1.05165
1876,5.23154,-1.05165
1877,5.23154,-1.05165
1878,5.23154,-1.05165
1879,5.23154,-1.05165
1880,5.23154,-1.05165
1881,5.23154,-1.05165
1882,5.23154,-1.05165
1883,5.23154,-1.05165
1884,5.23154,-1.05165
1885,5.23154,-1.05165
1886,5.35589,-0.927295
1887,5.35589,-0.927295
1888,5.66294,-0.620249
1889,5.66294,-0.620249
1890,5.66294,-0.620249
1891,5.66294,-0.620249
1892,5.66294,-0.620249
1893,5.66294,-0.620249
1894,5.66294,-0.620249
1895,5.66294,-0.620249
1896,5.66294,-0.620249
