#Grabcut execution time: 0s 345ms 345090us 
0.0000              135.8735            
1.0000              79.0682             
2.0000              76.0353             
3.0000              75.3218             
4.0000              75.2537             
5.0000              74.4760             
6.0000              74.8424             
7.0000              74.7415             
8.0000              74.7973             
9.0000              74.7172             
10.0000             74.8975             
11.0000             74.5795             
12.0000             74.7548             
13.0000             74.7345             
14.0000             74.3241             
15.0000             74.5632             
16.0000             74.6709             
17.0000             74.5867             
18.0000             74.6587             
19.0000             74.6948             
20.0000             74.8057             
21.0000             74.8035             
22.0000             74.8164             
23.0000             74.8277             
24.0000             74.8652             
25.0000             74.8524             
26.0000             74.8405             
27.0000             74.8393             
28.0000             74.8761             
29.0000             74.8759             
30.0000             74.8759             
31.0000             74.8759             
#Execution time: 31s 31612ms 31612979us 
