#Grabcut execution time: 0s 339ms 339577us 
0.0000              722.3144            
1.0000              563.2860            
2.0000              557.9245            
3.0000              559.3464            
4.0000              561.9420            
5.0000              560.9554            
6.0000              561.6218            
7.0000              560.5955            
8.0000              560.4960            
9.0000              560.2283            
10.0000             560.3910            
11.0000             560.8890            
12.0000             560.6994            
13.0000             561.2717            
14.0000             561.0118            
15.0000             561.6839            
16.0000             561.3720            
17.0000             560.9233            
18.0000             561.0542            
19.0000             561.1604            
20.0000             560.9132            
21.0000             561.1859            
22.0000             560.7699            
23.0000             560.8250            
24.0000             560.8472            
25.0000             560.7521            
26.0000             560.7418            
27.0000             560.9230            
28.0000             560.8736            
29.0000             560.7474            
30.0000             560.8003            
31.0000             560.8003            
#Execution time: 12s 12769ms 12769418us 
