#Grabcut execution time: 0s 341ms 341377us 
0.0000              341.7065            
1.0000              199.4112            
2.0000              191.7650            
3.0000              189.9607            
4.0000              189.8104            
5.0000              187.8409            
6.0000              188.7744            
7.0000              188.5170            
8.0000              188.6049            
9.0000              188.4124            
10.0000             188.8857            
11.0000             188.0832            
12.0000             188.5220            
13.0000             188.4703            
14.0000             188.9889            
15.0000             189.1450            
16.0000             188.3219            
17.0000             188.3211            
18.0000             187.9825            
19.0000             188.4716            
20.0000             188.8982            
21.0000             188.7451            
22.0000             188.7221            
23.0000             188.7472            
24.0000             188.7398            
25.0000             188.7131            
26.0000             188.6468            
27.0000             188.6847            
28.0000             188.8332            
29.0000             188.8317            
30.0000             188.8317            
31.0000             188.8317            
#Execution time: 31s 31689ms 31689799us 
