#Grabcut execution time: 0s 343ms 343099us 
0.0000              105.5071            
1.0000              106.5632            
2.0000              106.2728            
3.0000              106.4504            
4.0000              106.5813            
5.0000              106.6911            
6.0000              106.8243            
7.0000              106.9575            
8.0000              106.9327            
9.0000              106.9213            
10.0000             106.9209            
11.0000             106.9209            
12.0000             106.9209            
13.0000             106.9209            
14.0000             106.9209            
15.0000             106.9209            
16.0000             106.9209            
17.0000             106.9209            
18.0000             106.9209            
19.0000             106.9209            
20.0000             106.9209            
21.0000             106.9209            
22.0000             106.9209            
23.0000             106.9209            
24.0000             106.9209            
25.0000             106.9209            
26.0000             106.9209            
27.0000             106.9209            
28.0000             106.9209            
29.0000             106.9209            
30.0000             106.9209            
31.0000             106.9209            
#Execution time: 33s 33589ms 33589739us 
