n,tangent,t2
0,5.47215,-0.811034
1,5.47215,-0.811034
2,5.47215,-0.811034
3,5.47215,-0.811034
4,5.47215,-0.811034
5,5.47215,-0.811034
6,5.47215,-0.811034
7,5.47215,-0.811034
8,5.47215,-0.811034
9,5.47215,-0.811034
10,5.47215,-0.811034
11,5.47215,-0.811034
12,5.47215,-0.811034
13,5.47215,-0.811034
14,5.47215,-0.811034
15,5.47215,-0.811034
16,5.47215,-0.811034
17,5.47215,-0.811034
18,5.47215,-0.811034
19,5.47215,-0.811034
20,5.47215,-0.811034
21,5.47215,-0.811034
22,5.47215,-0.811034
23,5.47215,-0.811034
24,5.47215,-0.811034
25,5.47215,-0.811034
26,5.47215,-0.811034
27,5.47215,-0.811034
28,5.47215,-0.811034
29,5.47215,-0.811034
30,5.47215,-0.811034
31,5.47215,-0.811034
32,5.47215,-0.811034
33,5.47215,-0.811034
34,5.47215,-0.811034
35,5.47215,-0.811034
36,5.47215,-0.811034
37,5.47215,-0.811034
38,5.47215,-0.811034
39,4.90978,-1.3734
40,4.90978,-1.3734
41,4.90978,-1.3734
42,4.53254,-1.75065
43,4.53254,-1.75065
44,4.53254,-1.75065
45,4.53254,-1.75065
46,4.53254,-1.75065
47,4.53254,-1.75065
48,4.53254,-1.75065
49,4.53254,-1.75065
50,4.53254,-1.75065
51,4.65981,-1.62338
52,4.65981,-1.62338
53,4.65981,-1.62338
54,4.65981,-1.62338
55,4.65981,-1.62338
56,4.65981,-1.62338
57,4.65981,-1.62338
58,4.65981,-1.62338
59,4.65981,-1.62338
60,4.65981,-1.62338
61,4.76497,-1.51821
62,4.76497,-1.51821
63,4.76497,-1.51821
64,4.76497,-1.51821
65,4.76497,-1.51821
66,4.76497,-1.51821
67,4.76497,-1.51821
68,4.76497,-1.51821
69,4.76497,-1.51821
70,4.86504,-1.41815
71,4.86504,-1.41815
72,4.86504,-1.41815
73,4.86504,-1.41815
74,4.88706,-1.39612
75,4.88706,-1.39612
76,4.88706,-1.39612
77,4.88706,-1.39612
78,4.88706,-1.39612
79,4.88706,-1.39612
80,4.88706,-1.39612
81,4.88706,-1.39612
82,4.88706,-1.39612
83,4.99069,-1.2925
84,4.99069,-1.2925
85,5.06116,-1.22203
86,5.06116,-1.22203
87,5.06116,-1.22203
88,5.06116,-1.22203
89,5.06116,-1.22203
90,5.06116,-1.22203
91,5.06116,-1.22203
92,5.06116,-1.22203
93,5.06116,-1.22203
94,5.06116,-1.22203
95,5.06116,-1.22203
96,5.06116,-1.22203
97,5.06116,-1.22203
98,5.06116,-1.22203
99,5.06116,-1.22203
100,5.06116,-1.22203
101,5.06116,-1.22203
102,5.27912,-1.00407
103,5.27912,-1.00407
104,5.27912,-1.00407
105,5.27912,-1.00407
106,5.27912,-1.00407
107,5.27912,-1.00407
108,5.27912,-1.00407
109,5.27912,-1.00407
110,5.27912,-1.00407
111,5.27912,-1.00407
112,5.27912,-1.00407
113,5.27912,-1.00407
114,5.27912,-1.00407
115,5.32311,-0.96007
116,5.32311,-0.96007
117,5.32311,-0.96007
118,5.32311,-0.96007
119,5.32311,-0.96007
120,5.34119,-0.942
121,5.34119,-0.942
122,5.34119,-0.942
123,5.34119,-0.942
124,5.37343,-0.909753
125,5.37343,-0.909753
126,5.37343,-0.909753
127,5.46077,-0.822418
128,5.46077,-0.822418
129,5.46077,-0.822418
130,5.46077,-0.822418
131,5.46077,-0.822418
132,5.46077,-0.822418
133,5.46077,-0.822418
134,5.46077,-0.822418
135,5.46077,-0.822418
136,5.46077,-0.822418
137,5.46077,-0.822418
138,5.46077,-0.822418
139,5.53481,-0.748378
140,5.53481,-0.748378
141,5.53481,-0.748378
142,5.53481,-0.748378
143,5.53481,-0.748378
144,5.53481,-0.748378
145,5.53481,-0.748378
146,5.53481,-0.748378
147,5.53481,-0.748378
148,5.53481,-0.748378
149,5.53481,-0.748378
150,5.53481,-0.748378
151,5.62214,-0.661043
152,5.62214,-0.661043
153,5.62214,-0.661043
154,5.62214,-0.661043
155,5.62214,-0.661043
156,5.62214,-0.661043
157,5.62214,-0.661043
158,5.72459,-0.558599
159,5.72459,-0.558599
160,5.72459,-0.558599
161,5.72459,-0.558599
162,5.72459,-0.558599
163,5.72459,-0.558599
164,5.72459,-0.558599
165,5.72459,-0.558599
166,5.72459,-0.558599
167,5.72459,-0.558599
168,5.72459,-0.558599
169,5.72459,-0.558599
170,5.72459,-0.558599
171,5.77609,-0.507099
172,5.77609,-0.507099
173,5.77609,-0.507099
174,5.77609,-0.507099
175,5.77609,-0.507099
176,5.86496,-0.418224
177,5.86496,-0.418224
178,5.86496,-0.418224
179,5.86496,-0.418224
180,5.86496,-0.418224
181,5.86496,-0.418224
182,5.86496,-0.418224
183,5.86496,-0.418224
184,5.86496,-0.418224
185,5.74277,-0.54042
186,5.58845,-0.694738
187,5.58845,-0.694738
188,5.58845,-0.694738
189,5.58845,-0.694738
190,5.58845,-0.694738
191,5.58845,-0.694738
192,5.58845,-0.694738
193,5.58845,-0.694738
194,5.58845,-0.694738
195,6.06452,-0.218669
196,6.06452,-0.218669
197,6.06452,-0.218669
198,6.06452,-0.218669
199,6.06452,-0.218669
200,6.25289,-0.0302938
201,6.25289,-0.0302938
202,6.25289,-0.0302938
203,6.25289,-0.0302938
204,6.25289,-0.0302938
205,6.25289,-0.0302938
206,6.25289,-0.0302938
207,6.25289,-0.0302938
208,6.25289,-0.0302938
209,6.25289,-0.0302938
210,6.25289,-0.0302938
211,6.25289,-0.0302938
212,6.25289,-0.0302938
213,6.25289,-0.0302938
214,6.25289,-0.0302938
215,6.25289,-0.0302938
216,6.25289,-0.0302938
217,6.25289,-0.0302938
218,6.25289,-0.0302938
219,6.25289,-0.0302938
220,6.25289,-0.0302938
221,6.25289,-0.0302938
222,6.25289,-0.0302938
223,6.25289,-0.0302938
224,6.25289,-0.0302938
225,6.25289,-0.0302938
226,6.25289,-0.0302938
227,6.25289,-0.0302938
228,6.25289,-0.0302938
229,6.25289,-0.0302938
230,6.25289,-0.0302938
231,6.25289,-0.0302938
232,6.25289,-0.0302938
233,6.25289,-0.0302938
234,6.25289,-0.0302938
235,0.2783,0.2783
236,0.2783,0.2783
237,0.2783,0.2783
238,0.2783,0.2783
239,0.2783,0.2783
240,0.110657,0.110657
241,0.110657,0.110657
242,0.110657,0.110657
243,0.110657,0.110657
244,0.110657,0.110657
245,0.110657,0.110657
246,0.110657,0.110657
247,0.110657,0.110657
248,0.110657,0.110657
249,0.226799,0.226799
250,0.226799,0.226799
251,0.226799,0.226799
252,0.226799,0.226799
253,0.226799,0.226799
254,0.226799,0.226799
255,0.226799,0.226799
256,0.226799,0.226799
257,0.226799,0.226799
258,0.226799,0.226799
259,0.708626,0.708626
260,0.708626,0.708626
261,0.708626,0.708626
262,0.708626,0.708626
263,0.708626,0.708626
264,0.708626,0.708626
265,0.708626,0.708626
266,0.708626,0.708626
267,0.708626,0.708626
268,0.708626,0.708626
269,0.708626,0.708626
270,0.321751,0.321751
271,0.321751,0.321751
272,0.321751,0.321751
273,0.519146,0.519146
274,0.519146,0.519146
275,0.519146,0.519146
276,0.519146,0.519146
277,0.519146,0.519146
278,0.519146,0.519146
279,0.519146,0.519146
280,0.519146,0.519146
281,0.519146,0.519146
282,0.519146,0.519146
283,0.519146,0.519146
284,0.558599,0.558599
285,0.558599,0.558599
286,0.558599,0.558599
287,0.628796,0.628796
288,0.628796,0.628796
289,0.628796,0.628796
290,0.628796,0.628796
291,0.628796,0.628796
292,0.628796,0.628796
293,0.665969,0.665969
294,0.665969,0.665969
295,0.665969,0.665969
296,0.665969,0.665969
297,0.665969,0.665969
298,0.665969,0.665969
299,0.665969,0.665969
300,0.665969,0.665969
301,0.68573,0.68573
302,0.68573,0.68573
303,0.68573,0.68573
304,0.68573,0.68573
305,0.71883,0.71883
306,0.71883,0.71883
307,0.71883,0.71883
308,0.71883,0.71883
309,0.71883,0.71883
310,0.71883,0.71883
311,0.851966,0.851966
312,0.851966,0.851966
313,0.851966,0.851966
314,0.851966,0.851966
315,0.851966,0.851966
316,0.851966,0.851966
317,0.885067,0.885067
318,0.885067,0.885067
319,0.885067,0.885067
320,0.885067,0.885067
321,0.885067,0.885067
322,0.904827,0.904827
323,0.904827,0.904827
324,0.904827,0.904827
325,0.904827,0.904827
326,0.904827,0.904827
327,0.904827,0.904827
328,0.904827,0.904827
329,0.904827,0.904827
330,0.904827,0.904827
331,0.904827,0.904827
332,0.904827,0.904827
333,1.0839,1.0839
334,1.0839,1.0839
335,1.0839,1.0839
336,1.0839,1.0839
337,1.0839,1.0839
338,1.0839,1.0839
339,1.0839,1.0839
340,1.0839,1.0839
341,1.0839,1.0839
342,1.0839,1.0839
343,1.0839,1.0839
344,1.0839,1.0839
345,1.0839,1.0839
346,1.0839,1.0839
347,1.0839,1.0839
348,1.0839,1.0839
349,1.0839,1.0839
350,1.0839,1.0839
351,1.0839,1.0839
352,1.0839,1.0839
353,1.0839,1.0839
354,1.0839,1.0839
355,1.0839,1.0839
356,0.321751,0.321751
357,0.321751,0.321751
358,5.96143,-0.321751
359,5.69518,-0.588003
360,5.30039,-0.982794
361,5.03414,-1.24905
362,5.03414,-1.24905
363,5.03414,-1.24905
364,6.11804,-0.165149
365,6.11804,-0.165149
366,6.11804,-0.165149
367,0.165149,0.165149
368,0.165149,0.165149
369,0.165149,0.165149
370,0.165149,0.165149
371,0.165149,0.165149
372,0.165149,0.165149
373,5.96143,-0.321751
374,5.72459,-0.558599
375,5.72459,-0.558599
376,5.72459,-0.558599
377,5.72459,-0.558599
378,5.72459,-0.558599
379,5.72459,-0.558599
380,5.72459,-0.558599
381,5.72459,-0.558599
382,5.76404,-0.519146
383,5.76404,-0.519146
384,5.76404,-0.519146
385,5.87829,-0.404892
386,5.87829,-0.404892
387,5.87829,-0.404892
388,6.20641,-0.0767719
389,6.20641,-0.0767719
390,6.20641,-0.0767719
391,6.20641,-0.0767719
392,6.20641,-0.0767719
393,6.20641,-0.0767719
394,6.20641,-0.0767719
395,0.0767719,0.0767719
396,0.0767719,0.0767719
397,0.0767719,0.0767719
398,0.0767719,0.0767719
399,0.0767719,0.0767719
400,0.0767719,0.0767719
401,0.0767719,0.0767719
402,0.0767719,0.0767719
403,6.21188,-0.0713075
404,6.21188,-0.0713075
405,6.21188,-0.0713075
406,6.21188,-0.0713075
407,6.21188,-0.0713075
408,6.21188,-0.0713075
409,6.21188,-0.0713075
410,6.21188,-0.0713075
411,6.21188,-0.0713075
412,0.0713075,0.0713075
413,0.0713075,0.0713075
414,0.0713075,0.0713075
415,0.0713075,0.0713075
416,0.0713075,0.0713075
417,0.0713075,0.0713075
418,0.0713075,0.0713075
419,1.10715,1.10715
420,1.10715,1.10715
421,1.10715,1.10715
422,5.90268,-0.380506
423,5.90268,-0.380506
424,5.90268,-0.380506
425,5.90268,-0.380506
426,6.21662,-0.0665682
427,6.21662,-0.0665682
428,6.21662,-0.0665682
429,6.21662,-0.0665682
430,6.21662,-0.0665682
431,6.21662,-0.0665682
432,6.21662,-0.0665682
433,6.21662,-0.0665682
434,0.0665682,0.0665682
435,0.0665682,0.0665682
436,0.0665682,0.0665682
437,0.0665682,0.0665682
438,0.0665682,0.0665682
439,0.0665682,0.0665682
440,0.0665682,0.0665682
441,0.588003,0.588003
442,0.982794,0.982794
443,0.982794,0.982794
444,0.982794,0.982794
445,0.321751,0.321751
446,0.321751,0.321751
447,5.90268,-0.380506
448,5.90268,-0.380506
449,5.90268,-0.380506
450,5.90268,-0.380506
451,5.90268,-0.380506
452,6.19253,-0.0906599
453,6.19253,-0.0906599
454,6.19253,-0.0906599
455,6.19253,-0.0906599
456,6.19253,-0.0906599
457,6.19253,-0.0906599
458,0.0906599,0.0906599
459,0.0906599,0.0906599
460,0.0906599,0.0906599
461,0.0906599,0.0906599
462,0.0906599,0.0906599
463,0.218669,0.218669
464,0.218669,0.218669
465,0.218669,0.218669
466,0.218669,0.218669
467,0.218669,0.218669
468,0.218669,0.218669
469,0.218669,0.218669
470,5.96143,-0.321751
471,5.96143,-0.321751
472,5.96143,-0.321751
473,5.96143,-0.321751
474,0.124355,0.124355
475,0.124355,0.124355
476,0.124355,0.124355
477,0.124355,0.124355
478,0.124355,0.124355
479,0.124355,0.124355
480,0.124355,0.124355
481,0.124355,0.124355
482,0.124355,0.124355
483,0.124355,0.124355
484,0.588003,0.588003
485,0.588003,0.588003
486,0.588003,0.588003
487,0.321751,0.321751
488,0.321751,0.321751
489,6.08579,-0.197396
490,6.08579,-0.197396
491,6.08579,-0.197396
492,6.08579,-0.197396
493,6.08579,-0.197396
494,6.08579,-0.197396
495,6.08579,-0.197396
496,5.17604,-1.10715
497,5.17604,-1.10715
498,6.14129,-0.141897
499,6.14129,-0.141897
500,6.14129,-0.141897
501,6.14129,-0.141897
502,0.14889,0.14889
503,0.14889,0.14889
504,0.14889,0.14889
505,0.14889,0.14889
506,0.14889,0.14889
507,0.14889,0.14889
508,0.14889,0.14889
509,0.14889,0.14889
510,0.14889,0.14889
511,0.14889,0.14889
512,0.14889,0.14889
513,0.156602,0.156602
514,0.156602,0.156602
515,0.156602,0.156602
516,0.156602,0.156602
517,0.156602,0.156602
518,0.156602,0.156602
519,0.156602,0.156602
520,0.156602,0.156602
521,0.156602,0.156602
522,0.156602,0.156602
523,0.156602,0.156602
524,0.156602,0.156602
525,0.156602,0.156602
526,0.156602,0.156602
527,0.156602,0.156602
528,0.156602,0.156602
529,6.08579,-0.197396
530,6.08579,-0.197396
531,6.08579,-0.197396
532,6.08579,-0.197396
533,6.08579,-0.197396
534,0.197396,0.197396
535,0.197396,0.197396
536,0.197396,0.197396
537,0.197396,0.197396
538,0.197396,0.197396
539,0.197396,0.197396
540,0.197396,0.197396
541,0.197396,0.197396
542,0.380506,0.380506
543,0.380506,0.380506
544,0.380506,0.380506
545,0.380506,0.380506
546,0.380506,0.380506
547,0.380506,0.380506
548,0.380506,0.380506
549,0.380506,0.380506
550,0.380506,0.380506
551,0.558599,0.558599
552,0.558599,0.558599
553,0.558599,0.558599
554,0.558599,0.558599
555,0.620249,0.620249
556,0.620249,0.620249
557,0.694738,0.694738
558,0.694738,0.694738
559,0.694738,0.694738
560,0.694738,0.694738
561,0.694738,0.694738
562,0.694738,0.694738
563,0.694738,0.694738
564,0.694738,0.694738
565,0.694738,0.694738
566,0.694738,0.694738
567,0.694738,0.694738
568,1.10715,1.10715
569,1.10715,1.10715
570,0.694738,0.694738
571,0.694738,0.694738
572,0.694738,0.694738
573,0.694738,0.694738
574,0.694738,0.694738
575,0.694738,0.694738
576,0.694738,0.694738
577,0.694738,0.694738
578,0.694738,0.694738
579,0.694738,0.694738
580,0.694738,0.694738
581,0.266252,0.266252
582,0.266252,0.266252
583,0.266252,0.266252
584,0.266252,0.266252
585,0.266252,0.266252
586,0.266252,0.266252
587,0.266252,0.266252
588,0.218669,0.218669
589,0.218669,0.218669
590,0.218669,0.218669
591,0.218669,0.218669
592,0.218669,0.218669
593,0.218669,0.218669
594,0.218669,0.218669
595,0.218669,0.218669
596,0.218669,0.218669
597,0.218669,0.218669
598,0.266252,0.266252
599,0.266252,0.266252
600,0.291457,0.291457
601,0.291457,0.291457
602,0.291457,0.291457
603,0.291457,0.291457
604,0.291457,0.291457
605,0.291457,0.291457
606,0.291457,0.291457
607,0.291457,0.291457
608,0.291457,0.291457
609,0.291457,0.291457
610,0.291457,0.291457
611,0.291457,0.291457
612,0.291457,0.291457
613,0.291457,0.291457
614,0.291457,0.291457
615,0.291457,0.291457
616,0.291457,0.291457
617,0.291457,0.291457
618,0.291457,0.291457
619,0.291457,0.291457
620,0.291457,0.291457
621,0.291457,0.291457
622,0.197396,0.197396
623,0.197396,0.197396
624,0.197396,0.197396
625,0.197396,0.197396
626,0.197396,0.197396
627,0.197396,0.197396
628,0.197396,0.197396
629,5.81954,-0.463648
630,5.30039,-0.982794
631,5.30039,-0.982794
632,5.30039,-0.982794
633,5.69518,-0.588003
634,5.69518,-0.588003
635,0.588003,0.588003
636,0.588003,0.588003
637,0.982794,0.982794
638,1.32582,1.32582
639,1.32582,1.32582
640,1.32582,1.32582
641,1.32582,1.32582
642,0.463648,0.463648
643,5.69518,-0.588003
644,5.69518,-0.588003
645,5.25281,-1.03038
646,5.25281,-1.03038
647,5.25281,-1.03038
648,5.0929,-1.19029
649,5.0929,-1.19029
650,5.0929,-1.19029
651,5.0929,-1.19029
652,5.0929,-1.19029
653,5.0929,-1.19029
654,5.26404,-1.01914
655,5.26404,-1.01914
656,5.26404,-1.01914
657,5.26404,-1.01914
658,5.26404,-1.01914
659,5.26404,-1.01914
660,5.26404,-1.01914
661,5.26404,-1.01914
662,5.26404,-1.01914
663,5.26404,-1.01914
664,5.26404,-1.01914
665,5.26404,-1.01914
666,5.34119,-0.942
667,5.34119,-0.942
668,5.34119,-0.942
669,5.34119,-0.942
670,5.34119,-0.942
671,5.34119,-0.942
672,5.37343,-0.909753
673,5.37343,-0.909753
674,5.37343,-0.909753
675,5.43122,-0.851966
676,5.43122,-0.851966
677,5.43122,-0.851966
678,5.43122,-0.851966
679,5.43122,-0.851966
680,5.43122,-0.851966
681,5.43122,-0.851966
682,5.43122,-0.851966
683,5.43122,-0.851966
684,5.43122,-0.851966
685,5.43122,-0.851966
686,5.43122,-0.851966
687,5.43122,-0.851966
688,4.95737,-1.32582
689,4.95737,-1.32582
690,4.46741,-1.81577
691,4.46741,-1.81577
692,3.60524,-2.67795
693,3.60524,-2.67795
694,4.43409,-1.8491
695,4.43409,-1.8491
696,4.43409,-1.8491
697,4.43409,-1.8491
698,4.57049,-1.71269
699,4.57049,-1.71269
700,4.57049,-1.71269
701,4.57049,-1.71269
702,4.85429,-1.4289
703,4.85429,-1.4289
704,4.85429,-1.4289
705,5.0929,-1.19029
706,5.0929,-1.19029
707,5.25281,-1.03038
708,5.40713,-0.876058
709,5.40713,-0.876058
710,5.40713,-0.876058
711,5.40713,-0.876058
712,5.58845,-0.694738
713,5.58845,-0.694738
714,5.58845,-0.694738
715,5.58845,-0.694738
716,6.08579,-0.197396
717,6.08579,-0.197396
718,6.08579,-0.197396
719,6.08579,-0.197396
720,6.08579,-0.197396
721,5.63968,-0.643501
722,5.63968,-0.643501
723,5.63968,-0.643501
724,5.63968,-0.643501
725,5.63968,-0.643501
726,6.10333,-0.179853
727,6.10333,-0.179853
728,6.10333,-0.179853
729,6.10333,-0.179853
730,6.10333,-0.179853
731,6.10333,-0.179853
732,6.10333,-0.179853
733,6.10333,-0.179853
734,6.10333,-0.179853
735,6.10333,-0.179853
736,6.10333,-0.179853
737,6.10333,-0.179853
738,5.90268,-0.380506
739,5.90268,-0.380506
740,5.72459,-0.558599
741,5.72459,-0.558599
742,5.72459,-0.558599
743,5.72459,-0.558599
744,5.66294,-0.620249
745,5.66294,-0.620249
746,5.66294,-0.620249
747,5.66294,-0.620249
748,5.66294,-0.620249
749,5.66294,-0.620249
750,5.66294,-0.620249
751,6.08579,-0.197396
752,6.08579,-0.197396
753,6.08579,-0.197396
754,6.08579,-0.197396
755,6.08579,-0.197396
756,5.17604,-1.10715
757,5.17604,-1.10715
758,5.81954,-0.463648
759,0.463648,0.463648
760,0.463648,0.463648
761,0.463648,0.463648
762,6.17253,-0.110657
763,6.17253,-0.110657
764,6.17253,-0.110657
765,6.17253,-0.110657
766,6.17253,-0.110657
767,6.17253,-0.110657
768,0.110657,0.110657
769,0.110657,0.110657
770,0.110657,0.110657
771,0.110657,0.110657
772,0.588003,0.588003
773,0.982794,0.982794
774,1.24905,1.24905
775,1.24905,1.24905
776,1.24905,1.24905
777,0.950547,0.950547
778,0.950547,0.950547
779,0.950547,0.950547
780,0.950547,0.950547
781,0.950547,0.950547
782,0.950547,0.950547
783,0.950547,0.950547
784,0.643501,0.643501
785,0.643501,0.643501
786,0.110657,0.110657
787,0.110657,0.110657
788,0.110657,0.110657
789,0.110657,0.110657
790,0.110657,0.110657
791,6.17253,-0.110657
792,6.17253,-0.110657
793,6.17253,-0.110657
794,6.17253,-0.110657
795,6.17253,-0.110657
796,6.17253,-0.110657
797,6.17253,-0.110657
798,6.17253,-0.110657
799,6.17253,-0.110657
800,0.124355,0.124355
801,0.124355,0.124355
802,0.124355,0.124355
803,0.124355,0.124355
804,0.185348,0.185348
805,0.185348,0.185348
806,0.185348,0.185348
807,0.185348,0.185348
808,0.185348,0.185348
809,0.185348,0.185348
810,0.185348,0.185348
811,0.185348,0.185348
812,0.185348,0.185348
813,0.185348,0.185348
814,0.185348,0.185348
815,0.185348,0.185348
816,0.620249,0.620249
817,0.620249,0.620249
818,0.620249,0.620249
819,0.620249,0.620249
820,0.620249,0.620249
821,0.674741,0.674741
822,0.674741,0.674741
823,0.674741,0.674741
824,0.674741,0.674741
825,0.674741,0.674741
826,0.674741,0.674741
827,0.674741,0.674741
828,0.244979,0.244979
829,0.244979,0.244979
830,0.244979,0.244979
831,0.244979,0.244979
832,0.519146,0.519146
833,0.519146,0.519146
834,0.519146,0.519146
835,0.519146,0.519146
836,0.519146,0.519146
837,0.519146,0.519146
838,0.519146,0.519146
839,0.519146,0.519146
840,0.519146,0.519146
841,0.519146,0.519146
842,0.519146,0.519146
843,0.566729,0.566729
844,0.566729,0.566729
845,0.566729,0.566729
846,0.566729,0.566729
847,0.566729,0.566729
848,0.610726,0.610726
849,0.610726,0.610726
850,0.610726,0.610726
851,0.610726,0.610726
852,0.610726,0.610726
853,0.628796,0.628796
854,0.628796,0.628796
855,0.628796,0.628796
856,0.628796,0.628796
857,0.661043,0.661043
858,0.661043,0.661043
859,0.661043,0.661043
860,0.753151,0.753151
861,0.753151,0.753151
862,0.753151,0.753151
863,0.753151,0.753151
864,0.753151,0.753151
865,0.753151,0.753151
866,0.753151,0.753151
867,0.753151,0.753151
868,0.753151,0.753151
869,0.753151,0.753151
870,0.753151,0.753151
871,0.753151,0.753151
872,0.753151,0.753151
873,0.753151,0.753151
874,0.817645,0.817645
875,0.817645,0.817645
876,0.817645,0.817645
877,0.817645,0.817645
878,0.817645,0.817645
879,0.817645,0.817645
880,0.817645,0.817645
881,0.817645,0.817645
882,0.817645,0.817645
883,0.817645,0.817645
884,0.817645,0.817645
885,0.817645,0.817645
886,0.817645,0.817645
887,0.817645,0.817645
888,0.96007,0.96007
889,0.96007,0.96007
890,0.96007,0.96007
891,0.96007,0.96007
892,0.96007,0.96007
893,1.00407,1.00407
894,1.00407,1.00407
895,1.00407,1.00407
896,1.00407,1.00407
897,1.00407,1.00407
898,1.00407,1.00407
899,1.00407,1.00407
900,1.00407,1.00407
901,1.00407,1.00407
902,1.00407,1.00407
903,0.927295,0.927295
904,0.927295,0.927295
905,0.927295,0.927295
906,0.927295,0.927295
907,0.927295,0.927295
908,1.03038,1.03038
909,1.03038,1.03038
910,1.19991,1.19991
911,1.19991,1.19991
912,1.19991,1.19991
913,1.19991,1.19991
914,1.19991,1.19991
915,1.19991,1.19991
916,1.19991,1.19991
917,1.19991,1.19991
918,1.19991,1.19991
919,1.19991,1.19991
920,1.19991,1.19991
921,1.19991,1.19991
922,1.19991,1.19991
923,1.19991,1.19991
924,1.19991,1.19991
925,1.22777,1.22777
926,1.22777,1.22777
927,1.22777,1.22777
928,1.22777,1.22777
929,1.22777,1.22777
930,1.22777,1.22777
931,1.2723,1.2723
932,1.2723,1.2723
933,1.2723,1.2723
934,1.2723,1.2723
935,1.2723,1.2723
936,1.2723,1.2723
937,1.43824,1.43824
938,1.43824,1.43824
939,1.43824,1.43824
940,1.43824,1.43824
941,1.43824,1.43824
942,1.43824,1.43824
943,1.43824,1.43824
944,1.43824,1.43824
945,1.52915,1.52915
946,1.52915,1.52915
947,1.52915,1.52915
948,1.52915,1.52915
949,1.52915,1.52915
950,1.52915,1.52915
951,1.52915,1.52915
952,1.52915,1.52915
953,1.52915,1.52915
954,1.52915,1.52915
955,1.52915,1.52915
956,1.52915,1.52915
957,1.61244,1.61244
958,1.61244,1.61244
959,1.61244,1.61244
960,1.61244,1.61244
961,1.61244,1.61244
962,1.61244,1.61244
963,1.61244,1.61244
964,1.61244,1.61244
965,1.61244,1.61244
966,1.61244,1.61244
967,1.61244,1.61244
968,1.61244,1.61244
969,1.75065,1.75065
970,1.75065,1.75065
971,1.75065,1.75065
972,1.78189,1.78189
973,1.78189,1.78189
974,1.78189,1.78189
975,1.7976,1.7976
976,1.7976,1.7976
977,1.7976,1.7976
978,1.7976,1.7976
979,1.7976,1.7976
980,1.7976,1.7976
981,1.7976,1.7976
982,1.7976,1.7976
983,1.7976,1.7976
984,1.7976,1.7976
985,1.96559,1.96559
986,1.96559,1.96559
987,1.96559,1.96559
988,1.96559,1.96559
989,1.96559,1.96559
990,1.96559,1.96559
991,1.96559,1.96559
992,2.0032,2.0032
993,2.0032,2.0032
994,2.0032,2.0032
995,2.0032,2.0032
996,2.0032,2.0032
997,2.0032,2.0032
998,2.0032,2.0032
999,2.0032,2.0032
1000,2.0032,2.0032
1001,2.0032,2.0032
1002,2.0032,2.0032
1003,2.0032,2.0032
1004,2.0032,2.0032
1005,2.0032,2.0032
1006,2.0032,2.0032
1007,2.0032,2.0032
1008,2.0032,2.0032
1009,1.10715,1.10715
1010,0.197396,0.197396
1011,0.197396,0.197396
1012,0.197396,0.197396
1013,6.08579,-0.197396
1014,6.08579,-0.197396
1015,6.08579,-0.197396
1016,6.08579,-0.197396
1017,6.08579,-0.197396
1018,6.08579,-0.197396
1019,6.08579,-0.197396
1020,6.08579,-0.197396
1021,6.00489,-0.2783
1022,6.00489,-0.2783
1023,5.92441,-0.358771
1024,5.92441,-0.358771
1025,5.92441,-0.358771
1026,5.92441,-0.358771
1027,5.74277,-0.54042
1028,5.74277,-0.54042
1029,5.74277,-0.54042
1030,5.74277,-0.54042
1031,5.74277,-0.54042
1032,5.74277,-0.54042
1033,5.90268,-0.380506
1034,6.11804,-0.165149
1035,6.11804,-0.165149
1036,6.11804,-0.165149
1037,0.165149,0.165149
1038,0.165149,0.165149
1039,0.165149,0.165149
1040,1.24905,1.24905
1041,1.24905,1.24905
1042,1.9513,1.9513
1043,1.9513,1.9513
1044,1.9513,1.9513
1045,1.9513,1.9513
1046,1.9513,1.9513
1047,1.69515,1.69515
1048,1.69515,1.69515
1049,1.69515,1.69515
1050,1.69515,1.69515
1051,1.69515,1.69515
1052,1.69515,1.69515
1053,1.69515,1.69515
1054,1.69515,1.69515
1055,2.1588,2.1588
1056,2.55359,2.55359
1057,2.55359,2.55359
1058,2.55359,2.55359
1059,2.55359,2.55359
1060,2.07789,2.07789
1061,2.07789,2.07789
1062,2.07789,2.07789
1063,2.07789,2.07789
1064,2.07789,2.07789
1065,2.07789,2.07789
1066,2.07789,2.07789
1067,2.07789,2.07789
1068,2.07789,2.07789
1069,2.07789,2.07789
1070,2.07789,2.07789
1071,1.10715,1.10715
1072,0.321751,0.321751
1073,0.321751,0.321751
1074,0.321751,0.321751
1075,0.643501,0.643501
1076,0.643501,0.643501
1077,0.927295,0.927295
1078,0.927295,0.927295
1079,0.927295,0.927295
1080,1.73595,1.73595
1081,1.73595,1.73595
1082,1.73595,1.73595
1083,1.73595,1.73595
1084,1.73595,1.73595
1085,1.40565,1.40565
1086,1.40565,1.40565
1087,1.40565,1.40565
1088,1.40565,1.40565
1089,1.40565,1.40565
1090,2.49809,2.49809
1091,2.49809,2.49809
1092,2.49809,2.49809
1093,2.49809,2.49809
1094,2.49809,2.49809
1095,2.49809,2.49809
1096,2.49809,2.49809
1097,2.12245,2.12245
1098,2.12245,2.12245
1099,2.12245,2.12245
1100,2.12245,2.12245
1101,2.12245,2.12245
1102,2.12245,2.12245
1103,2.12245,2.12245
1104,2.12245,2.12245
1105,2.12245,2.12245
1106,2.12245,2.12245
1107,2.09559,2.09559
1108,2.09559,2.09559
1109,2.09559,2.09559
1110,2.09559,2.09559
1111,2.09559,2.09559
1112,2.09559,2.09559
1113,2.09559,2.09559
1114,2.09559,2.09559
1115,2.09559,2.09559
1116,2.09559,2.09559
1117,2.09559,2.09559
1118,2.09559,2.09559
1119,2.09559,2.09559
1120,2.09559,2.09559
1121,2.09559,2.09559
1122,2.09559,2.09559
1123,2.09559,2.09559
1124,2.09559,2.09559
1125,2.09559,2.09559
1126,2.09559,2.09559
1127,2.09559,2.09559
1128,2.09559,2.09559
1129,2.09559,2.09559
1130,2.26553,2.26553
1131,2.26553,2.26553
1132,2.26553,2.26553
1133,2.26553,2.26553
1134,2.26553,2.26553
1135,2.26553,2.26553
1136,2.26553,2.26553
1137,2.26553,2.26553
1138,2.26553,2.26553
1139,3.92699,-2.35619
1140,3.92699,-2.35619
1141,2.89661,2.89661
1142,2.89661,2.89661
1143,2.89661,2.89661
1144,2.89661,2.89661
1145,2.89661,2.89661
1146,2.55359,2.55359
1147,2.2143,2.2143
1148,2.2143,2.2143
1149,2.2143,2.2143
1150,2.2143,2.2143
1151,2.2143,2.2143
1152,2.2143,2.2143
1153,2.2143,2.2143
1154,2.2143,2.2143
1155,2.11122,2.11122
1156,2.11122,2.11122
1157,1.9513,1.9513
1158,1.73595,1.73595
1159,1.73595,1.73595
1160,1.73595,1.73595
1161,1.73595,1.73595
1162,1.73595,1.73595
1163,1.73595,1.73595
1164,2.81984,2.81984
1165,2.81984,2.81984
1166,2.81984,2.81984
1167,2.49809,2.49809
1168,2.49809,2.49809
1169,2.49809,2.49809
1170,2.49809,2.49809
1171,2.49809,2.49809
1172,0.745419,0.745419
1173,0.745419,0.745419
1174,0.745419,0.745419
1175,0.745419,0.745419
1176,0.745419,0.745419
1177,0.745419,0.745419
1178,0.745419,0.745419
1179,0.745419,0.745419
1180,0.745419,0.745419
1181,0.745419,0.745419
1182,0.745419,0.745419
1183,0.745419,0.745419
1184,0.745419,0.745419
1185,0.745419,0.745419
1186,0.745419,0.745419
1187,0.745419,0.745419
1188,0.745419,0.745419
1189,0.825377,0.825377
1190,0.825377,0.825377
1191,0.825377,0.825377
1192,0.825377,0.825377
1193,0.825377,0.825377
1194,0.825377,0.825377
1195,0.825377,0.825377
1196,0.825377,0.825377
1197,0.825377,0.825377
1198,0.825377,0.825377
1199,0.825377,0.825377
1200,0.868539,0.868539
1201,0.868539,0.868539
1202,0.868539,0.868539
1203,0.868539,0.868539
1204,0.868539,0.868539
1205,0.868539,0.868539
1206,0.868539,0.868539
1207,0.868539,0.868539
1208,0.868539,0.868539
1209,0.868539,0.868539
1210,0.868539,0.868539
1211,0.965252,0.965252
1212,0.965252,0.965252
1213,0.965252,0.965252
1214,0.965252,0.965252
1215,0.965252,0.965252
1216,0.965252,0.965252
1217,0.965252,0.965252
1218,0.965252,0.965252
1219,0.965252,0.965252
1220,0.965252,0.965252
1221,0.965252,0.965252
1222,0.965252,0.965252
1223,0.965252,0.965252
1224,0.965252,0.965252
1225,0.965252,0.965252
1226,1.32582,1.32582
1227,1.32582,1.32582
1228,1.69515,1.69515
1229,1.69515,1.69515
1230,1.69515,1.69515
1231,1.69515,1.69515
1232,1.69515,1.69515
1233,1.69515,1.69515
1234,1.69515,1.69515
1235,1.69515,1.69515
1236,1.69515,1.69515
1237,1.69515,1.69515
1238,1.69515,1.69515
1239,2.1588,2.1588
1240,2.60117,2.60117
1241,2.60117,2.60117
1242,2.60117,2.60117
1243,2.76109,2.76109
1244,3.07502,3.07502
1245,3.07502,3.07502
1246,3.07502,3.07502
1247,3.07502,3.07502
1248,3.07502,3.07502
1249,3.07502,3.07502
1250,3.07502,3.07502
1251,3.07502,3.07502
1252,3.18702,-3.09617
1253,3.18702,-3.09617
1254,3.18702,-3.09617
1255,3.18702,-3.09617
1256,3.18702,-3.09617
1257,3.18702,-3.09617
1258,3.18702,-3.09617
1259,3.18702,-3.09617
1260,3.18702,-3.09617
1261,3.18702,-3.09617
1262,3.18702,-3.09617
1263,3.18702,-3.09617
1264,3.18702,-3.09617
1265,3.18702,-3.09617
1266,3.18702,-3.09617
1267,3.18702,-3.09617
1268,3.18702,-3.09617
1269,3.18702,-3.09617
1270,3.18702,-3.09617
1271,3.18702,-3.09617
1272,3.18702,-3.09617
1273,3.18702,-3.09617
1274,3.18702,-3.09617
1275,3.18702,-3.09617
1276,3.18702,-3.09617
1277,3.18702,-3.09617
1278,3.18702,-3.09617
1279,3.18702,-3.09617
1280,3.18702,-3.09617
1281,3.18702,-3.09617
1282,3.18702,-3.09617
1283,3.18702,-3.09617
1284,3.18702,-3.09617
1285,3.18702,-3.09617
1286,3.18702,-3.09617
1287,3.18702,-3.09617
1288,3.18702,-3.09617
1289,3.18702,-3.09617
1290,3.18702,-3.09617
1291,3.18702,-3.09617
1292,3.18702,-3.09617
1293,3.18702,-3.09617
1294,3.18702,-3.09617
1295,3.18702,-3.09617
1296,3.18702,-3.09617
1297,3.18702,-3.09617
1298,3.18702,-3.09617
1299,3.18702,-3.09617
1300,3.18702,-3.09617
1301,3.18702,-3.09617
1302,3.18702,-3.09617
1303,3.18702,-3.09617
1304,3.18702,-3.09617
1305,3.7296,-2.55359
1306,3.7296,-2.55359
1307,3.7296,-2.55359
1308,3.32145,-2.96174
1309,3.32145,-2.96174
1310,3.32145,-2.96174
1311,3.32145,-2.96174
1312,3.32145,-2.96174
1313,3.32145,-2.96174
1314,3.23225,-3.05093
1315,3.23225,-3.05093
1316,3.23225,-3.05093
1317,3.23225,-3.05093
1318,3.23225,-3.05093
1319,3.23225,-3.05093
1320,3.23225,-3.05093
1321,3.23225,-3.05093
1322,3.23225,-3.05093
1323,3.23225,-3.05093
1324,3.23225,-3.05093
1325,3.23225,-3.05093
1326,3.23225,-3.05093
1327,3.23225,-3.05093
1328,3.23225,-3.05093
1329,3.23225,-3.05093
1330,3.23225,-3.05093
1331,3.23225,-3.05093
1332,3.07917,3.07917
1333,3.07917,3.07917
1334,3.07917,3.07917
1335,3.07917,3.07917
1336,3.07917,3.07917
1337,3.07917,3.07917
1338,3.07917,3.07917
1339,3.07917,3.07917
1340,3.07917,3.07917
1341,3.07917,3.07917
1342,3.07917,3.07917
1343,3.07917,3.07917
1344,3.07917,3.07917
1345,3.07917,3.07917
1346,3.20401,-3.07917
1347,3.20401,-3.07917
1348,3.20401,-3.07917
1349,3.20401,-3.07917
1350,3.20401,-3.07917
1351,3.20401,-3.07917
1352,3.20401,-3.07917
1353,3.20401,-3.07917
1354,3.22833,-3.05485
1355,3.22833,-3.05485
1356,3.22833,-3.05485
1357,3.22833,-3.05485
1358,3.22833,-3.05485
1359,3.22833,-3.05485
1360,3.22833,-3.05485
1361,3.22833,-3.05485
1362,3.22833,-3.05485
1363,3.22833,-3.05485
1364,3.22833,-3.05485
1365,3.22833,-3.05485
1366,3.41989,-2.86329
1367,3.41989,-2.86329
1368,3.50036,-2.78282
1369,3.50036,-2.78282
1370,3.50036,-2.78282
1371,3.50036,-2.78282
1372,3.68201,-2.60117
1373,3.78509,-2.49809
1374,3.78509,-2.49809
1375,4.06889,-2.2143
1376,4.06889,-2.2143
1377,4.17197,-2.11122
1378,4.17197,-2.11122
1379,4.35362,-1.92957
1380,4.35362,-1.92957
1381,4.35362,-1.92957
1382,4.43409,-1.8491
1383,4.43409,-1.8491
1384,4.51499,-1.76819
1385,4.51499,-1.76819
1386,4.51499,-1.76819
1387,4.90978,-1.3734
1388,4.90978,-1.3734
1389,5.35589,-0.927295
1390,5.35589,-0.927295
1391,5.35589,-0.927295
1392,5.35589,-0.927295
1393,5.35589,-0.927295
1394,5.35589,-0.927295
1395,4.12439,-2.1588
1396,4.12439,-2.1588
1397,3.87941,-2.40378
1398,3.87941,-2.40378
1399,3.87941,-2.40378
1400,3.87941,-2.40378
1401,3.87941,-2.40378
1402,3.87941,-2.40378
1403,3.87941,-2.40378
1404,3.87941,-2.40378
1405,3.87941,-2.40378
1406,3.87941,-2.40378
1407,3.87941,-2.40378
1408,3.87941,-2.40378
1409,3.87941,-2.40378
1410,3.87941,-2.40378
1411,3.87941,-2.40378
1412,3.87941,-2.40378
1413,3.87941,-2.40378
1414,3.87941,-2.40378
1415,3.87941,-2.40378
1416,3.87941,-2.40378
1417,3.87941,-2.40378
1418,3.87941,-2.40378
1419,3.75232,-2.53087
1420,3.75232,-2.53087
1421,3.75232,-2.53087
1422,3.75232,-2.53087
1423,3.75232,-2.53087
1424,3.70832,-2.57486
1425,3.70832,-2.57486
1426,3.70832,-2.57486
1427,3.70832,-2.57486
1428,3.70832,-2.57486
1429,3.66074,-2.62245
1430,3.66074,-2.62245
1431,3.66074,-2.62245
1432,3.53638,-2.7468
1433,3.53638,-2.7468
1434,3.53638,-2.7468
1435,3.53638,-2.7468
1436,3.53638,-2.7468
1437,3.53638,-2.7468
1438,3.53638,-2.7468
1439,3.50877,-2.77442
1440,3.50877,-2.77442
1441,3.50877,-2.77442
1442,3.49036,-2.79282
1443,3.49036,-2.79282
1444,3.49036,-2.79282
1445,3.49036,-2.79282
1446,3.43305,-2.85014
1447,3.43305,-2.85014
1448,3.43305,-2.85014
1449,3.43305,-2.85014
1450,3.40784,-2.87534
1451,3.40784,-2.87534
1452,3.40784,-2.87534
1453,3.40784,-2.87534
1454,3.40784,-2.87534
1455,3.40784,-2.87534
1456,3.40784,-2.87534
1457,3.40784,-2.87534
1458,3.40784,-2.87534
1459,3.40784,-2.87534
1460,3.40784,-2.87534
1461,3.40784,-2.87534
1462,3.40784,-2.87534
1463,3.40784,-2.87534
1464,3.34909,-2.9341
1465,3.34909,-2.9341
1466,3.34909,-2.9341
1467,3.34909,-2.9341
1468,3.34909,-2.9341
1469,3.34909,-2.9341
1470,3.34909,-2.9341
1471,3.34909,-2.9341
1472,3.34909,-2.9341
1473,3.34909,-2.9341
1474,3.34909,-2.9341
1475,3.34909,-2.9341
1476,3.34909,-2.9341
1477,3.34909,-2.9341
1478,3.34909,-2.9341
1479,3.34909,-2.9341
1480,3.34909,-2.9341
1481,3.34909,-2.9341
1482,3.34909,-2.9341
1483,3.34909,-2.9341
1484,3.34909,-2.9341
1485,3.34909,-2.9341
1486,3.34909,-2.9341
1487,3.34909,-2.9341
1488,3.34909,-2.9341
1489,3.34909,-2.9341
1490,3.34909,-2.9341
1491,3.34909,-2.9341
1492,3.34909,-2.9341
1493,3.34909,-2.9341
1494,3.34909,-2.9341
1495,3.34909,-2.9341
1496,3.34909,-2.9341
1497,3.34909,-2.9341
1498,3.34909,-2.9341
1499,3.34909,-2.9341
1500,2.81984,2.81984
1501,2.81984,2.81984
1502,2.81984,2.81984
1503,3.92699,-2.35619
1504,3.92699,-2.35619
1505,2.23184,2.23184
1506,2.23184,2.23184
1507,2.23184,2.23184
1508,2.23184,2.23184
1509,2.23184,2.23184
1510,2.23184,2.23184
1511,2.23184,2.23184
1512,2.23184,2.23184
1513,2.23184,2.23184
1514,2.23184,2.23184
1515,2.23184,2.23184
1516,2.23184,2.23184
1517,2.23184,2.23184
1518,2.23184,2.23184
1519,2.23184,2.23184
1520,2.23184,2.23184
1521,2.23184,2.23184
1522,2.23184,2.23184
1523,2.23184,2.23184
1524,2.23184,2.23184
1525,2.23184,2.23184
1526,2.23184,2.23184
1527,2.23184,2.23184
1528,2.23184,2.23184
1529,2.23184,2.23184
1530,2.23184,2.23184
1531,2.23184,2.23184
1532,2.23184,2.23184
1533,2.23184,2.23184
1534,2.27942,2.27942
1535,2.27942,2.27942
1536,2.27942,2.27942
1537,2.27942,2.27942
1538,2.27942,2.27942
1539,2.43297,2.43297
1540,2.43297,2.43297
1541,2.43297,2.43297
1542,2.43297,2.43297
1543,2.43297,2.43297
1544,2.53087,2.53087
1545,2.53087,2.53087
1546,2.53087,2.53087
1547,2.53087,2.53087
1548,2.53087,2.53087
1549,2.57486,2.57486
1550,2.57486,2.57486
1551,2.57486,2.57486
1552,2.57486,2.57486
1553,2.57486,2.57486
1554,2.63449,2.63449
1555,2.63449,2.63449
1556,2.63449,2.63449
1557,2.63449,2.63449
1558,2.63449,2.63449
1559,2.72337,2.72337
1560,2.72337,2.72337
1561,2.72337,2.72337
1562,2.72337,2.72337
1563,2.78282,2.78282
1564,2.78282,2.78282
1565,2.87534,2.87534
1566,2.87534,2.87534
1567,2.87534,2.87534
1568,2.87534,2.87534
1569,2.87534,2.87534
1570,2.92292,2.92292
1571,2.92292,2.92292
1572,2.92292,2.92292
1573,2.92292,2.92292
1574,2.92292,2.92292
1575,2.92292,2.92292
1576,2.92292,2.92292
1577,2.86329,2.86329
1578,2.86329,2.86329
1579,2.86329,2.86329
1580,2.86329,2.86329
1581,2.86329,2.86329
1582,2.96174,2.96174
1583,2.96174,2.96174
1584,2.96174,2.96174
1585,2.96174,2.96174
1586,2.96174,2.96174
1587,2.96174,2.96174
1588,2.9997,2.9997
1589,2.9997,2.9997
1590,2.9997,2.9997
1591,2.9997,2.9997
1592,2.9997,2.9997
1593,2.9997,2.9997
1594,2.9997,2.9997
1595,1.63322,1.63322
1596,1.63322,1.63322
1597,1.63322,1.63322
1598,1.63322,1.63322
1599,1.63322,1.63322
1600,1.63322,1.63322
1601,1.63322,1.63322
1602,1.63322,1.63322
1603,1.63322,1.63322
1604,1.63322,1.63322
1605,1.63322,1.63322
1606,1.63322,1.63322
1607,1.63322,1.63322
1608,1.63322,1.63322
1609,1.63322,1.63322
1610,1.63322,1.63322
1611,2.86329,2.86329
1612,2.86329,2.86329
1613,2.86329,2.86329
1614,2.86329,2.86329
1615,3.0399,3.0399
1616,3.0399,3.0399
1617,3.0399,3.0399
1618,3.0399,3.0399
1619,3.0399,3.0399
1620,3.0399,3.0399
1621,3.0399,3.0399
1622,3.0399,3.0399
1623,3.0399,3.0399
1624,3.0399,3.0399
1625,3.0399,3.0399
1626,3.0399,3.0399
1627,3.0399,3.0399
1628,3.0399,3.0399
1629,3.0399,3.0399
1630,3.0399,3.0399
1631,3.0399,3.0399
1632,3.0399,3.0399
1633,3.0399,3.0399
1634,3.0399,3.0399
1635,3.0399,3.0399
1636,3.0399,3.0399
1637,3.0399,3.0399
1638,3.0399,3.0399
1639,3.0399,3.0399
1640,3.0399,3.0399
1641,3.0399,3.0399
1642,3.04434,3.04434
1643,3.04434,3.04434
1644,3.04434,3.04434
1645,3.04434,3.04434
1646,3.04434,3.04434
1647,3.04434,3.04434
1648,3.04434,3.04434
1649,3.04434,3.04434
1650,3.04434,3.04434
1651,3.04434,3.04434
1652,3.04434,3.04434
1653,3.04434,3.04434
1654,3.04434,3.04434
1655,3.04434,3.04434
1656,3.04434,3.04434
1657,3.04434,3.04434
1658,3.04434,3.04434
1659,3.04434,3.04434
1660,3.04434,3.04434
1661,3.04434,3.04434
1662,3.04434,3.04434
1663,3.04434,3.04434
1664,3.04434,3.04434
1665,3.04434,3.04434
1666,3.04434,3.04434
1667,3.04434,3.04434
1668,3.04434,3.04434
1669,3.04434,3.04434
1670,3.04434,3.04434
1671,3.04434,3.04434
1672,3.04434,3.04434
1673,3.04434,3.04434
1674,3.04434,3.04434
1675,3.04434,3.04434
1676,3.04434,3.04434
1677,3.04434,3.04434
1678,3.04434,3.04434
1679,3.04434,3.04434
1680,3.04434,3.04434
1681,3.04434,3.04434
1682,3.04434,3.04434
1683,3.04434,3.04434
1684,3.04434,3.04434
1685,3.26595,-3.01724
1686,3.26595,-3.01724
1687,3.26595,-3.01724
1688,3.26595,-3.01724
1689,3.26595,-3.01724
1690,5.17604,-1.10715
1691,5.17604,-1.10715
1692,4.24874,-2.03444
1693,4.24874,-2.03444
1694,2.1588,2.1588
1695,2.1588,2.1588
1696,2.1588,2.1588
1697,2.1588,2.1588
1698,2.1588,2.1588
1699,2.1588,2.1588
1700,2.1588,2.1588
1701,1.89255,1.89255
1702,1.89255,1.89255
1703,1.89255,1.89255
1704,2.67795,2.67795
1705,2.67795,2.67795
1706,2.1588,2.1588
1707,2.1588,2.1588
1708,2.1588,2.1588
1709,2.1588,2.1588
1710,2.1588,2.1588
1711,4.24874,-2.03444
1712,4.24874,-2.03444
1713,3.33899,-2.9442
1714,3.33899,-2.9442
1715,3.33899,-2.9442
1716,2.9442,2.9442
1717,2.9442,2.9442
1718,2.76109,2.76109
1719,2.76109,2.76109
1720,2.76109,2.76109
1721,2.03444,2.03444
1722,2.03444,2.03444
1723,3.01724,3.01724
1724,3.01724,3.01724
1725,3.01724,3.01724
1726,3.01724,3.01724
1727,3.18324,-3.09995
1728,3.18324,-3.09995
1729,3.18324,-3.09995
1730,3.18324,-3.09995
1731,3.18324,-3.09995
1732,3.18324,-3.09995
1733,3.18324,-3.09995
1734,3.18324,-3.09995
1735,3.18324,-3.09995
1736,3.18324,-3.09995
1737,3.18324,-3.09995
1738,3.18324,-3.09995
1739,3.18324,-3.09995
1740,3.18324,-3.09995
1741,3.18324,-3.09995
1742,3.18324,-3.09995
1743,3.18324,-3.09995
1744,3.09995,3.09995
1745,3.09995,3.09995
1746,3.09995,3.09995
1747,3.09995,3.09995
1748,3.09995,3.09995
1749,3.09995,3.09995
1750,3.09995,3.09995
1751,3.09995,3.09995
1752,3.09995,3.09995
1753,3.09995,3.09995
1754,3.09995,3.09995
1755,3.09995,3.09995
1756,3.09995,3.09995
1757,1.10715,1.10715
1758,1.10715,1.10715
1759,1.10715,1.10715
1760,0.620249,0.620249
1761,0.620249,0.620249
1762,0.620249,0.620249
1763,0.620249,0.620249
1764,0.620249,0.620249
1765,0.620249,0.620249
1766,0.620249,0.620249
1767,0.694738,0.694738
1768,0.694738,0.694738
1769,0.694738,0.694738
1770,0.694738,0.694738
1771,0.876058,0.876058
1772,0.876058,0.876058
1773,0.876058,0.876058
1774,0.876058,0.876058
1775,0.950547,0.950547
1776,0.950547,0.950547
1777,0.950547,0.950547
1778,1.01914,1.01914
1779,1.01914,1.01914
1780,1.01914,1.01914
1781,1.01914,1.01914
1782,1.01914,1.01914
1783,1.01914,1.01914
1784,1.04272,1.04272
1785,1.04272,1.04272
1786,1.04272,1.04272
1787,1.04272,1.04272
1788,1.04272,1.04272
1789,1.04272,1.04272
1790,1.04272,1.04272
1791,1.1659,1.1659
1792,1.1659,1.1659
1793,1.1659,1.1659
1794,1.21203,1.21203
1795,1.21203,1.21203
1796,1.2925,1.2925
1797,1.2925,1.2925
1798,1.3734,1.3734
1799,1.3734,1.3734
1800,1.3734,1.3734
1801,1.76819,1.76819
1802,1.76819,1.76819
1803,2.28963,2.28963
1804,2.28963,2.28963
1805,2.28963,2.28963
1806,2.28963,2.28963
1807,2.28963,2.28963
1808,2.28963,2.28963
1809,2.42276,2.42276
1810,2.42276,2.42276
1811,2.42276,2.42276
1812,2.42276,2.42276
1813,2.42276,2.42276
1814,2.42276,2.42276
1815,2.89661,2.89661
1816,2.89661,2.89661
1817,3.38657,-2.89661
1818,3.38657,-2.89661
1819,3.38657,-2.89661
1820,5.49779,-0.785398
1821,5.49779,-0.785398
1822,3.60524,-2.67795
1823,3.60524,-2.67795
1824,4.10684,-2.17634
1825,4.10684,-2.17634
1826,4.10684,-2.17634
1827,4.10684,-2.17634
1828,4.10684,-2.17634
1829,4.10684,-2.17634
1830,4.10684,-2.17634
1831,4.10684,-2.17634
1832,4.10684,-2.17634
1833,4.10684,-2.17634
1834,4.10684,-2.17634
1835,4.10684,-2.17634
1836,4.10684,-2.17634
1837,4.10684,-2.17634
1838,4.10684,-2.17634
1839,4.10684,-2.17634
1840,4.10684,-2.17634
1841,3.97457,-2.30861
1842,3.97457,-2.30861
1843,3.97457,-2.30861
1844,3.97457,-2.30861
1845,3.97457,-2.30861
1846,3.97457,-2.30861
1847,3.97457,-2.30861
1848,3.97457,-2.30861
1849,3.97457,-2.30861
1850,3.97457,-2.30861
1851,3.97457,-2.30861
1852,3.97457,-2.30861
1853,3.97457,-2.30861
1854,3.97457,-2.30861
1855,3.97457,-2.30861
1856,3.97457,-2.30861
1857,3.97457,-2.30861
1858,3.97457,-2.30861
1859,3.97457,-2.30861
1860,2.11122,2.11122
1861,2.11122,2.11122
1862,2.11122,2.11122
1863,2.11122,2.11122
1864,2.11122,2.11122
1865,2.11122,2.11122
1866,2.11122,2.11122
1867,2.89661,2.89661
1868,2.89661,2.89661
1869,2.89661,2.89661
1870,2.89661,2.89661
1871,1.67046,1.67046
1872,1.67046,1.67046
1873,1.67046,1.67046
1874,1.67046,1.67046
1875,1.67046,1.67046
1876,1.67046,1.67046
1877,1.67046,1.67046
1878,1.67046,1.67046
1879,1.67046,1.67046
1880,1.67046,1.67046
1881,2.2143,2.2143
1882,2.2143,2.2143
1883,2.2143,2.2143
1884,2.2143,2.2143
1885,2.2143,2.2143
1886,4.01765,-2.26553
1887,4.01765,-2.26553
1888,4.01765,-2.26553
1889,4.01765,-2.26553
1890,4.01765,-2.26553
1891,4.01765,-2.26553
1892,4.01765,-2.26553
1893,4.01765,-2.26553
1894,4.05135,-2.23184
1895,4.05135,-2.23184
1896,4.05135,-2.23184
1897,4.05135,-2.23184
1898,4.05135,-2.23184
1899,4.05135,-2.23184
1900,4.05135,-2.23184
1901,4.19324,-2.08994
1902,4.19324,-2.08994
1903,4.19324,-2.08994
1904,4.19324,-2.08994
1905,4.19324,-2.08994
1906,4.19324,-2.08994
1907,4.19324,-2.08994
1908,4.19324,-2.08994
1909,4.03765,-2.24554
1910,4.03765,-2.24554
1911,4.03765,-2.24554
1912,3.81633,-2.46685
1913,3.81633,-2.46685
1914,3.81633,-2.46685
1915,3.68201,-2.60117
1916,3.68201,-2.60117
1917,3.54648,-2.7367
1918,3.54648,-2.7367
1919,3.54648,-2.7367
1920,3.54648,-2.7367
1921,3.54648,-2.7367
1922,3.54648,-2.7367
1923,3.54648,-2.7367
1924,3.54648,-2.7367
1925,3.54648,-2.7367
1926,3.54648,-2.7367
1927,4.57049,-1.71269
1928,4.57049,-1.71269
1929,4.57049,-1.71269
1930,4.57049,-1.71269
1931,4.57049,-1.71269
1932,4.57049,-1.71269
1933,4.57049,-1.71269
1934,3.53638,-2.7468
1935,3.53638,-2.7468
1936,3.53638,-2.7468
1937,3.53638,-2.7468
1938,3.53638,-2.7468
1939,3.53638,-2.7468
1940,3.53638,-2.7468
1941,3.53638,-2.7468
1942,3.53638,-2.7468
1943,3.53638,-2.7468
1944,3.53638,-2.7468
1945,3.53638,-2.7468
1946,3.53638,-2.7468
1947,3.53638,-2.7468
1948,3.53638,-2.7468
1949,3.53638,-2.7468
1950,3.53638,-2.7468
1951,3.53638,-2.7468
1952,3.53638,-2.7468
1953,3.53638,-2.7468
1954,3.53638,-2.7468
1955,3.53638,-2.7468
1956,3.68201,-2.60117
1957,3.81633,-2.46685
1958,3.81633,-2.46685
1959,3.81633,-2.46685
1960,3.81633,-2.46685
1961,3.81633,-2.46685
1962,3.81633,-2.46685
1963,3.81633,-2.46685
1964,3.81633,-2.46685
1965,2.67795,2.67795
1966,2.67795,2.67795
1967,3.64094,-2.64225
1968,3.64094,-2.64225
1969,3.64094,-2.64225
1970,3.64094,-2.64225
1971,3.64094,-2.64225
1972,3.64094,-2.64225
1973,3.64094,-2.64225
1974,3.64094,-2.64225
1975,3.64094,-2.64225
1976,3.64094,-2.64225
1977,3.64094,-2.64225
1978,3.64094,-2.64225
1979,3.64094,-2.64225
1980,3.64094,-2.64225
1981,3.64094,-2.64225
1982,3.64094,-2.64225
1983,3.64094,-2.64225
1984,3.64094,-2.64225
1985,4.06889,-2.2143
1986,4.06889,-2.2143
1987,4.06889,-2.2143
1988,4.06889,-2.2143
1989,3.77039,-2.5128
1990,3.77039,-2.5128
1991,3.77039,-2.5128
1992,3.77039,-2.5128
1993,3.77039,-2.5128
1994,3.77039,-2.5128
1995,3.77039,-2.5128
1996,3.77039,-2.5128
1997,3.77039,-2.5128
1998,3.77039,-2.5128
1999,3.77039,-2.5128
2000,3.77039,-2.5128
2001,3.77039,-2.5128
2002,3.80264,-2.48055
2003,3.80264,-2.48055
2004,3.80264,-2.48055
2005,3.87941,-2.40378
2006,3.87941,-2.40378
2007,3.87941,-2.40378
2008,3.87941,-2.40378
2009,3.87941,-2.40378
2010,3.87941,-2.40378
2011,3.87941,-2.40378
2012,3.87941,-2.40378
2013,3.87941,-2.40378
2014,3.97457,-2.30861
2015,3.97457,-2.30861
2016,3.97457,-2.30861
2017,3.97457,-2.30861
2018,3.97457,-2.30861
2019,3.97457,-2.30861
2020,3.97457,-2.30861
2021,3.97457,-2.30861
2022,3.97457,-2.30861
2023,4.19324,-2.08994
2024,4.19324,-2.08994
2025,4.19324,-2.08994
2026,4.3075,-1.97569
2027,4.3075,-1.97569
2028,4.3075,-1.97569
2029,4.49372,-1.78947
2030,4.49372,-1.78947
2031,4.49372,-1.78947
2032,4.49372,-1.78947
2033,4.49372,-1.78947
2034,4.54724,-1.73595
2035,4.54724,-1.73595
2036,4.54724,-1.73595
2037,4.54724,-1.73595
2038,4.54724,-1.73595
2039,4.54724,-1.73595
2040,3.38657,-2.89661
2041,3.38657,-2.89661
2042,2.89661,2.89661
2043,2.89661,2.89661
2044,2.76109,2.76109
2045,2.76109,2.76109
2046,2.76109,2.76109
2047,2.76109,2.76109
2048,2.76109,2.76109
2049,4.46741,-1.81577
2050,4.46741,-1.81577
2051,4.46741,-1.81577
2052,4.46741,-1.81577
2053,4.46741,-1.81577
2054,4.46741,-1.81577
2055,4.95737,-1.32582
2056,4.95737,-1.32582
2057,4.95737,-1.32582
2058,4.46741,-1.81577
2059,4.46741,-1.81577
2060,4.46741,-1.81577
2061,4.46741,-1.81577
2062,4.77114,-1.51204
2063,4.77114,-1.51204
2064,4.77114,-1.51204
2065,4.77114,-1.51204
2066,4.77114,-1.51204
2067,4.77114,-1.51204
2068,4.77114,-1.51204
2069,4.77114,-1.51204
2070,4.77114,-1.51204
2071,4.77114,-1.51204
2072,4.65363,-1.62955
2073,4.65363,-1.62955
2074,4.65363,-1.62955
2075,4.65363,-1.62955
2076,4.65363,-1.62955
2077,4.65363,-1.62955
2078,4.65363,-1.62955
2079,4.65363,-1.62955
2080,4.65363,-1.62955
2081,4.65363,-1.62955
2082,4.77896,-1.50423
2083,4.77896,-1.50423
2084,4.77896,-1.50423
2085,4.77896,-1.50423
2086,4.77896,-1.50423
2087,4.77896,-1.50423
2088,4.77896,-1.50423
2089,4.77896,-1.50423
2090,4.77896,-1.50423
2091,4.64582,-1.63736
2092,4.64582,-1.63736
2093,4.64582,-1.63736
2094,4.64582,-1.63736
2095,4.64582,-1.63736
2096,4.64582,-1.63736
2097,4.64582,-1.63736
2098,4.64582,-1.63736
2099,4.64582,-1.63736
2100,4.64582,-1.63736
2101,4.95737,-1.32582
2102,4.95737,-1.32582
2103,5.96143,-0.321751
2104,5.96143,-0.321751
2105,5.96143,-0.321751
2106,5.96143,-0.321751
2107,3.60524,-2.67795
2108,3.60524,-2.67795
2109,4.24874,-2.03444
2110,4.24874,-2.03444
2111,4.24874,-2.03444
2112,4.24874,-2.03444
2113,5.17604,-1.10715
2114,6.13054,-0.152649
2115,6.13054,-0.152649
2116,6.13054,-0.152649
2117,6.13054,-0.152649
2118,6.13054,-0.152649
2119,6.13054,-0.152649
2120,6.13054,-0.152649
2121,6.15883,-0.124355
2122,6.15883,-0.124355
2123,6.15883,-0.124355
2124,6.15883,-0.124355
2125,6.15883,-0.124355
2126,6.15883,-0.124355
2127,6.15883,-0.124355
2128,6.15883,-0.124355
2129,6.09784,-0.185348
2130,6.09784,-0.185348
2131,6.09784,-0.185348
2132,6.09784,-0.185348
2133,6.09784,-0.185348
2134,6.09784,-0.185348
2135,6.09784,-0.185348
2136,6.09784,-0.185348
2137,6.09784,-0.185348
2138,6.09784,-0.185348
2139,6.09784,-0.185348
2140,6.09784,-0.185348
2141,6.09784,-0.185348
2142,6.09784,-0.185348
2143,6.09784,-0.185348
2144,6.09784,-0.185348
2145,6.09784,-0.185348
2146,6.09784,-0.185348
2147,6.09784,-0.185348
2148,6.05639,-0.226799
2149,6.05639,-0.226799
2150,6.05639,-0.226799
2151,6.05639,-0.226799
2152,6.05639,-0.226799
2153,6.02258,-0.260602
2154,6.02258,-0.260602
2155,6.02258,-0.260602
2156,6.02258,-0.260602
2157,6.02258,-0.260602
2158,6.02258,-0.260602
2159,6.02258,-0.260602
2160,6.02258,-0.260602
2161,6.02258,-0.260602
2162,6.02258,-0.260602
2163,6.02258,-0.260602
2164,6.02258,-0.260602
2165,6.02258,-0.260602
2166,6.02258,-0.260602
2167,6.02258,-0.260602
2168,6.02258,-0.260602
2169,6.02258,-0.260602
2170,6.02258,-0.260602
2171,6.02258,-0.260602
2172,5.92441,-0.358771
2173,5.92441,-0.358771
2174,5.92441,-0.358771
2175,5.92441,-0.358771
2176,5.92441,-0.358771
2177,5.92441,-0.358771
2178,6.00489,-0.2783
2179,6.00489,-0.2783
2180,6.00489,-0.2783
2181,6.00489,-0.2783
2182,6.00489,-0.2783
2183,6.00489,-0.2783
2184,5.90268,-0.380506
2185,5.90268,-0.380506
2186,5.90268,-0.380506
2187,5.90268,-0.380506
2188,4.12439,-2.1588
2189,4.12439,-2.1588
2190,4.12439,-2.1588
2191,4.12439,-2.1588
2192,4.12439,-2.1588
2193,3.41989,-2.86329
2194,3.41989,-2.86329
2195,3.41989,-2.86329
2196,3.41989,-2.86329
2197,3.41989,-2.86329
2198,3.41989,-2.86329
2199,3.41989,-2.86329
2200,3.41989,-2.86329
2201,3.7296,-2.55359
2202,3.7296,-2.55359
2203,3.7296,-2.55359
2204,3.17861,-3.10457
2205,3.17861,-3.10457
2206,3.17861,-3.10457
2207,3.17861,-3.10457
2208,3.17861,-3.10457
2209,3.17861,-3.10457
2210,3.17861,-3.10457
2211,3.17861,-3.10457
2212,3.17861,-3.10457
2213,3.17861,-3.10457
2214,3.17861,-3.10457
2215,3.17861,-3.10457
2216,3.17861,-3.10457
2217,3.17861,-3.10457
2218,3.17861,-3.10457
2219,3.17861,-3.10457
2220,3.17861,-3.10457
2221,3.17861,-3.10457
2222,3.17861,-3.10457
2223,3.17861,-3.10457
2224,3.17861,-3.10457
2225,3.17861,-3.10457
2226,3.17861,-3.10457
2227,3.17861,-3.10457
2228,3.17861,-3.10457
2229,3.17861,-3.10457
2230,3.17861,-3.10457
2231,3.18601,-3.09718
2232,3.18601,-3.09718
2233,3.18601,-3.09718
2234,3.18601,-3.09718
2235,3.18601,-3.09718
2236,3.18601,-3.09718
2237,3.18601,-3.09718
2238,3.18601,-3.09718
2239,3.18601,-3.09718
2240,3.18601,-3.09718
2241,3.18601,-3.09718
2242,3.18601,-3.09718
2243,3.18601,-3.09718
2244,3.18601,-3.09718
2245,3.18601,-3.09718
2246,3.18601,-3.09718
2247,3.18601,-3.09718
2248,3.18601,-3.09718
2249,3.18601,-3.09718
2250,3.18601,-3.09718
2251,3.18601,-3.09718
2252,3.18601,-3.09718
2253,3.18601,-3.09718
2254,3.22833,-3.05485
2255,3.22833,-3.05485
2256,3.22833,-3.05485
2257,3.22833,-3.05485
2258,3.22833,-3.05485
2259,3.22833,-3.05485
2260,3.22833,-3.05485
2261,3.22833,-3.05485
2262,3.22833,-3.05485
2263,3.22833,-3.05485
2264,3.22833,-3.05485
2265,3.22833,-3.05485
2266,3.22833,-3.05485
2267,5.96143,-0.321751
2268,5.96143,-0.321751
2269,5.96143,-0.321751
2270,5.96143,-0.321751
2271,3.17384,-3.10935
2272,3.17384,-3.10935
2273,3.17384,-3.10935
2274,3.17384,-3.10935
2275,3.17384,-3.10935
2276,3.17384,-3.10935
2277,3.17384,-3.10935
2278,3.17384,-3.10935
2279,3.17384,-3.10935
2280,3.17384,-3.10935
2281,3.17384,-3.10935
2282,3.17384,-3.10935
2283,3.17384,-3.10935
2284,3.17384,-3.10935
2285,3.17384,-3.10935
2286,3.17384,-3.10935
2287,3.10935,3.10935
2288,3.10935,3.10935
2289,3.10935,3.10935
2290,3.10935,3.10935
2291,3.10935,3.10935
2292,3.10935,3.10935
2293,3.10935,3.10935
2294,3.10935,3.10935
2295,3.10935,3.10935
2296,3.10935,3.10935
2297,3.10935,3.10935
2298,3.10935,3.10935
2299,3.10935,3.10935
2300,3.10935,3.10935
2301,3.10935,3.10935
2302,3.07717,3.07717
2303,3.07717,3.07717
2304,3.07717,3.07717
2305,3.07717,3.07717
2306,3.07717,3.07717
2307,3.07717,3.07717
2308,3.07717,3.07717
2309,3.07717,3.07717
2310,3.07717,3.07717
2311,3.07717,3.07717
2312,3.07717,3.07717
2313,3.07717,3.07717
2314,3.07717,3.07717
2315,3.07717,3.07717
2316,3.07717,3.07717
2317,3.07717,3.07717
2318,3.07717,3.07717
2319,3.07717,3.07717
2320,3.07717,3.07717
2321,3.07717,3.07717
2322,3.33899,-2.9442
2323,3.33899,-2.9442
2324,3.88354,-2.39965
2325,3.88354,-2.39965
2326,3.88354,-2.39965
2327,3.88354,-2.39965
2328,3.88354,-2.39965
2329,3.88354,-2.39965
2330,3.88354,-2.39965
2331,3.88354,-2.39965
2332,3.88354,-2.39965
2333,3.88354,-2.39965
2334,3.97044,-2.31274
2335,3.97044,-2.31274
2336,3.97044,-2.31274
2337,3.97044,-2.31274
2338,3.97044,-2.31274
2339,3.97044,-2.31274
2340,3.97044,-2.31274
2341,3.97044,-2.31274
2342,3.97044,-2.31274
2343,3.97044,-2.31274
2344,4.68462,-1.59857
2345,4.68462,-1.59857
2346,4.68462,-1.59857
2347,4.68462,-1.59857
2348,4.68462,-1.59857
2349,4.68462,-1.59857
2350,4.68462,-1.59857
2351,4.68462,-1.59857
2352,4.68462,-1.59857
2353,4.68462,-1.59857
2354,4.68462,-1.59857
2355,4.68462,-1.59857
2356,4.68462,-1.59857
2357,4.68462,-1.59857
2358,4.68462,-1.59857
2359,4.68462,-1.59857
2360,4.68462,-1.59857
2361,4.68462,-1.59857
2362,4.68462,-1.59857
2363,4.68462,-1.59857
2364,4.68462,-1.59857
2365,4.68462,-1.59857
2366,4.68462,-1.59857
2367,4.68462,-1.59857
2368,4.68462,-1.59857
2369,4.68462,-1.59857
2370,4.68462,-1.59857
2371,4.68462,-1.59857
2372,4.68462,-1.59857
2373,4.68462,-1.59857
2374,4.68462,-1.59857
2375,4.68462,-1.59857
2376,4.68462,-1.59857
2377,4.68462,-1.59857
2378,4.68462,-1.59857
2379,4.68462,-1.59857
