#Grabcut execution time: 0s 339ms 339009us 
0.0000              105.5071            
1.0000              106.2313            
2.0000              105.8899            
3.0000              106.4034            
4.0000              106.8330            
5.0000              107.0774            
6.0000              107.3033            
7.0000              107.8193            
8.0000              108.0487            
9.0000              108.1980            
10.0000             108.3667            
11.0000             108.5550            
12.0000             108.7566            
13.0000             108.9629            
14.0000             109.1134            
15.0000             109.3512            
16.0000             109.5540            
17.0000             109.7095            
18.0000             109.9313            
19.0000             110.1232            
20.0000             110.3487            
21.0000             110.5827            
22.0000             110.8156            
23.0000             110.9509            
24.0000             111.1711            
25.0000             111.3545            
26.0000             111.5231            
27.0000             111.7059            
28.0000             111.8824            
29.0000             112.0700            
30.0000             112.2698            
31.0000             112.2698            
#Execution time: 47s 47475ms 47475017us 
