#Grabcut execution time: 0s 349ms 349145us 
0.0000              14.2076             
1.0000              14.9318             
2.0000              14.6432             
3.0000              14.7415             
4.0000              14.9479             
5.0000              15.0209             
6.0000              15.0635             
7.0000              15.2580             
8.0000              15.3039             
9.0000              15.2642             
10.0000             15.2026             
11.0000             15.1712             
12.0000             15.1479             
13.0000             15.1270             
14.0000             15.0531             
15.0000             15.0499             
16.0000             15.0387             
17.0000             14.9901             
18.0000             15.0005             
19.0000             15.0028             
20.0000             15.0394             
21.0000             15.0878             
22.0000             15.1376             
23.0000             15.0917             
24.0000             15.1186             
25.0000             15.1302             
26.0000             15.1210             
27.0000             15.1275             
28.0000             15.1346             
29.0000             15.1483             
30.0000             15.1683             
31.0000             15.1683             
#Execution time: 158s 158963ms 158963056us 
