#Grabcut execution time: 0s 337ms 337957us 
0.0000              237.5360            
1.0000              83.5672             
2.0000              78.6378             
3.0000              77.3763             
4.0000              76.9685             
5.0000              76.7568             
6.0000              76.8336             
7.0000              77.1499             
8.0000              77.1419             
9.0000              77.0474             
10.0000             77.3196             
11.0000             77.3256             
12.0000             77.4303             
13.0000             77.3157             
14.0000             77.3580             
15.0000             77.2506             
16.0000             77.4021             
17.0000             77.5517             
18.0000             77.8256             
19.0000             77.5832             
20.0000             77.5607             
21.0000             77.9960             
22.0000             77.9886             
23.0000             77.9052             
24.0000             78.1293             
25.0000             77.9700             
26.0000             78.4040             
27.0000             78.3188             
28.0000             78.2309             
29.0000             78.1107             
30.0000             78.1756             
31.0000             78.1756             
#Execution time: 31s 31040ms 31040674us 
