#Grabcut execution time: 0s 345ms 345709us 
0.0000              114.9708            
1.0000              72.2273             
2.0000              68.0196             
3.0000              67.5160             
4.0000              68.4751             
5.0000              67.6142             
6.0000              67.9256             
7.0000              67.9291             
8.0000              68.4826             
9.0000              68.2891             
10.0000             68.1051             
11.0000             68.5358             
12.0000             68.1447             
13.0000             68.4643             
14.0000             68.7250             
15.0000             68.4242             
16.0000             68.6667             
17.0000             68.5410             
18.0000             68.7109             
19.0000             68.5612             
20.0000             68.8555             
21.0000             68.5051             
22.0000             68.9390             
23.0000             68.6028             
24.0000             69.0897             
25.0000             68.6128             
26.0000             69.1026             
27.0000             68.6602             
28.0000             69.1258             
29.0000             68.6577             
30.0000             69.1259             
31.0000             69.1259             
#Execution time: 65s 65347ms 65347306us 
