#Grabcut execution time: 0s 347ms 347152us 
0.0000              34.7744             
1.0000              27.1141             
2.0000              26.3289             
3.0000              26.0323             
4.0000              26.4069             
5.0000              26.5388             
6.0000              26.6399             
7.0000              26.6793             
8.0000              26.7359             
9.0000              26.3757             
10.0000             26.7275             
11.0000             26.8230             
12.0000             26.7295             
13.0000             26.7331             
14.0000             26.8183             
15.0000             26.8366             
16.0000             26.6648             
17.0000             26.7616             
18.0000             26.7764             
19.0000             26.6655             
20.0000             26.7555             
21.0000             26.7882             
22.0000             26.7483             
23.0000             26.8062             
24.0000             26.8450             
25.0000             26.6664             
26.0000             26.7625             
27.0000             26.7762             
28.0000             26.6655             
29.0000             26.7555             
30.0000             26.7882             
31.0000             26.7882             
#Execution time: 72s 72098ms 72098979us 
