#Grabcut execution time: 0s 360ms 360890us 
0.0000              101.9860            
1.0000              75.7464             
2.0000              73.8265             
3.0000              73.6383             
4.0000              73.7632             
5.0000              73.4928             
6.0000              73.7927             
7.0000              74.0428             
8.0000              74.4333             
9.0000              74.1365             
10.0000             74.4817             
11.0000             73.6915             
12.0000             73.4973             
13.0000             74.1333             
14.0000             73.9433             
15.0000             74.2066             
16.0000             74.8080             
17.0000             74.1988             
18.0000             74.4598             
19.0000             74.1578             
20.0000             73.7423             
21.0000             74.0229             
22.0000             74.0875             
23.0000             74.8802             
24.0000             74.0669             
25.0000             73.6943             
26.0000             74.2570             
27.0000             74.4343             
28.0000             74.4862             
29.0000             74.9679             
30.0000             75.0544             
31.0000             75.0544             
#Execution time: 57s 57010ms 57010243us 
