#Grabcut execution time: 0s 387ms 387670us 
0.0000              239.9633            
1.0000              83.3648             
2.0000              80.2964             
3.0000              79.4485             
4.0000              78.7351             
5.0000              78.2128             
6.0000              78.2335             
7.0000              78.7143             
8.0000              78.4379             
9.0000              78.7083             
10.0000             79.0113             
11.0000             78.9529             
12.0000             79.0207             
13.0000             79.2457             
14.0000             79.2580             
15.0000             79.1800             
16.0000             79.2921             
17.0000             79.4508             
18.0000             79.6086             
19.0000             79.5227             
20.0000             79.8283             
21.0000             79.6862             
22.0000             79.9270             
23.0000             79.8107             
24.0000             80.1445             
25.0000             79.9776             
26.0000             80.2049             
27.0000             80.1875             
28.0000             79.8657             
29.0000             80.1605             
30.0000             80.1706             
31.0000             80.1706             
#Execution time: 55s 55627ms 55627258us 
