#Grabcut execution time: 0s 369ms 369832us 
0.0000              80.4391             
1.0000              30.4771             
2.0000              28.4548             
3.0000              28.5057             
4.0000              28.7679             
5.0000              28.7758             
6.0000              29.1559             
7.0000              29.3825             
8.0000              29.6307             
9.0000              29.7371             
10.0000             29.6572             
11.0000             29.0764             
12.0000             28.1074             
13.0000             27.9415             
14.0000             27.8938             
15.0000             27.9182             
16.0000             27.8857             
17.0000             27.8474             
18.0000             27.9042             
19.0000             27.7908             
20.0000             27.9166             
21.0000             27.7959             
22.0000             27.7809             
23.0000             27.8234             
24.0000             27.7190             
25.0000             27.8820             
26.0000             27.6854             
27.0000             27.7327             
28.0000             27.5684             
29.0000             27.6638             
30.0000             27.5251             
31.0000             27.5251             
#Execution time: 61s 61726ms 61726664us 
