#Grabcut execution time: 0s 342ms 342279us 
0.0000              616.9967            
1.0000              158.7894            
2.0000              142.4765            
3.0000              136.8985            
4.0000              134.6987            
5.0000              134.2395            
6.0000              133.3983            
7.0000              132.0392            
8.0000              132.0302            
9.0000              130.5015            
10.0000             130.2938            
11.0000             130.5246            
12.0000             130.6830            
13.0000             129.4752            
14.0000             129.2231            
15.0000             129.5080            
16.0000             129.3959            
17.0000             128.8838            
18.0000             128.6929            
19.0000             128.8450            
20.0000             128.8670            
21.0000             127.8507            
22.0000             128.4377            
23.0000             128.2531            
24.0000             127.9492            
25.0000             128.0456            
26.0000             127.9483            
27.0000             127.8814            
28.0000             128.0738            
29.0000             127.9991            
30.0000             127.9625            
31.0000             127.9625            
#Execution time: 22s 22145ms 22145304us 
