#Grabcut execution time: 0s 362ms 362826us 
0.0000              69.0363             
1.0000              62.1595             
2.0000              61.7373             
3.0000              62.3056             
4.0000              62.7305             
5.0000              62.4786             
6.0000              62.8358             
7.0000              63.1032             
8.0000              63.1249             
9.0000              63.2085             
10.0000             63.2726             
11.0000             63.2926             
12.0000             63.3931             
13.0000             63.5154             
14.0000             63.5096             
15.0000             63.4978             
16.0000             63.5888             
17.0000             63.4924             
18.0000             63.4904             
19.0000             63.3635             
20.0000             63.5001             
21.0000             63.3633             
22.0000             63.5001             
23.0000             63.3633             
24.0000             63.5001             
25.0000             63.3633             
26.0000             63.5001             
27.0000             63.3633             
28.0000             63.5001             
29.0000             63.3633             
30.0000             63.5001             
31.0000             63.5001             
#Execution time: 152s 152739ms 152739985us 
