#Grabcut execution time: 0s 370ms 370680us 
0.0000              11.7802             
1.0000              11.8527             
2.0000              11.8178             
3.0000              11.8748             
4.0000              11.9207             
5.0000              11.9475             
6.0000              11.9725             
7.0000              12.0285             
8.0000              12.0539             
9.0000              12.0713             
10.0000             12.0913             
11.0000             12.1131             
12.0000             12.1363             
13.0000             12.1600             
14.0000             12.1781             
15.0000             12.2051             
16.0000             12.2282             
17.0000             12.2465             
18.0000             12.2716             
19.0000             12.2933             
20.0000             12.3184             
21.0000             12.3443             
22.0000             12.3701             
23.0000             12.3860             
24.0000             12.4107             
25.0000             12.4313             
26.0000             12.4506             
27.0000             12.4712             
28.0000             12.4911             
29.0000             12.5122             
30.0000             12.5346             
31.0000             12.5346             
#Execution time: 156s 156994ms 156994692us 
