#Grabcut execution time: 0s 335ms 335029us 
0.0000              46.2580             
1.0000              30.1465             
2.0000              27.7736             
3.0000              27.5814             
4.0000              27.5859             
5.0000              27.7413             
6.0000              27.8371             
7.0000              27.9123             
8.0000              27.9484             
9.0000              28.0020             
10.0000             28.0367             
11.0000             28.1077             
12.0000             28.1189             
13.0000             28.1297             
14.0000             28.1595             
15.0000             28.1676             
16.0000             28.2040             
17.0000             28.2342             
18.0000             28.2518             
19.0000             28.2417             
20.0000             28.2494             
21.0000             28.2403             
22.0000             28.2494             
23.0000             28.2403             
24.0000             28.2494             
25.0000             28.2403             
26.0000             28.2494             
27.0000             28.2403             
28.0000             28.2494             
29.0000             28.2403             
30.0000             28.2494             
31.0000             28.2494             
#Execution time: 38s 38128ms 38128083us 
