#Grabcut execution time: 0s 397ms 397661us 
0.0000              71.6256             
1.0000              19.6309             
2.0000              17.8545             
3.0000              17.3203             
4.0000              17.2872             
5.0000              17.3746             
6.0000              17.3154             
7.0000              17.3090             
8.0000              17.3925             
9.0000              17.4642             
10.0000             17.4761             
11.0000             17.4787             
12.0000             17.5140             
13.0000             17.3506             
14.0000             17.3666             
15.0000             17.2669             
16.0000             17.3058             
17.0000             17.2658             
18.0000             17.3234             
19.0000             17.1892             
20.0000             17.2560             
21.0000             17.3238             
22.0000             17.2907             
23.0000             17.3004             
24.0000             17.3253             
25.0000             17.2713             
26.0000             17.2468             
27.0000             17.2488             
28.0000             17.2641             
29.0000             17.3065             
30.0000             17.2794             
31.0000             17.2794             
#Execution time: 67s 67531ms 67531429us 
