#Grabcut execution time: 0s 401ms 401811us 
0.0000              71.7334             
1.0000              65.4914             
2.0000              65.3676             
3.0000              65.8381             
4.0000              66.5456             
5.0000              66.5243             
6.0000              66.9250             
7.0000              67.0730             
8.0000              67.8676             
9.0000              67.4276             
10.0000             67.8678             
11.0000             67.3882             
12.0000             67.8709             
13.0000             67.4020             
14.0000             67.8569             
15.0000             67.4400             
16.0000             67.8542             
17.0000             67.4569             
18.0000             67.8380             
19.0000             67.4574             
20.0000             67.8380             
21.0000             67.4574             
22.0000             67.8380             
23.0000             67.4574             
24.0000             67.8380             
25.0000             67.4574             
26.0000             67.8380             
27.0000             67.4574             
28.0000             67.8380             
29.0000             67.4574             
30.0000             67.8380             
31.0000             67.8380             
#Execution time: 84s 84022ms 84022355us 
