#Grabcut execution time: 0s 343ms 343684us 
0.0000              719.8870            
1.0000              561.1082            
2.0000              555.7690            
3.0000              557.1817            
4.0000              559.7427            
5.0000              558.7595            
6.0000              559.4176            
7.0000              558.3981            
8.0000              558.2998            
9.0000              558.0220            
10.0000             558.1867            
11.0000             558.6830            
12.0000             558.4927            
13.0000             559.0631            
14.0000             558.8031            
15.0000             559.4718            
16.0000             559.1602            
17.0000             558.7130            
18.0000             558.8425            
19.0000             558.9459            
20.0000             558.7013            
21.0000             558.9735            
22.0000             558.5586            
23.0000             558.6123            
24.0000             558.6348            
25.0000             558.5404            
26.0000             558.5299            
27.0000             558.7100            
28.0000             558.6612            
29.0000             558.5349            
30.0000             558.5876            
31.0000             558.5876            
#Execution time: 12s 12553ms 12553412us 
