#Grabcut execution time: 0s 354ms 354573us 
0.0000              14.1806             
1.0000              3.0959              
2.0000              2.6583              
3.0000              2.5164              
4.0000              2.4165              
5.0000              2.3236              
6.0000              2.2424              
7.0000              2.1750              
8.0000              2.1119              
9.0000              2.0666              
10.0000             2.0262              
11.0000             1.9918              
12.0000             1.9707              
13.0000             1.9394              
14.0000             1.9152              
15.0000             1.8980              
16.0000             1.8796              
17.0000             1.8611              
18.0000             1.8461              
19.0000             1.8320              
20.0000             1.8203              
21.0000             1.8026              
22.0000             1.7887              
23.0000             1.7734              
24.0000             1.7615              
25.0000             1.7528              
26.0000             1.7390              
27.0000             1.7247              
28.0000             1.7145              
29.0000             1.7070              
30.0000             1.6934              
31.0000             1.6934              
#Execution time: 28s 28665ms 28665910us 
