#Grabcut execution time: 0s 347ms 347046us 
0.0000              36.6114             
1.0000              38.2422             
2.0000              39.3157             
3.0000              40.0880             
4.0000              40.5841             
5.0000              40.9901             
6.0000              41.4128             
7.0000              41.9185             
8.0000              42.2574             
9.0000              42.5469             
10.0000             42.7396             
11.0000             42.8941             
12.0000             42.9989             
13.0000             43.1567             
14.0000             43.2395             
15.0000             43.2871             
16.0000             43.3334             
17.0000             43.3494             
18.0000             43.3492             
19.0000             43.3492             
20.0000             43.3492             
21.0000             43.3492             
22.0000             43.3492             
23.0000             43.3492             
24.0000             43.3492             
25.0000             43.3492             
26.0000             43.3492             
27.0000             43.3492             
28.0000             43.3492             
29.0000             43.3492             
30.0000             43.3492             
31.0000             43.3492             
#Execution time: 47s 47285ms 47285440us 
