#Grabcut execution time: 0s 339ms 339801us 
0.0000              616.7270            
1.0000              154.9876            
2.0000              140.2217            
3.0000              137.5012            
4.0000              134.3195            
5.0000              133.2454            
6.0000              132.6629            
7.0000              132.7249            
8.0000              132.5771            
9.0000              131.4943            
10.0000             130.8809            
11.0000             130.4606            
12.0000             130.3721            
13.0000             130.0744            
14.0000             129.7114            
15.0000             129.4531            
16.0000             129.7681            
17.0000             129.0355            
18.0000             128.9347            
19.0000             129.0344            
20.0000             128.4413            
21.0000             128.2000            
22.0000             128.9059            
23.0000             128.5460            
24.0000             128.5698            
25.0000             128.7043            
26.0000             128.6808            
27.0000             128.4427            
28.0000             128.5611            
29.0000             128.4824            
30.0000             128.4348            
31.0000             128.4348            
#Execution time: 38s 38244ms 38244203us 
