#Grabcut execution time: 0s 338ms 338612us 
0.0000              172.1345            
1.0000              11.8479             
2.0000              8.8706              
3.0000              7.9779              
4.0000              7.2677              
5.0000              6.9374              
6.0000              6.7924              
7.0000              6.4543              
8.0000              6.3537              
9.0000              6.3728              
10.0000             6.1357              
11.0000             5.8870              
12.0000             5.8733              
13.0000             5.6900              
14.0000             5.7056              
15.0000             5.5727              
16.0000             5.4550              
17.0000             5.4023              
18.0000             5.3663              
19.0000             5.1706              
20.0000             5.2088              
21.0000             5.1060              
22.0000             5.0557              
23.0000             5.0638              
24.0000             4.9722              
25.0000             4.9077              
26.0000             4.8355              
27.0000             4.8467              
28.0000             4.8246              
29.0000             4.7318              
30.0000             4.7577              
31.0000             4.7577              
#Execution time: 29s 29719ms 29719110us 
