#Grabcut execution time: 0s 339ms 339464us 
0.0000              205.8364            
1.0000              21.1821             
2.0000              14.9207             
3.0000              12.4678             
4.0000              11.1768             
5.0000              10.7720             
6.0000              10.5436             
7.0000              10.1156             
8.0000              9.5140              
9.0000              9.4264              
10.0000             9.4668              
11.0000             9.4400              
12.0000             9.3522              
13.0000             9.1380              
14.0000             9.1690              
15.0000             9.0275              
16.0000             8.8689              
17.0000             8.9177              
18.0000             8.9053              
19.0000             8.7974              
20.0000             8.7533              
21.0000             8.7313              
22.0000             8.5117              
23.0000             8.6740              
24.0000             8.4040              
25.0000             8.6660              
26.0000             8.5628              
27.0000             8.3560              
28.0000             8.4556              
29.0000             8.5143              
30.0000             8.5375              
31.0000             8.5375              
#Execution time: 19s 19863ms 19863456us 
