#Grabcut execution time: 0s 339ms 339045us 
0.0000              34.4778             
1.0000              14.9206             
2.0000              13.9323             
3.0000              13.8627             
4.0000              13.9632             
5.0000              14.0030             
6.0000              14.1311             
7.0000              14.2076             
8.0000              14.2764             
9.0000              14.3613             
10.0000             14.4400             
11.0000             14.4786             
12.0000             14.4881             
13.0000             14.5030             
14.0000             14.5572             
15.0000             14.5581             
16.0000             14.5725             
17.0000             14.5201             
18.0000             14.5409             
19.0000             14.5566             
20.0000             14.4937             
21.0000             14.5110             
22.0000             14.5243             
23.0000             14.5340             
24.0000             14.5375             
25.0000             14.5378             
26.0000             14.5377             
27.0000             14.5377             
28.0000             14.5377             
29.0000             14.5377             
30.0000             14.5377             
31.0000             14.5377             
#Execution time: 63s 63105ms 63105641us 
