#Grabcut execution time: 0s 343ms 343620us 
0.0000              1027.9674           
1.0000              594.7027            
2.0000              577.6341            
3.0000              572.9536            
4.0000              566.0980            
5.0000              562.4200            
6.0000              563.0351            
7.0000              560.8622            
8.0000              560.7956            
9.0000              560.8127            
10.0000             560.5811            
11.0000             559.3234            
12.0000             559.2544            
13.0000             558.8461            
14.0000             558.9045            
15.0000             558.6516            
16.0000             558.7048            
17.0000             557.8432            
18.0000             557.6979            
19.0000             557.7010            
20.0000             558.0924            
21.0000             557.7621            
22.0000             558.6984            
23.0000             558.2308            
24.0000             557.7003            
25.0000             557.6796            
26.0000             557.4408            
27.0000             557.4938            
28.0000             557.1840            
29.0000             557.2938            
30.0000             557.3184            
31.0000             557.3184            
#Execution time: 11s 11544ms 11544568us 
