#Grabcut execution time: 0s 373ms 373963us 
0.0000              25.6912             
1.0000              16.3617             
2.0000              15.3781             
3.0000              15.5413             
4.0000              15.6252             
5.0000              15.6704             
6.0000              15.6342             
7.0000              15.6929             
8.0000              15.6834             
9.0000              15.8211             
10.0000             15.5990             
11.0000             15.6920             
12.0000             15.4372             
13.0000             15.6666             
14.0000             15.7118             
15.0000             15.6301             
16.0000             15.6629             
17.0000             15.8011             
18.0000             15.5738             
19.0000             15.8594             
20.0000             15.6702             
21.0000             15.7548             
22.0000             15.7554             
23.0000             15.6350             
24.0000             15.6898             
25.0000             15.7524             
26.0000             15.8524             
27.0000             15.6327             
28.0000             15.5096             
29.0000             15.7078             
30.0000             15.7678             
31.0000             15.7678             
#Execution time: 113s 113909ms 113909188us 
