#Grabcut execution time: 0s 361ms 361092us 
0.0000              34.7744             
1.0000              26.9209             
2.0000              26.3090             
3.0000              25.8494             
4.0000              26.0716             
5.0000              26.2596             
6.0000              26.2376             
7.0000              26.4547             
8.0000              26.3451             
9.0000              26.0513             
10.0000             26.4159             
11.0000             26.0165             
12.0000             26.3309             
13.0000             26.2705             
14.0000             26.0071             
15.0000             26.3182             
16.0000             26.0979             
17.0000             26.2846             
18.0000             26.2646             
19.0000             26.4946             
20.0000             26.4669             
21.0000             26.1602             
22.0000             26.1917             
23.0000             26.2766             
24.0000             26.0291             
25.0000             26.3195             
26.0000             26.2454             
27.0000             26.2675             
28.0000             26.4940             
29.0000             26.3318             
30.0000             26.4620             
31.0000             26.4620             
#Execution time: 119s 119682ms 119682699us 
