#Grabcut execution time: 0s 338ms 338749us 
0.0000              514.3203            
1.0000              514.3927            
2.0000              514.0666            
3.0000              516.4094            
4.0000              517.6835            
5.0000              518.6537            
6.0000              519.6883            
7.0000              521.5132            
8.0000              522.5489            
9.0000              523.6067            
10.0000             524.8941            
11.0000             526.1253            
12.0000             527.3864            
13.0000             528.6612            
14.0000             529.9140            
15.0000             531.2675            
16.0000             532.4685            
17.0000             533.6104            
18.0000             534.7986            
19.0000             535.8644            
20.0000             536.9292            
21.0000             537.9767            
22.0000             539.0102            
23.0000             540.0238            
24.0000             541.1127            
25.0000             542.0785            
26.0000             543.0763            
27.0000             544.0676            
28.0000             545.0202            
29.0000             545.9979            
30.0000             547.0100            
31.0000             547.0100            
#Execution time: 47s 47440ms 47440318us 
