#Grabcut execution time: 0s 346ms 346669us 
0.0000              135.6038            
1.0000              78.8361             
2.0000              75.8117             
3.0000              75.1010             
4.0000              75.0302             
5.0000              74.2559             
6.0000              74.6200             
7.0000              74.5197             
8.0000              74.5824             
9.0000              74.5013             
10.0000             74.6785             
11.0000             74.3616             
12.0000             74.5367             
13.0000             74.5140             
14.0000             74.1056             
15.0000             74.3435             
16.0000             74.4513             
17.0000             74.3675             
18.0000             74.4395             
19.0000             74.4756             
20.0000             74.5867             
21.0000             74.5844             
22.0000             74.5977             
23.0000             74.6095             
24.0000             74.6467             
25.0000             74.6339             
26.0000             74.6221             
27.0000             74.6210             
28.0000             74.6575             
29.0000             74.6573             
30.0000             74.6573             
31.0000             74.6573             
#Execution time: 33s 33437ms 33437111us 
