#Grabcut execution time: 0s 339ms 339578us 
0.0000              103.0531            
1.0000              10.7019             
2.0000              7.5691              
3.0000              6.3417              
4.0000              5.6955              
5.0000              5.4926              
6.0000              5.3780              
7.0000              5.1624              
8.0000              4.8599              
9.0000              4.8153              
10.0000             4.8348              
11.0000             4.8199              
12.0000             4.7755              
13.0000             4.6476              
14.0000             4.6139              
15.0000             4.5777              
16.0000             4.5294              
17.0000             4.5505              
18.0000             4.6180              
19.0000             4.4567              
20.0000             4.4897              
21.0000             4.5597              
22.0000             4.4439              
23.0000             4.4285              
24.0000             4.4624              
25.0000             4.4564              
26.0000             4.3729              
27.0000             4.3885              
28.0000             4.4398              
29.0000             4.3797              
30.0000             4.3130              
31.0000             4.3130              
#Execution time: 19s 19445ms 19445420us 
