n,tangent,t2
0,5.62214,-0.661043
1,5.62214,-0.661043
2,5.62214,-0.661043
3,5.62214,-0.661043
4,5.62214,-0.661043
5,5.62214,-0.661043
6,5.62214,-0.661043
7,5.62214,-0.661043
8,5.62214,-0.661043
9,5.62214,-0.661043
10,5.62214,-0.661043
11,5.62214,-0.661043
12,5.62214,-0.661043
13,5.62214,-0.661043
14,5.62214,-0.661043
15,5.62214,-0.661043
16,5.38713,-0.896055
17,5.38713,-0.896055
18,5.38713,-0.896055
19,5.38713,-0.896055
20,5.38713,-0.896055
21,5.76404,-0.519146
22,5.76404,-0.519146
23,5.76404,-0.519146
24,5.76404,-0.519146
25,5.76404,-0.519146
26,5.76404,-0.519146
27,5.76404,-0.519146
28,5.76404,-0.519146
29,5.76404,-0.519146
30,5.76404,-0.519146
31,5.76404,-0.519146
32,5.76404,-0.519146
33,5.76404,-0.519146
34,5.76404,-0.519146
35,5.87829,-0.404892
36,5.87829,-0.404892
37,5.87829,-0.404892
38,5.92441,-0.358771
39,5.92441,-0.358771
40,6.00489,-0.2783
41,6.00489,-0.2783
42,6.00489,-0.2783
43,6.00489,-0.2783
44,6.00489,-0.2783
45,6.00489,-0.2783
46,6.00489,-0.2783
47,6.00489,-0.2783
48,6.00489,-0.2783
49,6.00489,-0.2783
50,5.69518,-0.588003
51,5.69518,-0.588003
52,5.69518,-0.588003
53,5.96143,-0.321751
54,5.96143,-0.321751
55,5.96143,-0.321751
56,5.69518,-0.588003
57,5.69518,-0.588003
58,5.69518,-0.588003
59,6.05639,-0.226799
60,6.05639,-0.226799
61,6.05639,-0.226799
62,6.05639,-0.226799
63,6.05639,-0.226799
64,6.05639,-0.226799
65,6.05639,-0.226799
66,6.05639,-0.226799
67,6.05639,-0.226799
68,6.05639,-0.226799
69,6.11804,-0.165149
70,6.11804,-0.165149
71,6.11804,-0.165149
72,6.11804,-0.165149
73,6.11804,-0.165149
74,6.11804,-0.165149
75,6.11804,-0.165149
76,6.11804,-0.165149
77,0.463648,0.463648
78,0.463648,0.463648
79,6.08579,-0.197396
80,6.08579,-0.197396
81,6.08579,-0.197396
82,6.08579,-0.197396
83,6.08579,-0.197396
84,6.08579,-0.197396
85,6.08579,-0.197396
86,5.87829,-0.404892
87,5.87829,-0.404892
88,5.87829,-0.404892
89,5.76404,-0.519146
90,5.76404,-0.519146
91,5.76404,-0.519146
92,5.76404,-0.519146
93,5.76404,-0.519146
94,5.76404,-0.519146
95,5.76404,-0.519146
96,5.76404,-0.519146
97,5.76404,-0.519146
98,5.87829,-0.404892
99,5.87829,-0.404892
100,5.87829,-0.404892
101,6.00489,-0.2783
102,6.00489,-0.2783
103,6.00489,-0.2783
104,6.00489,-0.2783
105,6.00489,-0.2783
106,6.00489,-0.2783
107,6.00489,-0.2783
108,6.00489,-0.2783
109,5.72459,-0.558599
110,5.72459,-0.558599
111,5.72459,-0.558599
112,5.72459,-0.558599
113,5.72459,-0.558599
114,5.72459,-0.558599
115,5.72459,-0.558599
116,5.72459,-0.558599
117,5.72459,-0.558599
118,5.72459,-0.558599
119,5.72459,-0.558599
120,5.72459,-0.558599
121,5.72459,-0.558599
122,5.59746,-0.68573
123,5.59746,-0.68573
124,5.59746,-0.68573
125,5.59746,-0.68573
126,5.59746,-0.68573
127,5.59746,-0.68573
128,5.59746,-0.68573
129,5.59746,-0.68573
130,5.59746,-0.68573
131,5.57456,-0.708626
132,5.57456,-0.708626
133,5.57456,-0.708626
134,5.57456,-0.708626
135,5.57456,-0.708626
136,5.42102,-0.86217
137,5.42102,-0.86217
138,5.42102,-0.86217
139,5.42102,-0.86217
140,5.42102,-0.86217
141,5.42102,-0.86217
142,5.42102,-0.86217
143,5.42102,-0.86217
144,5.42102,-0.86217
145,5.42102,-0.86217
146,5.42102,-0.86217
147,5.42102,-0.86217
148,5.42102,-0.86217
149,5.42102,-0.86217
150,5.42102,-0.86217
151,5.42102,-0.86217
152,5.42102,-0.86217
153,5.42102,-0.86217
154,5.23154,-1.05165
155,5.23154,-1.05165
156,5.23154,-1.05165
157,5.11728,-1.1659
158,5.11728,-1.1659
159,5.11728,-1.1659
160,4.86504,-1.41815
161,4.86504,-1.41815
162,4.86504,-1.41815
163,4.86504,-1.41815
164,4.86504,-1.41815
165,4.86504,-1.41815
166,4.86504,-1.41815
167,4.86504,-1.41815
168,4.86504,-1.41815
169,4.86504,-1.41815
170,4.86504,-1.41815
171,4.86504,-1.41815
172,4.86504,-1.41815
173,4.86504,-1.41815
174,4.93106,-1.35213
175,4.93106,-1.35213
176,4.93106,-1.35213
177,4.93106,-1.35213
178,4.93106,-1.35213
179,4.93106,-1.35213
180,4.78916,-1.49402
181,4.78916,-1.49402
182,4.78916,-1.49402
183,4.78916,-1.49402
184,4.78916,-1.49402
185,4.78916,-1.49402
186,4.78916,-1.49402
187,4.78916,-1.49402
188,4.78916,-1.49402
189,4.78916,-1.49402
190,4.78916,-1.49402
191,4.78916,-1.49402
192,4.78916,-1.49402
193,4.8295,-1.45369
194,4.8295,-1.45369
195,4.8295,-1.45369
196,4.8295,-1.45369
197,4.8295,-1.45369
198,4.8295,-1.45369
199,4.8295,-1.45369
200,4.8295,-1.45369
201,4.8295,-1.45369
202,4.93106,-1.35213
203,4.93106,-1.35213
204,4.93106,-1.35213
205,4.97864,-1.30454
206,4.97864,-1.30454
207,5.00385,-1.27934
208,5.00385,-1.27934
209,5.00385,-1.27934
210,5.00385,-1.27934
211,5.00385,-1.27934
212,5.00385,-1.27934
213,5.00385,-1.27934
214,5.00385,-1.27934
215,6.11804,-0.165149
216,6.11804,-0.165149
217,6.11804,-0.165149
218,6.11804,-0.165149
219,6.11804,-0.165149
220,6.11804,-0.165149
221,6.11804,-0.165149
222,6.11804,-0.165149
223,0.463648,0.463648
224,1.10715,1.10715
225,1.10715,1.10715
226,1.10715,1.10715
227,5.49779,-0.785398
228,5.49779,-0.785398
229,0.927295,0.927295
230,0.927295,0.927295
231,0.927295,0.927295
232,0.927295,0.927295
233,1.03038,1.03038
234,1.03038,1.03038
235,1.21203,1.21203
236,1.21203,1.21203
237,1.21203,1.21203
238,1.2925,1.2925
239,1.2925,1.2925
240,1.3734,1.3734
241,1.3734,1.3734
242,1.3734,1.3734
243,1.3734,1.3734
244,1.3734,1.3734
245,1.3734,1.3734
246,1.3734,1.3734
247,1.73595,1.73595
248,1.73595,1.73595
249,1.73595,1.73595
250,1.73595,1.73595
251,1.73595,1.73595
252,1.73595,1.73595
253,1.73595,1.73595
254,1.86225,1.86225
255,1.86225,1.86225
256,1.86225,1.86225
257,1.86225,1.86225
258,1.86225,1.86225
259,1.86225,1.86225
260,1.86225,1.86225
261,1.86225,1.86225
262,1.86225,1.86225
263,1.76819,1.76819
264,1.76819,1.76819
265,1.76819,1.76819
266,1.3734,1.3734
267,1.3734,1.3734
268,1.1659,1.1659
269,1.1659,1.1659
270,1.1659,1.1659
271,1.05165,1.05165
272,1.05165,1.05165
273,1.05165,1.05165
274,0.927295,0.927295
275,0.927295,0.927295
276,0.927295,0.927295
277,0.927295,0.927295
278,0.927295,0.927295
279,5.87829,-0.404892
280,5.87829,-0.404892
281,5.87829,-0.404892
282,5.87829,-0.404892
283,5.87829,-0.404892
284,5.87829,-0.404892
285,5.87829,-0.404892
286,5.76404,-0.519146
287,5.76404,-0.519146
288,5.76404,-0.519146
289,5.58845,-0.694738
290,5.58845,-0.694738
291,5.58845,-0.694738
292,5.58845,-0.694738
293,5.40713,-0.876058
294,5.40713,-0.876058
295,5.40713,-0.876058
296,5.40713,-0.876058
297,5.33264,-0.950547
298,5.33264,-0.950547
299,5.33264,-0.950547
300,5.33264,-0.950547
301,5.33264,-0.950547
302,4.97864,-1.30454
303,4.97864,-1.30454
304,4.97864,-1.30454
305,4.97864,-1.30454
306,4.97864,-1.30454
307,4.97864,-1.30454
308,4.97864,-1.30454
309,4.97864,-1.30454
310,4.97864,-1.30454
311,4.97864,-1.30454
312,4.97864,-1.30454
313,4.97864,-1.30454
314,4.93106,-1.35213
315,4.93106,-1.35213
316,4.77114,-1.51204
317,4.77114,-1.51204
318,4.77114,-1.51204
319,4.77114,-1.51204
320,4.77114,-1.51204
321,4.77114,-1.51204
322,4.77114,-1.51204
323,4.77114,-1.51204
324,4.77114,-1.51204
325,4.77114,-1.51204
326,4.77114,-1.51204
327,4.77114,-1.51204
328,4.77114,-1.51204
329,4.77114,-1.51204
330,4.77114,-1.51204
331,4.77114,-1.51204
332,4.77114,-1.51204
333,4.77114,-1.51204
334,4.77114,-1.51204
335,3.92699,-2.35619
336,3.92699,-2.35619
337,5.37343,-0.909753
338,5.37343,-0.909753
339,5.37343,-0.909753
340,5.37343,-0.909753
341,5.37343,-0.909753
342,5.37343,-0.909753
343,5.37343,-0.909753
344,5.37343,-0.909753
345,5.37343,-0.909753
346,5.37343,-0.909753
347,5.37343,-0.909753
348,5.37343,-0.909753
349,5.37343,-0.909753
350,5.60844,-0.674741
351,5.60844,-0.674741
352,5.60844,-0.674741
353,6.00489,-0.2783
354,6.00489,-0.2783
355,6.00489,-0.2783
356,6.00489,-0.2783
357,6.08579,-0.197396
358,6.08579,-0.197396
359,6.08579,-0.197396
360,0.197396,0.197396
361,0.197396,0.197396
362,0.2783,0.2783
363,0.2783,0.2783
364,0.358771,0.358771
365,0.358771,0.358771
366,0.358771,0.358771
367,0.358771,0.358771
368,0.358771,0.358771
369,1.10715,1.10715
370,1.10715,1.10715
371,1.10715,1.10715
372,5.49779,-0.785398
373,5.49779,-0.785398
374,0.927295,0.927295
375,0.927295,0.927295
376,0.927295,0.927295
377,0.927295,0.927295
378,1.44644,1.44644
379,1.44644,1.44644
380,1.44644,1.44644
381,1.44644,1.44644
382,1.69515,1.69515
383,1.69515,1.69515
384,1.69515,1.69515
385,1.69515,1.69515
386,1.75065,1.75065
387,1.75065,1.75065
388,1.75065,1.75065
389,1.75065,1.75065
390,1.75065,1.75065
391,1.75065,1.75065
392,1.96559,1.96559
393,1.96559,1.96559
394,1.96559,1.96559
395,1.96559,1.96559
396,1.96559,1.96559
397,1.96559,1.96559
398,1.96559,1.96559
399,1.96559,1.96559
400,1.96559,1.96559
401,1.96559,1.96559
402,1.96559,1.96559
403,1.96559,1.96559
404,1.96559,1.96559
405,1.96559,1.96559
406,1.78947,1.78947
407,1.78947,1.78947
408,1.78947,1.78947
409,1.78947,1.78947
410,1.78947,1.78947
411,1.69515,1.69515
412,1.69515,1.69515
413,1.69515,1.69515
414,1.69515,1.69515
415,1.44644,1.44644
416,1.44644,1.44644
417,1.44644,1.44644
418,1.44644,1.44644
419,1.1659,1.1659
420,1.1659,1.1659
421,1.1659,1.1659
422,1.05165,1.05165
423,1.05165,1.05165
424,1.05165,1.05165
425,0.86217,0.86217
426,0.86217,0.86217
427,0.86217,0.86217
428,0.86217,0.86217
429,0.86217,0.86217
430,0.86217,0.86217
431,0.86217,0.86217
432,0.86217,0.86217
433,0.86217,0.86217
434,0.86217,0.86217
435,0.86217,0.86217
436,0.950547,0.950547
437,0.950547,0.950547
438,0.950547,0.950547
439,0.950547,0.950547
440,0.950547,0.950547
441,0.950547,0.950547
442,0.950547,0.950547
443,0.896055,0.896055
444,0.896055,0.896055
445,0.896055,0.896055
446,0.896055,0.896055
447,0.896055,0.896055
448,0.896055,0.896055
449,0.896055,0.896055
450,0.942,0.942
451,0.942,0.942
452,0.942,0.942
453,0.942,0.942
454,0.942,0.942
455,0.942,0.942
456,0.942,0.942
457,0.942,0.942
458,0.942,0.942
459,0.942,0.942
460,0.942,0.942
461,0.904827,0.904827
462,0.904827,0.904827
463,0.904827,0.904827
464,0.904827,0.904827
465,0.904827,0.904827
466,0.904827,0.904827
467,0.904827,0.904827
468,0.904827,0.904827
469,0.885067,0.885067
470,0.885067,0.885067
471,0.885067,0.885067
472,0.885067,0.885067
473,0.885067,0.885067
474,0.885067,0.885067
475,0.885067,0.885067
476,0.885067,0.885067
477,0.885067,0.885067
478,0.885067,0.885067
479,0.885067,0.885067
480,0.885067,0.885067
481,0.885067,0.885067
482,1.0122,1.0122
483,1.0122,1.0122
484,1.0122,1.0122
485,1.0122,1.0122
486,1.0122,1.0122
487,1.0122,1.0122
488,1.0122,1.0122
489,1.0122,1.0122
490,1.0122,1.0122
491,1.0122,1.0122
492,1.0122,1.0122
493,1.0122,1.0122
494,1.0122,1.0122
495,1.05165,1.05165
496,1.05165,1.05165
497,1.05165,1.05165
498,1.05165,1.05165
499,1.05165,1.05165
500,1.05165,1.05165
501,1.05165,1.05165
502,1.05165,1.05165
503,1.0122,1.0122
504,1.0122,1.0122
505,1.0122,1.0122
506,1.0122,1.0122
507,1.0122,1.0122
508,1.0122,1.0122
509,1.0122,1.0122
510,1.0122,1.0122
511,1.39094,1.39094
512,1.39094,1.39094
513,1.39094,1.39094
514,1.39094,1.39094
515,1.39094,1.39094
516,1.39094,1.39094
517,1.4289,1.4289
518,1.4289,1.4289
519,1.4289,1.4289
520,1.4289,1.4289
521,1.66146,1.66146
522,1.66146,1.66146
523,1.66146,1.66146
524,1.66146,1.66146
525,1.66146,1.66146
526,1.66146,1.66146
527,1.66146,1.66146
528,1.66146,1.66146
529,1.66146,1.66146
530,1.66146,1.66146
531,1.47584,1.47584
532,1.47584,1.47584
533,1.47584,1.47584
534,1.47584,1.47584
535,1.47584,1.47584
536,1.47584,1.47584
537,1.47584,1.47584
538,1.47584,1.47584
539,1.47584,1.47584
540,1.47584,1.47584
541,1.47584,1.47584
542,1.47584,1.47584
543,1.47584,1.47584
544,1.47584,1.47584
545,1.47584,1.47584
546,1.47584,1.47584
547,1.35213,1.35213
548,1.35213,1.35213
549,1.35213,1.35213
550,1.35213,1.35213
551,1.35213,1.35213
552,1.1659,1.1659
553,1.1659,1.1659
554,1.1659,1.1659
555,1.07145,1.07145
556,1.07145,1.07145
557,1.07145,1.07145
558,1.07145,1.07145
559,1.07145,1.07145
560,1.07145,1.07145
561,1.07145,1.07145
562,1.07145,1.07145
563,1.07145,1.07145
564,1.07145,1.07145
565,1.07145,1.07145
566,1.07145,1.07145
567,1.14417,1.14417
568,1.14417,1.14417
569,1.14417,1.14417
570,1.14417,1.14417
571,1.14417,1.14417
572,1.14417,1.14417
573,1.21203,1.21203
574,1.21203,1.21203
575,1.2925,1.2925
576,1.2925,1.2925
577,1.4289,1.4289
578,1.4289,1.4289
579,1.4289,1.4289
580,1.4289,1.4289
581,1.4289,1.4289
582,1.4289,1.4289
583,1.4289,1.4289
584,1.27934,1.27934
585,1.27934,1.27934
586,1.27934,1.27934
587,1.27934,1.27934
588,1.27934,1.27934
589,1.27934,1.27934
590,1.27934,1.27934
591,1.27934,1.27934
592,1.27934,1.27934
593,1.27934,1.27934
594,1.27934,1.27934
595,1.27934,1.27934
596,1.27934,1.27934
597,1.27934,1.27934
598,1.27934,1.27934
599,2.19105,2.19105
600,2.19105,2.19105
601,2.19105,2.19105
602,2.19105,2.19105
603,2.19105,2.19105
604,2.19105,2.19105
605,2.19105,2.19105
606,2.19105,2.19105
607,2.19105,2.19105
608,2.19105,2.19105
609,2.19105,2.19105
610,1.89255,1.89255
611,1.89255,1.89255
612,1.89255,1.89255
613,2.1588,2.1588
614,2.1588,2.1588
615,2.1588,2.1588
616,3.92699,-2.35619
617,3.92699,-2.35619
618,2.03444,2.03444
619,2.03444,2.03444
620,2.67795,2.67795
621,3.60524,-2.67795
622,3.60524,-2.67795
623,3.60524,-2.67795
624,3.06482,3.06482
625,3.06482,3.06482
626,3.06482,3.06482
627,3.06482,3.06482
628,3.06482,3.06482
629,3.06482,3.06482
630,3.06482,3.06482
631,3.06482,3.06482
632,3.21836,-3.06482
633,3.21836,-3.06482
634,3.21836,-3.06482
635,3.21836,-3.06482
636,3.21836,-3.06482
637,3.21836,-3.06482
638,3.41989,-2.86329
639,3.41989,-2.86329
640,3.50036,-2.78282
641,3.50036,-2.78282
642,3.54648,-2.7367
643,3.54648,-2.7367
644,3.54648,-2.7367
645,3.66074,-2.62245
646,3.66074,-2.62245
647,3.66074,-2.62245
648,3.78509,-2.49809
649,3.78509,-2.49809
650,4.06889,-2.2143
651,4.06889,-2.2143
652,4.06889,-2.2143
653,4.06889,-2.2143
654,4.06889,-2.2143
655,4.06889,-2.2143
656,4.06889,-2.2143
657,4.06889,-2.2143
658,4.06889,-2.2143
659,4.20529,-2.07789
660,4.20529,-2.07789
661,4.20529,-2.07789
662,4.20529,-2.07789
663,4.20529,-2.07789
664,4.29416,-1.98902
665,4.29416,-1.98902
666,4.29416,-1.98902
667,4.29416,-1.98902
668,4.54724,-1.73595
669,4.54724,-1.73595
670,4.54724,-1.73595
671,4.54724,-1.73595
672,4.54724,-1.73595
673,4.54724,-1.73595
674,4.43409,-1.8491
675,4.43409,-1.8491
676,4.35362,-1.92957
677,4.35362,-1.92957
678,4.35362,-1.92957
679,4.35362,-1.92957
680,4.35362,-1.92957
681,3.71293,-2.57026
682,3.71293,-2.57026
683,3.71293,-2.57026
684,3.71293,-2.57026
685,3.71293,-2.57026
686,3.71293,-2.57026
687,3.71293,-2.57026
688,3.71293,-2.57026
689,3.71293,-2.57026
690,3.71293,-2.57026
691,3.71293,-2.57026
692,3.71293,-2.57026
693,3.71293,-2.57026
694,3.71293,-2.57026
695,3.71293,-2.57026
696,3.71293,-2.57026
697,3.71293,-2.57026
698,3.71293,-2.57026
699,3.71293,-2.57026
700,3.71293,-2.57026
701,3.64094,-2.64225
702,3.64094,-2.64225
703,3.64094,-2.64225
704,3.64094,-2.64225
705,3.64094,-2.64225
706,3.64094,-2.64225
707,3.64094,-2.64225
708,3.64094,-2.64225
709,3.64094,-2.64225
710,3.64094,-2.64225
711,3.64094,-2.64225
712,3.64094,-2.64225
713,3.64094,-2.64225
714,3.64094,-2.64225
715,3.70832,-2.57486
716,3.70832,-2.57486
717,3.70832,-2.57486
718,3.70832,-2.57486
719,3.70832,-2.57486
720,3.75232,-2.53087
721,3.75232,-2.53087
722,3.75232,-2.53087
723,3.75232,-2.53087
724,3.75232,-2.53087
725,3.77039,-2.5128
726,3.77039,-2.5128
727,3.77039,-2.5128
728,3.77039,-2.5128
729,3.77039,-2.5128
730,3.77039,-2.5128
731,3.77039,-2.5128
732,3.77039,-2.5128
733,3.77039,-2.5128
734,3.77039,-2.5128
735,3.77039,-2.5128
736,3.77039,-2.5128
737,3.77039,-2.5128
738,3.77039,-2.5128
739,3.77039,-2.5128
740,3.77039,-2.5128
741,3.77039,-2.5128
742,3.77039,-2.5128
743,3.77039,-2.5128
744,3.88354,-2.39965
745,3.88354,-2.39965
746,3.88354,-2.39965
747,3.88354,-2.39965
748,3.88354,-2.39965
749,3.88354,-2.39965
750,3.88354,-2.39965
751,3.88354,-2.39965
752,3.88354,-2.39965
753,3.88354,-2.39965
754,3.88354,-2.39965
755,3.88354,-2.39965
756,3.88354,-2.39965
757,3.88354,-2.39965
758,3.88354,-2.39965
759,3.88354,-2.39965
760,3.88354,-2.39965
761,3.88354,-2.39965
762,3.88354,-2.39965
763,3.88354,-2.39965
764,3.88354,-2.39965
765,3.66074,-2.62245
766,3.66074,-2.62245
767,3.66074,-2.62245
768,3.54648,-2.7367
769,3.54648,-2.7367
770,3.54648,-2.7367
771,3.32694,-2.95624
772,3.32694,-2.95624
773,3.32694,-2.95624
774,3.32694,-2.95624
775,3.32694,-2.95624
776,3.32694,-2.95624
777,3.32694,-2.95624
778,3.32694,-2.95624
779,3.32694,-2.95624
780,3.32694,-2.95624
781,3.32694,-2.95624
782,3.32694,-2.95624
783,3.34909,-2.9341
784,3.34909,-2.9341
785,3.34909,-2.9341
786,3.34909,-2.9341
787,3.34909,-2.9341
788,3.34909,-2.9341
789,3.34909,-2.9341
790,3.34909,-2.9341
791,3.34909,-2.9341
792,3.34909,-2.9341
793,3.34909,-2.9341
794,3.34909,-2.9341
795,3.30674,-2.97644
796,3.30674,-2.97644
797,3.30674,-2.97644
798,3.01724,3.01724
799,3.01724,3.01724
800,3.01724,3.01724
801,3.01724,3.01724
802,3.01724,3.01724
803,3.01724,3.01724
804,3.01724,3.01724
805,3.01724,3.01724
806,3.01724,3.01724
807,3.01724,3.01724
808,3.01724,3.01724
809,3.01724,3.01724
810,2.98894,2.98894
811,2.98894,2.98894
812,2.98894,2.98894
813,2.98894,2.98894
814,2.96692,2.96692
815,2.96692,2.96692
816,2.96692,2.96692
817,2.96692,2.96692
818,2.96692,2.96692
819,2.96692,2.96692
820,2.96692,2.96692
821,2.96692,2.96692
822,2.96692,2.96692
823,2.86329,2.86329
824,2.86329,2.86329
825,2.86329,2.86329
826,2.86329,2.86329
827,2.86329,2.86329
828,3.01724,3.01724
829,3.01724,3.01724
830,3.01724,3.01724
831,3.01724,3.01724
832,3.01724,3.01724
833,3.01724,3.01724
834,3.01724,3.01724
835,3.01724,3.01724
836,2.98894,2.98894
837,2.98894,2.98894
838,2.98894,2.98894
839,2.98894,2.98894
840,2.98894,2.98894
841,2.98894,2.98894
842,2.98894,2.98894
843,2.91479,2.91479
844,2.91479,2.91479
845,2.91479,2.91479
846,2.91479,2.91479
847,2.91479,2.91479
848,2.88099,2.88099
849,2.88099,2.88099
850,2.88099,2.88099
851,2.88099,2.88099
852,2.88099,2.88099
853,2.88099,2.88099
854,2.88099,2.88099
855,2.78282,2.78282
856,2.78282,2.78282
857,2.78282,2.78282
858,2.78282,2.78282
859,2.78282,2.78282
860,2.78282,2.78282
861,2.86329,2.86329
862,2.86329,2.86329
863,2.86329,2.86329
864,2.86329,2.86329
865,2.86329,2.86329
866,2.86329,2.86329
867,2.78282,2.78282
868,2.78282,2.78282
869,2.71497,2.71497
870,2.71497,2.71497
871,2.71497,2.71497
872,2.71497,2.71497
873,2.71497,2.71497
874,2.71497,2.71497
875,2.71497,2.71497
876,2.71497,2.71497
877,2.71497,2.71497
878,2.71497,2.71497
879,2.71497,2.71497
880,2.71497,2.71497
881,2.71497,2.71497
882,2.92292,2.92292
883,2.92292,2.92292
884,2.92292,2.92292
885,2.92292,2.92292
886,2.92292,2.92292
887,3.07029,3.07029
888,3.07029,3.07029
889,3.07029,3.07029
890,3.07029,3.07029
891,3.07029,3.07029
892,3.07029,3.07029
893,3.07029,3.07029
894,3.2129,-3.07029
895,3.2129,-3.07029
896,3.2129,-3.07029
897,3.2129,-3.07029
898,3.2129,-3.07029
899,3.2129,-3.07029
900,3.2129,-3.07029
901,3.41989,-2.86329
902,3.41989,-2.86329
903,3.50036,-2.78282
904,3.50036,-2.78282
905,3.54648,-2.7367
906,3.54648,-2.7367
907,3.54648,-2.7367
908,3.66074,-2.62245
909,3.66074,-2.62245
910,3.66074,-2.62245
911,3.78509,-2.49809
912,3.78509,-2.49809
913,3.78509,-2.49809
914,3.78509,-2.49809
915,3.78509,-2.49809
