#Grabcut execution time: 0s 358ms 358449us 
0.0000              11.5105             
1.0000              11.5105             
2.0000              11.4722             
3.0000              11.4760             
4.0000              11.4740             
5.0000              11.4957             
6.0000              11.5208             
7.0000              11.5343             
8.0000              11.5487             
9.0000              11.5610             
10.0000             11.5734             
11.0000             11.5872             
12.0000             11.5976             
13.0000             11.6082             
14.0000             11.6187             
15.0000             11.6293             
16.0000             11.6389             
17.0000             11.6504             
18.0000             11.6598             
19.0000             11.6687             
20.0000             11.6766             
21.0000             11.6840             
22.0000             11.6912             
23.0000             11.7007             
24.0000             11.7095             
25.0000             11.7168             
26.0000             11.7241             
27.0000             11.7318             
28.0000             11.7381             
29.0000             11.7442             
30.0000             11.7504             
31.0000             11.7504             
#Execution time: 169s 169149ms 169149287us 
