#Grabcut execution time: 0s 351ms 351416us 
0.0000              22.9672             
1.0000              1.7588              
2.0000              1.0981              
3.0000              0.8608              
4.0000              0.7464              
5.0000              0.6523              
6.0000              0.5698              
7.0000              0.5182              
8.0000              0.4716              
9.0000              0.4400              
10.0000             0.4150              
11.0000             0.3944              
12.0000             0.3724              
13.0000             0.3554              
14.0000             0.3397              
15.0000             0.3126              
16.0000             0.2989              
17.0000             0.2907              
18.0000             0.2541              
19.0000             0.2449              
20.0000             0.2435              
21.0000             0.2405              
22.0000             0.2338              
23.0000             0.2369              
24.0000             0.2301              
25.0000             0.2322              
26.0000             0.2334              
27.0000             0.2297              
28.0000             0.2276              
29.0000             0.2254              
30.0000             0.2256              
31.0000             0.2256              
#Execution time: 130s 130994ms 130994317us 
