#Grabcut execution time: 0s 340ms 340699us 
0.0000              67.7750             
1.0000              4.7284              
2.0000              3.0466              
3.0000              2.5337              
4.0000              2.2668              
5.0000              2.1108              
6.0000              1.9566              
7.0000              1.8998              
8.0000              1.8159              
9.0000              1.7962              
10.0000             1.7692              
11.0000             1.7085              
12.0000             1.6880              
13.0000             1.6475              
14.0000             1.5475              
15.0000             1.5486              
16.0000             1.4782              
17.0000             1.4526              
18.0000             1.4336              
19.0000             1.4050              
20.0000             1.3436              
21.0000             1.3549              
22.0000             1.3058              
23.0000             1.2803              
24.0000             1.2106              
25.0000             1.2342              
26.0000             1.2003              
27.0000             1.1647              
28.0000             1.1511              
29.0000             1.1570              
30.0000             1.1336              
31.0000             1.1336              
#Execution time: 14s 14249ms 14249731us 
