n,tangent,t2
0,1.30454,1.30454
1,1.30454,1.30454
2,1.30454,1.30454
3,1.30454,1.30454
4,1.30454,1.30454
5,1.30454,1.30454
6,1.30454,1.30454
7,1.30454,1.30454
8,1.30454,1.30454
9,1.30454,1.30454
10,1.30454,1.30454
11,1.30454,1.30454
12,1.30454,1.30454
13,1.35213,1.35213
14,1.35213,1.35213
15,1.49949,1.49949
16,1.49949,1.49949
17,1.49949,1.49949
18,1.49949,1.49949
19,1.49949,1.49949
20,1.49949,1.49949
21,1.49949,1.49949
22,1.49949,1.49949
23,1.49949,1.49949
24,1.49949,1.49949
25,1.49949,1.49949
26,1.49949,1.49949
27,1.49949,1.49949
28,1.49949,1.49949
29,1.19029,1.19029
30,1.19029,1.19029
31,1.19029,1.19029
32,1.19029,1.19029
33,1.32582,1.32582
34,1.32582,1.32582
35,1.32582,1.32582
36,1.32582,1.32582
37,0.982794,0.982794
38,0.982794,0.982794
39,0.982794,0.982794
40,1.24905,1.24905
41,1.24905,1.24905
42,1.24905,1.24905
43,0.982794,0.982794
44,0.982794,0.982794
45,0.982794,0.982794
46,1.3734,1.3734
47,1.3734,1.3734
48,1.3734,1.3734
49,1.3734,1.3734
50,1.3734,1.3734
51,1.3734,1.3734
52,1.3734,1.3734
53,1.3734,1.3734
54,1.66146,1.66146
55,1.66146,1.66146
56,1.66146,1.66146
57,1.66146,1.66146
58,1.66146,1.66146
59,1.66146,1.66146
60,1.66146,1.66146
61,1.66146,1.66146
62,1.66146,1.66146
63,1.66146,1.66146
64,1.66146,1.66146
65,1.66146,1.66146
66,1.66146,1.66146
67,1.66146,1.66146
68,1.78947,1.78947
69,1.78947,1.78947
70,1.78947,1.78947
71,1.83705,1.83705
72,1.83705,1.83705
73,1.86225,1.86225
74,1.86225,1.86225
75,1.86225,1.86225
76,1.86225,1.86225
77,1.91957,1.91957
78,1.91957,1.91957
79,1.91957,1.91957
80,1.91957,1.91957
81,1.97569,1.97569
82,1.97569,1.97569
83,1.97569,1.97569
84,2.08994,2.08994
85,2.08994,2.08994
86,2.08994,2.08994
87,2.1294,2.1294
88,2.1294,2.1294
89,2.1294,2.1294
90,2.1294,2.1294
91,2.1294,2.1294
92,2.1294,2.1294
93,2.1294,2.1294
94,2.1294,2.1294
95,2.1294,2.1294
96,2.1294,2.1294
97,2.1294,2.1294
98,2.1294,2.1294
99,2.1294,2.1294
100,2.1294,2.1294
101,2.1294,2.1294
102,2.1294,2.1294
103,1.89255,1.89255
104,1.89255,1.89255
105,1.89255,1.89255
106,2.13753,2.13753
107,2.13753,2.13753
108,2.13753,2.13753
109,2.13753,2.13753
110,2.13753,2.13753
111,2.13753,2.13753
112,2.13753,2.13753
113,2.13753,2.13753
114,2.13753,2.13753
115,2.13753,2.13753
116,2.13753,2.13753
117,2.13753,2.13753
118,2.13753,2.13753
119,2.13753,2.13753
120,2.13753,2.13753
121,2.13753,2.13753
122,2.13753,2.13753
123,2.13753,2.13753
124,2.13753,2.13753
125,2.13753,2.13753
126,2.13753,2.13753
127,2.19105,2.19105
128,2.19105,2.19105
129,2.28963,2.28963
130,2.28963,2.28963
131,2.28963,2.28963
132,2.28963,2.28963
133,2.28963,2.28963
134,2.28963,2.28963
135,2.28963,2.28963
136,2.28963,2.28963
137,2.28963,2.28963
138,2.28963,2.28963
139,2.28963,2.28963
140,2.28963,2.28963
141,2.28963,2.28963
142,2.07789,2.07789
143,2.07789,2.07789
144,2.07789,2.07789
145,2.07789,2.07789
146,2.07789,2.07789
147,2.07789,2.07789
148,2.07789,2.07789
149,2.07789,2.07789
150,2.07789,2.07789
151,2.07789,2.07789
152,2.07789,2.07789
153,2.1294,2.1294
154,2.1294,2.1294
155,2.1294,2.1294
156,2.19105,2.19105
157,2.19105,2.19105
158,2.24554,2.24554
159,2.24554,2.24554
160,2.24554,2.24554
161,2.24554,2.24554
162,2.24554,2.24554
163,2.24554,2.24554
164,2.24554,2.24554
165,2.19105,2.19105
166,2.19105,2.19105
167,2.19105,2.19105
168,2.1294,2.1294
169,2.1294,2.1294
170,2.08994,2.08994
171,2.08994,2.08994
172,2.08994,2.08994
173,2.08994,2.08994
174,2.08994,2.08994
175,2.08994,2.08994
176,2.08994,2.08994
177,2.08994,2.08994
178,2.26553,2.26553
179,2.26553,2.26553
180,2.26553,2.26553
181,2.26553,2.26553
182,2.44685,2.44685
183,2.44685,2.44685
184,2.44685,2.44685
185,2.44685,2.44685
186,2.44685,2.44685
187,2.44685,2.44685
188,2.24554,2.24554
189,2.24554,2.24554
190,2.24554,2.24554
191,2.24554,2.24554
192,2.24554,2.24554
193,2.24554,2.24554
194,2.24554,2.24554
195,2.24554,2.24554
196,2.24554,2.24554
197,2.19105,2.19105
198,2.19105,2.19105
199,2.19105,2.19105
200,2.19105,2.19105
201,2.19105,2.19105
202,1.76819,1.76819
203,1.76819,1.76819
204,1.76819,1.76819
205,1.76819,1.76819
206,1.76819,1.76819
207,1.86225,1.86225
208,1.86225,1.86225
209,1.86225,1.86225
210,1.86225,1.86225
211,1.86225,1.86225
212,1.86225,1.86225
213,1.86225,1.86225
214,1.86225,1.86225
215,2.24554,2.24554
216,2.24554,2.24554
217,2.24554,2.24554
218,2.44685,2.44685
219,2.44685,2.44685
220,2.44685,2.44685
221,2.44685,2.44685
222,2.44685,2.44685
223,2.44685,2.44685
224,2.44685,2.44685
225,2.44685,2.44685
226,2.44685,2.44685
227,2.26553,2.26553
228,2.26553,2.26553
229,2.26553,2.26553
230,2.26553,2.26553
231,2.11122,2.11122
232,2.11122,2.11122
233,1.9513,1.9513
234,1.9513,1.9513
235,1.9513,1.9513
236,1.9513,1.9513
237,2.29744,2.29744
238,2.29744,2.29744
239,2.29744,2.29744
240,2.29744,2.29744
241,2.29744,2.29744
242,2.29744,2.29744
243,2.29744,2.29744
244,2.29744,2.29744
245,2.29744,2.29744
246,2.29744,2.29744
247,2.29744,2.29744
248,2.29744,2.29744
249,2.29744,2.29744
250,2.29744,2.29744
251,2.29744,2.29744
252,2.18152,2.18152
253,2.18152,2.18152
254,2.18152,2.18152
255,2.18152,2.18152
256,2.18152,2.18152
257,2.13753,2.13753
258,2.13753,2.13753
259,2.13753,2.13753
260,2.13753,2.13753
261,2.13753,2.13753
262,2.13753,2.13753
263,2.13753,2.13753
264,1.9513,1.9513
265,1.9513,1.9513
266,1.9513,1.9513
267,1.9513,1.9513
268,2.67795,2.67795
269,2.67795,2.67795
270,1.89255,1.89255
271,1.89255,1.89255
272,1.89255,1.89255
273,2.2143,2.2143
274,2.2143,2.2143
275,2.2143,2.2143
276,2.2143,2.2143
277,2.2143,2.2143
278,2.2143,2.2143
279,2.2143,2.2143
280,2.67795,2.67795
281,2.67795,2.67795
282,2.11122,2.11122
283,2.11122,2.11122
284,2.11122,2.11122
285,2.11122,2.11122
286,2.11122,2.11122
287,2.27942,2.27942
288,2.27942,2.27942
289,2.27942,2.27942
290,2.27942,2.27942
291,2.27942,2.27942
292,2.27942,2.27942
293,2.27942,2.27942
294,2.27942,2.27942
295,2.27942,2.27942
296,2.27942,2.27942
297,2.27942,2.27942
298,1.96559,1.96559
299,1.96559,1.96559
300,1.96559,1.96559
301,1.96559,1.96559
302,1.96559,1.96559
303,1.96559,1.96559
304,1.96559,1.96559
305,1.96559,1.96559
306,1.96559,1.96559
307,1.96559,1.96559
308,1.96559,1.96559
309,1.96559,1.96559
310,1.96559,1.96559
311,2.08994,2.08994
312,2.08994,2.08994
313,2.08994,2.08994
314,2.24554,2.24554
315,2.24554,2.24554
316,2.24554,2.24554
317,2.46685,2.46685
318,2.46685,2.46685
319,2.46685,2.46685
320,2.46685,2.46685
321,2.46685,2.46685
322,1.89255,1.89255
323,1.89255,1.89255
324,1.89255,1.89255
325,2.2143,2.2143
326,2.2143,2.2143
327,2.2143,2.2143
328,2.2143,2.2143
329,2.2143,2.2143
330,2.2143,2.2143
331,2.2143,2.2143
332,2.67795,2.67795
333,2.67795,2.67795
334,2.1588,2.1588
335,2.1588,2.1588
336,2.1588,2.1588
337,2.1588,2.1588
338,2.1588,2.1588
339,2.1588,2.1588
340,2.1588,2.1588
341,2.1588,2.1588
342,2.1588,2.1588
343,2.1588,2.1588
344,2.1588,2.1588
345,2.1588,2.1588
346,2.67795,2.67795
347,2.67795,2.67795
348,2.19105,2.19105
349,2.19105,2.19105
350,2.19105,2.19105
351,2.19105,2.19105
352,2.19105,2.19105
353,2.19105,2.19105
354,2.19105,2.19105
355,2.19105,2.19105
356,2.19105,2.19105
357,2.19105,2.19105
358,2.19105,2.19105
359,2.19105,2.19105
360,2.1294,2.1294
361,2.1294,2.1294
362,2.1294,2.1294
363,2.1294,2.1294
364,2.1294,2.1294
365,2.1294,2.1294
366,2.1294,2.1294
367,2.1294,2.1294
368,2.19105,2.19105
369,2.19105,2.19105
370,2.19105,2.19105
371,2.19105,2.19105
372,2.19105,2.19105
373,2.19105,2.19105
374,2.19105,2.19105
375,2.09887,2.09887
376,2.09887,2.09887
377,2.09887,2.09887
378,2.09887,2.09887
379,2.09887,2.09887
380,2.09887,2.09887
381,2.09887,2.09887
382,2.09887,2.09887
383,2.07789,2.07789
384,2.07789,2.07789
385,2.07789,2.07789
386,2.07789,2.07789
387,2.07789,2.07789
388,2.07789,2.07789
389,2.07789,2.07789
390,2.07789,2.07789
391,2.07789,2.07789
392,2.07789,2.07789
393,2.07789,2.07789
394,2.2143,2.2143
395,2.2143,2.2143
396,2.2143,2.2143
397,2.2143,2.2143
398,2.2143,2.2143
399,2.11122,2.11122
400,2.11122,2.11122
401,2.11122,2.11122
402,2.11122,2.11122
403,2.11122,2.11122
404,2.11122,2.11122
405,2.11122,2.11122
406,2.11122,2.11122
407,2.11122,2.11122
408,2.11122,2.11122
409,2.11122,2.11122
410,2.11122,2.11122
411,2.11122,2.11122
412,2.11122,2.11122
413,2.11122,2.11122
414,2.11122,2.11122
415,2.11122,2.11122
416,2.11122,2.11122
417,2.11122,2.11122
418,2.11122,2.11122
419,2.11122,2.11122
420,2.30361,2.30361
421,2.30361,2.30361
422,2.30361,2.30361
423,2.30361,2.30361
424,2.30361,2.30361
425,2.30361,2.30361
426,2.30361,2.30361
427,2.30361,2.30361
428,2.30361,2.30361
429,2.30361,2.30361
430,2.30361,2.30361
431,2.30361,2.30361
432,2.30361,2.30361
433,2.30361,2.30361
434,2.30361,2.30361
435,2.30361,2.30361
436,2.30361,2.30361
437,2.13753,2.13753
438,2.13753,2.13753
439,2.13753,2.13753
440,2.13753,2.13753
441,2.13753,2.13753
442,2.13753,2.13753
443,2.13753,2.13753
444,2.13753,2.13753
445,2.13753,2.13753
446,2.13753,2.13753
447,2.18152,2.18152
448,2.18152,2.18152
449,2.18152,2.18152
450,2.18152,2.18152
451,2.18152,2.18152
452,2.26553,2.26553
453,2.26553,2.26553
454,2.26553,2.26553
455,2.26553,2.26553
456,2.26553,2.26553
457,2.26553,2.26553
458,2.26553,2.26553
459,2.26553,2.26553
460,2.26553,2.26553
461,2.17634,2.17634
462,2.17634,2.17634
463,2.17634,2.17634
464,2.17634,2.17634
465,2.17634,2.17634
466,2.17634,2.17634
467,2.17634,2.17634
468,2.17634,2.17634
469,2.17634,2.17634
470,2.17634,2.17634
471,2.17634,2.17634
472,2.17634,2.17634
473,2.17634,2.17634
474,2.17634,2.17634
475,2.17634,2.17634
476,2.17634,2.17634
477,2.17634,2.17634
478,2.17634,2.17634
479,2.17634,2.17634
480,2.17634,2.17634
481,2.17634,2.17634
482,2.17634,2.17634
483,2.17634,2.17634
484,2.17634,2.17634
485,2.17634,2.17634
486,2.17634,2.17634
487,2.17634,2.17634
488,2.13753,2.13753
489,2.13753,2.13753
490,2.13753,2.13753
491,2.13753,2.13753
492,2.13753,2.13753
493,2.13753,2.13753
494,2.13753,2.13753
495,2.13753,2.13753
496,2.13753,2.13753
497,2.13753,2.13753
498,2.16922,2.16922
499,2.16922,2.16922
500,2.16922,2.16922
501,2.16922,2.16922
502,2.16922,2.16922
503,2.16922,2.16922
504,2.16922,2.16922
505,2.16922,2.16922
506,2.16922,2.16922
507,2.16922,2.16922
508,2.16922,2.16922
509,2.16922,2.16922
510,2.16922,2.16922
511,2.16922,2.16922
512,2.16922,2.16922
513,2.16922,2.16922
514,2.16922,2.16922
515,2.16922,2.16922
516,2.16922,2.16922
517,2.16922,2.16922
518,2.16922,2.16922
519,2.16922,2.16922
520,2.16922,2.16922
521,2.16922,2.16922
522,2.16922,2.16922
523,2.16922,2.16922
524,2.16922,2.16922
525,2.16922,2.16922
526,2.16922,2.16922
527,2.16922,2.16922
528,2.16922,2.16922
529,2.16922,2.16922
530,2.16922,2.16922
531,2.16922,2.16922
532,2.16922,2.16922
533,2.16922,2.16922
534,2.16922,2.16922
535,2.19959,2.19959
536,2.19959,2.19959
537,2.19959,2.19959
538,2.19959,2.19959
539,2.19959,2.19959
540,2.19959,2.19959
541,2.19959,2.19959
542,2.19959,2.19959
543,2.19959,2.19959
544,2.19959,2.19959
545,2.19959,2.19959
546,2.19959,2.19959
547,2.18152,2.18152
548,2.18152,2.18152
549,2.18152,2.18152
550,2.18152,2.18152
551,2.18152,2.18152
552,2.18152,2.18152
553,2.18152,2.18152
554,2.18152,2.18152
555,2.18152,2.18152
556,2.18152,2.18152
557,1.89255,1.89255
558,1.89255,1.89255
559,1.89255,1.89255
560,2.19959,2.19959
561,2.19959,2.19959
562,2.19959,2.19959
563,2.19959,2.19959
564,2.19959,2.19959
565,2.19959,2.19959
566,2.19959,2.19959
567,2.19959,2.19959
568,2.19959,2.19959
569,2.19959,2.19959
570,2.19959,2.19959
571,2.19959,2.19959
572,2.19959,2.19959
573,2.19959,2.19959
574,2.19959,2.19959
575,2.19959,2.19959
576,2.19959,2.19959
577,2.18152,2.18152
578,2.18152,2.18152
579,2.18152,2.18152
580,2.18152,2.18152
581,2.18152,2.18152
582,2.18152,2.18152
583,2.18152,2.18152
584,2.18152,2.18152
585,2.18152,2.18152
586,2.18152,2.18152
587,2.18152,2.18152
588,2.18152,2.18152
589,2.28963,2.28963
590,2.28963,2.28963
591,2.28963,2.28963
592,2.28963,2.28963
593,2.28963,2.28963
594,2.28963,2.28963
595,2.42276,2.42276
596,2.42276,2.42276
597,2.42276,2.42276
598,2.42276,2.42276
599,2.42276,2.42276
600,2.42276,2.42276
601,2.52134,2.52134
602,2.52134,2.52134
603,2.52134,2.52134
604,2.58299,2.58299
605,2.58299,2.58299
606,2.62245,2.62245
607,2.62245,2.62245
608,2.62245,2.62245
609,2.62245,2.62245
610,2.62245,2.62245
611,2.62245,2.62245
612,2.62245,2.62245
613,2.62245,2.62245
614,2.58299,2.58299
615,2.58299,2.58299
616,2.58299,2.58299
617,2.58299,2.58299
618,2.58299,2.58299
619,2.58299,2.58299
620,2.58299,2.58299
621,2.58299,2.58299
622,2.64225,2.64225
623,2.64225,2.64225
624,2.64225,2.64225
625,2.64225,2.64225
626,2.64225,2.64225
627,2.64225,2.64225
628,2.71497,2.71497
629,2.71497,2.71497
630,2.71497,2.71497
631,2.71497,2.71497
632,2.71497,2.71497
633,2.71497,2.71497
634,2.9997,2.9997
635,2.9997,2.9997
636,2.9997,2.9997
637,2.9997,2.9997
638,3.28349,-2.9997
639,3.28349,-2.9997
640,3.28349,-2.9997
641,3.36026,-2.92292
642,3.36026,-2.92292
643,3.36026,-2.92292
644,3.36026,-2.92292
645,3.36026,-2.92292
646,3.36026,-2.92292
647,3.27414,-3.00904
648,3.27414,-3.00904
649,3.27414,-3.00904
650,3.27414,-3.00904
651,3.27414,-3.00904
652,3.27414,-3.00904
653,3.27414,-3.00904
654,3.27414,-3.00904
655,3.27414,-3.00904
656,3.27414,-3.00904
657,3.27414,-3.00904
658,3.27414,-3.00904
659,3.27414,-3.00904
660,3.27414,-3.00904
661,3.27414,-3.00904
662,3.27414,-3.00904
663,3.32145,-2.96174
664,3.32145,-2.96174
665,3.32145,-2.96174
666,3.35269,-2.9305
667,3.35269,-2.9305
668,3.35269,-2.9305
669,3.35269,-2.9305
670,3.35269,-2.9305
671,3.35269,-2.9305
672,3.39892,-2.88427
673,3.39892,-2.88427
674,3.39892,-2.88427
675,3.39892,-2.88427
676,3.39892,-2.88427
677,3.39892,-2.88427
678,3.39892,-2.88427
679,3.39892,-2.88427
680,3.39892,-2.88427
681,3.39892,-2.88427
682,3.39892,-2.88427
683,3.39892,-2.88427
684,3.39892,-2.88427
685,3.39892,-2.88427
686,3.39892,-2.88427
687,3.37268,-2.9105
688,3.37268,-2.9105
689,3.37268,-2.9105
690,3.37268,-2.9105
691,3.37268,-2.9105
692,3.37268,-2.9105
693,3.37268,-2.9105
694,3.30674,-2.97644
695,3.30674,-2.97644
696,3.30674,-2.97644
697,3.30674,-2.97644
698,3.30674,-2.97644
699,3.30674,-2.97644
700,3.36026,-2.92292
701,3.36026,-2.92292
702,3.36026,-2.92292
703,3.36026,-2.92292
704,3.36026,-2.92292
705,3.36026,-2.92292
706,3.27712,-3.00606
707,3.27712,-3.00606
708,3.27712,-3.00606
709,3.27712,-3.00606
710,3.27712,-3.00606
711,3.27712,-3.00606
712,3.27712,-3.00606
713,3.27712,-3.00606
714,3.27712,-3.00606
715,3.27712,-3.00606
716,3.27712,-3.00606
717,3.27712,-3.00606
718,3.27712,-3.00606
719,3.27712,-3.00606
720,3.27712,-3.00606
721,3.27712,-3.00606
722,3.24126,-3.04192
723,3.24126,-3.04192
724,3.24126,-3.04192
725,3.24126,-3.04192
726,3.24126,-3.04192
727,3.24126,-3.04192
728,3.24126,-3.04192
729,3.24126,-3.04192
730,3.24126,-3.04192
731,3.24126,-3.04192
732,3.36026,-2.92292
733,3.36026,-2.92292
734,3.36026,-2.92292
735,3.36026,-2.92292
736,3.36026,-2.92292
737,3.574,-2.70918
738,3.574,-2.70918
739,3.574,-2.70918
740,3.574,-2.70918
741,3.574,-2.70918
742,3.574,-2.70918
743,3.574,-2.70918
744,3.574,-2.70918
745,3.574,-2.70918
746,3.574,-2.70918
747,3.574,-2.70918
748,3.574,-2.70918
749,3.574,-2.70918
750,3.574,-2.70918
751,3.574,-2.70918
752,3.574,-2.70918
753,3.53638,-2.7468
754,3.53638,-2.7468
755,3.53638,-2.7468
756,3.53638,-2.7468
757,3.50557,-2.77761
758,3.50557,-2.77761
759,3.50557,-2.77761
760,3.50557,-2.77761
761,3.50557,-2.77761
762,3.50557,-2.77761
763,3.50557,-2.77761
764,3.50557,-2.77761
765,3.50557,-2.77761
766,3.50557,-2.77761
767,3.50557,-2.77761
768,3.50557,-2.77761
769,3.50557,-2.77761
770,3.50557,-2.77761
771,3.50557,-2.77761
772,3.50557,-2.77761
773,3.50557,-2.77761
774,3.50557,-2.77761
775,3.50557,-2.77761
776,3.50557,-2.77761
777,3.50557,-2.77761
778,3.58397,-2.69922
779,3.58397,-2.69922
780,3.58397,-2.69922
781,3.58397,-2.69922
782,3.58397,-2.69922
783,3.58397,-2.69922
784,3.58397,-2.69922
785,3.58397,-2.69922
786,3.58397,-2.69922
787,3.58397,-2.69922
788,3.58397,-2.69922
789,3.58397,-2.69922
790,3.58397,-2.69922
791,3.58397,-2.69922
792,3.58397,-2.69922
793,3.58397,-2.69922
794,3.58397,-2.69922
795,3.58397,-2.69922
796,3.58397,-2.69922
797,3.58397,-2.69922
798,3.58397,-2.69922
799,3.58397,-2.69922
800,3.58397,-2.69922
801,3.58397,-2.69922
802,3.58397,-2.69922
803,3.57993,-2.70326
804,3.57993,-2.70326
805,3.57993,-2.70326
806,3.57993,-2.70326
807,3.57993,-2.70326
808,3.57993,-2.70326
809,3.57993,-2.70326
810,3.57993,-2.70326
811,3.57993,-2.70326
812,3.57993,-2.70326
813,3.57993,-2.70326
814,3.57993,-2.70326
815,3.57993,-2.70326
816,3.57993,-2.70326
817,3.57993,-2.70326
818,3.57993,-2.70326
819,3.57993,-2.70326
820,3.57993,-2.70326
821,3.57993,-2.70326
822,3.57993,-2.70326
823,3.57993,-2.70326
824,3.57993,-2.70326
825,3.57993,-2.70326
826,3.57993,-2.70326
827,3.57993,-2.70326
828,3.59305,-2.69014
829,3.59305,-2.69014
830,3.59305,-2.69014
831,3.59305,-2.69014
832,3.59305,-2.69014
833,3.59305,-2.69014
834,3.59305,-2.69014
835,3.59305,-2.69014
836,3.59305,-2.69014
837,3.59305,-2.69014
838,3.59305,-2.69014
839,3.59305,-2.69014
840,3.59305,-2.69014
841,3.59305,-2.69014
842,3.59305,-2.69014
843,3.59305,-2.69014
844,3.59305,-2.69014
845,3.59305,-2.69014
846,3.59305,-2.69014
847,3.59305,-2.69014
848,3.59305,-2.69014
849,3.59305,-2.69014
850,3.59305,-2.69014
851,3.61729,-2.6659
852,3.61729,-2.6659
853,3.61729,-2.6659
854,3.61729,-2.6659
855,3.61729,-2.6659
856,3.61729,-2.6659
857,3.61729,-2.6659
858,3.61729,-2.6659
859,3.61729,-2.6659
860,3.61729,-2.6659
861,3.61729,-2.6659
862,3.61729,-2.6659
863,3.61729,-2.6659
864,3.61729,-2.6659
865,3.61729,-2.6659
866,3.61729,-2.6659
867,3.61729,-2.6659
868,3.61729,-2.6659
869,3.61729,-2.6659
870,3.61729,-2.6659
871,3.61729,-2.6659
872,3.61729,-2.6659
873,3.70832,-2.57486
874,3.70832,-2.57486
875,3.70832,-2.57486
876,3.70832,-2.57486
877,3.70832,-2.57486
878,3.70832,-2.57486
879,3.70832,-2.57486
880,3.70832,-2.57486
881,3.70832,-2.57486
882,3.70832,-2.57486
883,3.70832,-2.57486
884,3.70832,-2.57486
885,3.70832,-2.57486
886,3.63553,-2.64765
887,3.63553,-2.64765
888,3.63553,-2.64765
889,3.63553,-2.64765
890,3.63553,-2.64765
891,3.63553,-2.64765
892,3.63553,-2.64765
893,3.63553,-2.64765
894,3.63553,-2.64765
895,3.63553,-2.64765
896,3.63553,-2.64765
897,3.63553,-2.64765
898,3.63553,-2.64765
899,3.63553,-2.64765
900,3.63553,-2.64765
901,3.63553,-2.64765
902,3.63553,-2.64765
903,3.64444,-2.63875
904,3.64444,-2.63875
905,3.64444,-2.63875
906,3.64444,-2.63875
907,3.64444,-2.63875
908,3.64444,-2.63875
909,3.64444,-2.63875
910,3.64444,-2.63875
911,3.64444,-2.63875
912,3.64444,-2.63875
913,3.64444,-2.63875
914,3.64444,-2.63875
915,3.64444,-2.63875
916,3.64444,-2.63875
917,3.70832,-2.57486
918,3.70832,-2.57486
919,3.70832,-2.57486
920,3.70832,-2.57486
921,3.70832,-2.57486
922,3.75232,-2.53087
923,3.75232,-2.53087
924,3.75232,-2.53087
925,3.75232,-2.53087
926,3.75232,-2.53087
927,3.77039,-2.5128
928,3.77039,-2.5128
929,3.77039,-2.5128
930,3.77039,-2.5128
931,3.80264,-2.48055
932,3.80264,-2.48055
933,3.80264,-2.48055
934,3.86823,-2.41495
935,3.86823,-2.41495
936,3.86823,-2.41495
937,3.86823,-2.41495
938,3.86823,-2.41495
939,3.86823,-2.41495
940,3.86823,-2.41495
941,3.98575,-2.29744
942,3.98575,-2.29744
943,3.98575,-2.29744
944,3.98575,-2.29744
945,3.98575,-2.29744
946,3.98575,-2.29744
947,3.98575,-2.29744
948,4.09214,-2.19105
949,4.09214,-2.19105
950,4.09214,-2.19105
951,4.15379,-2.1294
952,4.15379,-2.1294
953,4.15379,-2.1294
954,4.15379,-2.1294
955,4.35362,-1.92957
956,4.35362,-1.92957
957,4.35362,-1.92957
958,4.43409,-1.8491
959,4.43409,-1.8491
960,4.53254,-1.75065
961,4.53254,-1.75065
962,4.53254,-1.75065
963,4.53254,-1.75065
964,4.53254,-1.75065
965,4.53254,-1.75065
966,4.61272,-1.67046
967,4.61272,-1.67046
968,4.61272,-1.67046
969,4.61272,-1.67046
970,4.61272,-1.67046
971,4.61272,-1.67046
972,4.61272,-1.67046
973,4.61272,-1.67046
974,4.61272,-1.67046
975,4.61272,-1.67046
976,4.3075,-1.97569
977,4.3075,-1.97569
978,4.3075,-1.97569
979,4.21845,-2.06474
980,4.21845,-2.06474
981,4.21845,-2.06474
982,4.21845,-2.06474
983,4.21845,-2.06474
984,4.21845,-2.06474
985,4.21845,-2.06474
986,4.21845,-2.06474
987,4.21845,-2.06474
988,4.21845,-2.06474
989,4.21845,-2.06474
990,4.21845,-2.06474
991,4.21845,-2.06474
992,4.21845,-2.06474
993,4.27998,-2.0032
994,4.27998,-2.0032
995,4.27998,-2.0032
996,4.27998,-2.0032
997,4.27998,-2.0032
998,4.27998,-2.0032
999,4.27998,-2.0032
1000,4.57049,-1.71269
1001,4.57049,-1.71269
1002,4.57049,-1.71269
1003,4.57049,-1.71269
1004,4.85429,-1.4289
1005,4.85429,-1.4289
1006,4.85429,-1.4289
1007,5.11728,-1.1659
1008,5.11728,-1.1659
1009,5.11728,-1.1659
1010,5.23154,-1.05165
1011,5.23154,-1.05165
1012,5.23154,-1.05165
1013,5.45434,-0.828849
1014,5.45434,-0.828849
1015,5.45434,-0.828849
1016,5.45434,-0.828849
1017,5.45434,-0.828849
1018,5.45434,-0.828849
1019,5.45434,-0.828849
1020,5.45434,-0.828849
1021,5.45434,-0.828849
1022,5.45434,-0.828849
1023,5.54124,-0.741947
1024,5.54124,-0.741947
1025,5.54124,-0.741947
1026,5.54124,-0.741947
1027,5.54124,-0.741947
1028,5.54124,-0.741947
1029,5.54124,-0.741947
1030,5.54124,-0.741947
1031,5.54124,-0.741947
1032,5.54124,-0.741947
1033,5.56021,-0.722979
1034,5.56021,-0.722979
1035,5.56021,-0.722979
1036,5.56021,-0.722979
1037,5.56021,-0.722979
1038,5.56021,-0.722979
1039,5.56021,-0.722979
1040,5.56021,-0.722979
1041,5.56021,-0.722979
1042,5.56021,-0.722979
1043,5.56021,-0.722979
1044,5.56021,-0.722979
1045,5.56021,-0.722979
1046,5.56021,-0.722979
1047,5.56021,-0.722979
1048,5.62214,-0.661043
1049,5.62214,-0.661043
1050,5.62214,-0.661043
1051,5.62214,-0.661043
1052,5.62214,-0.661043
1053,5.62214,-0.661043
1054,5.62214,-0.661043
1055,5.79629,-0.486899
1056,5.79629,-0.486899
1057,5.79629,-0.486899
1058,5.79629,-0.486899
1059,5.79629,-0.486899
1060,5.79629,-0.486899
1061,5.79629,-0.486899
1062,5.79629,-0.486899
1063,5.79629,-0.486899
1064,5.79629,-0.486899
1065,5.79629,-0.486899
1066,5.79629,-0.486899
1067,5.79629,-0.486899
1068,5.79629,-0.486899
1069,5.79629,-0.486899
1070,5.79629,-0.486899
1071,5.79629,-0.486899
1072,5.79629,-0.486899
1073,5.79629,-0.486899
1074,5.79629,-0.486899
1075,5.79629,-0.486899
1076,5.79629,-0.486899
1077,5.79629,-0.486899
1078,5.71646,-0.566729
1079,5.71646,-0.566729
1080,5.71646,-0.566729
1081,5.71646,-0.566729
1082,5.71646,-0.566729
1083,5.71646,-0.566729
1084,5.71646,-0.566729
1085,5.71646,-0.566729
1086,5.71646,-0.566729
1087,5.71646,-0.566729
1088,5.71646,-0.566729
1089,5.71646,-0.566729
1090,5.71646,-0.566729
1091,5.77609,-0.507099
1092,5.77609,-0.507099
1093,5.77609,-0.507099
1094,5.77609,-0.507099
1095,5.77609,-0.507099
1096,5.77609,-0.507099
1097,5.77609,-0.507099
1098,5.77609,-0.507099
1099,5.77609,-0.507099
1100,5.77609,-0.507099
1101,5.77609,-0.507099
1102,5.71646,-0.566729
1103,5.71646,-0.566729
1104,5.71646,-0.566729
1105,5.71646,-0.566729
1106,5.71646,-0.566729
1107,5.67246,-0.610726
1108,5.67246,-0.610726
1109,5.67246,-0.610726
1110,5.67246,-0.610726
1111,5.67246,-0.610726
1112,5.57456,-0.708626
1113,5.57456,-0.708626
1114,5.57456,-0.708626
1115,5.57456,-0.708626
1116,5.57456,-0.708626
1117,5.42102,-0.86217
1118,5.42102,-0.86217
1119,5.42102,-0.86217
1120,5.42102,-0.86217
1121,5.42102,-0.86217
1122,5.33264,-0.950547
1123,5.33264,-0.950547
1124,5.33264,-0.950547
1125,5.27099,-1.0122
1126,5.27099,-1.0122
1127,5.27099,-1.0122
1128,5.27099,-1.0122
1129,5.27099,-1.0122
1130,5.27099,-1.0122
1131,5.27099,-1.0122
1132,5.27099,-1.0122
1133,5.27099,-1.0122
1134,5.27099,-1.0122
1135,5.33264,-0.950547
1136,5.33264,-0.950547
1137,5.41465,-0.868539
1138,5.41465,-0.868539
1139,5.41465,-0.868539
1140,5.41465,-0.868539
1141,5.41465,-0.868539
1142,5.41465,-0.868539
1143,5.41465,-0.868539
1144,5.41465,-0.868539
1145,5.41465,-0.868539
1146,5.41465,-0.868539
1147,5.41465,-0.868539
1148,5.4502,-0.832981
1149,5.4502,-0.832981
1150,5.4502,-0.832981
1151,5.4502,-0.832981
1152,5.4502,-0.832981
1153,5.4502,-0.832981
1154,5.4502,-0.832981
1155,5.4502,-0.832981
1156,5.4502,-0.832981
1157,5.54537,-0.737815
1158,5.54537,-0.737815
1159,5.54537,-0.737815
1160,5.54537,-0.737815
1161,5.54537,-0.737815
1162,5.54537,-0.737815
1163,5.54537,-0.737815
1164,5.54537,-0.737815
1165,5.54537,-0.737815
1166,5.67246,-0.610726
1167,5.67246,-0.610726
1168,5.67246,-0.610726
1169,5.67246,-0.610726
1170,5.67246,-0.610726
1171,5.67246,-0.610726
1172,5.67246,-0.610726
1173,5.67246,-0.610726
1174,5.67246,-0.610726
1175,5.67246,-0.610726
1176,5.94016,-0.343024
1177,5.94016,-0.343024
1178,5.94016,-0.343024
1179,5.94016,-0.343024
1180,5.94016,-0.343024
1181,5.94016,-0.343024
1182,5.94016,-0.343024
1183,5.94016,-0.343024
1184,5.94016,-0.343024
1185,5.94016,-0.343024
1186,5.94016,-0.343024
1187,5.94016,-0.343024
1188,5.94016,-0.343024
1189,5.94016,-0.343024
1190,5.94016,-0.343024
1191,5.83567,-0.44752
1192,5.83567,-0.44752
1193,5.83567,-0.44752
1194,5.83567,-0.44752
1195,5.83567,-0.44752
1196,5.83567,-0.44752
1197,5.83567,-0.44752
1198,5.83567,-0.44752
1199,5.83567,-0.44752
1200,5.83567,-0.44752
1201,5.83567,-0.44752
1202,5.83567,-0.44752
1203,5.83567,-0.44752
1204,5.83567,-0.44752
1205,5.83567,-0.44752
1206,5.83567,-0.44752
1207,5.83567,-0.44752
1208,5.83567,-0.44752
1209,5.83567,-0.44752
1210,5.83567,-0.44752
1211,5.83567,-0.44752
1212,5.83567,-0.44752
1213,5.83567,-0.44752
1214,5.83567,-0.44752
1215,5.83567,-0.44752
1216,5.83567,-0.44752
1217,5.83567,-0.44752
1218,5.83567,-0.44752
1219,5.83567,-0.44752
1220,5.83567,-0.44752
1221,5.83567,-0.44752
1222,5.83567,-0.44752
1223,5.83567,-0.44752
1224,5.83567,-0.44752
1225,5.83567,-0.44752
1226,5.83567,-0.44752
1227,5.83567,-0.44752
1228,5.83567,-0.44752
1229,5.83567,-0.44752
1230,5.83567,-0.44752
1231,5.75511,-0.528074
1232,5.75511,-0.528074
1233,5.75511,-0.528074
1234,5.75511,-0.528074
1235,5.75511,-0.528074
1236,5.75511,-0.528074
1237,5.75511,-0.528074
1238,5.75511,-0.528074
1239,5.75511,-0.528074
1240,5.75511,-0.528074
1241,5.75511,-0.528074
1242,5.62214,-0.661043
1243,5.62214,-0.661043
1244,5.62214,-0.661043
1245,5.62214,-0.661043
1246,5.62214,-0.661043
1247,5.62214,-0.661043
1248,5.62214,-0.661043
1249,5.62214,-0.661043
1250,5.62214,-0.661043
1251,5.62214,-0.661043
1252,5.37343,-0.909753
1253,5.37343,-0.909753
1254,5.37343,-0.909753
1255,5.37343,-0.909753
1256,5.37343,-0.909753
1257,5.37343,-0.909753
1258,5.37343,-0.909753
1259,5.37343,-0.909753
1260,5.37343,-0.909753
1261,5.37343,-0.909753
1262,5.18973,-1.09345
1263,5.18973,-1.09345
1264,5.18973,-1.09345
1265,5.18973,-1.09345
1266,5.18973,-1.09345
1267,5.18973,-1.09345
1268,5.18973,-1.09345
1269,5.18973,-1.09345
1270,5.18973,-1.09345
1271,5.18973,-1.09345
1272,5.18973,-1.09345
1273,5.18973,-1.09345
1274,5.18973,-1.09345
1275,5.18973,-1.09345
1276,5.18973,-1.09345
1277,5.18973,-1.09345
1278,5.18973,-1.09345
1279,5.18973,-1.09345
1280,5.18973,-1.09345
1281,5.18973,-1.09345
1282,5.18973,-1.09345
1283,5.18973,-1.09345
1284,5.18973,-1.09345
1285,5.18973,-1.09345
1286,5.18973,-1.09345
1287,5.18973,-1.09345
1288,5.18973,-1.09345
1289,5.18973,-1.09345
1290,5.18973,-1.09345
1291,5.18973,-1.09345
1292,5.18973,-1.09345
1293,5.18973,-1.09345
1294,5.18973,-1.09345
1295,5.18973,-1.09345
1296,5.18973,-1.09345
1297,5.18973,-1.09345
1298,5.18973,-1.09345
1299,5.18973,-1.09345
1300,5.18973,-1.09345
1301,5.18973,-1.09345
1302,5.18973,-1.09345
1303,5.27099,-1.0122
1304,5.27099,-1.0122
1305,5.27099,-1.0122
1306,5.33264,-0.950547
1307,5.33264,-0.950547
1308,5.43903,-0.844154
1309,5.43903,-0.844154
1310,5.43903,-0.844154
1311,5.43903,-0.844154
1312,5.43903,-0.844154
1313,5.43903,-0.844154
1314,5.43903,-0.844154
1315,5.55654,-0.726642
1316,5.55654,-0.726642
1317,5.55654,-0.726642
1318,5.55654,-0.726642
1319,5.55654,-0.726642
1320,5.55654,-0.726642
1321,5.55654,-0.726642
1322,5.76404,-0.519146
1323,5.76404,-0.519146
1324,5.76404,-0.519146
1325,5.87829,-0.404892
1326,5.87829,-0.404892
1327,5.87829,-0.404892
1328,5.98469,-0.298499
1329,5.98469,-0.298499
1330,5.98469,-0.298499
1331,5.98469,-0.298499
1332,5.98469,-0.298499
1333,5.98469,-0.298499
1334,5.98469,-0.298499
1335,5.98469,-0.298499
1336,5.98469,-0.298499
1337,5.98469,-0.298499
1338,5.94016,-0.343024
1339,5.94016,-0.343024
1340,5.94016,-0.343024
1341,5.94016,-0.343024
1342,5.94016,-0.343024
1343,5.94016,-0.343024
1344,5.93019,-0.35299
1345,5.93019,-0.35299
1346,5.93019,-0.35299
1347,5.93019,-0.35299
1348,5.93019,-0.35299
1349,5.93019,-0.35299
1350,5.93019,-0.35299
1351,5.93019,-0.35299
1352,5.93019,-0.35299
1353,5.93019,-0.35299
1354,5.93019,-0.35299
1355,5.87829,-0.404892
1356,5.87829,-0.404892
1357,5.87829,-0.404892
1358,5.87829,-0.404892
1359,5.87829,-0.404892
1360,5.87829,-0.404892
1361,5.87829,-0.404892
1362,5.92441,-0.358771
1363,5.92441,-0.358771
1364,6.01693,-0.266252
1365,6.01693,-0.266252
1366,6.01693,-0.266252
1367,6.01693,-0.266252
1368,6.01693,-0.266252
1369,6.06452,-0.218669
1370,6.06452,-0.218669
1371,6.25094,-0.0322469
1372,6.25094,-0.0322469
1373,6.25094,-0.0322469
1374,6.25094,-0.0322469
1375,6.25094,-0.0322469
1376,6.25094,-0.0322469
1377,6.25094,-0.0322469
1378,6.25094,-0.0322469
1379,6.25094,-0.0322469
1380,6.25094,-0.0322469
1381,6.25094,-0.0322469
1382,6.25094,-0.0322469
1383,6.25094,-0.0322469
1384,6.25094,-0.0322469
1385,6.25094,-0.0322469
1386,6.25094,-0.0322469
1387,6.25094,-0.0322469
1388,6.25094,-0.0322469
1389,6.25094,-0.0322469
1390,6.25094,-0.0322469
1391,6.25094,-0.0322469
1392,6.25094,-0.0322469
1393,6.25094,-0.0322469
1394,6.25094,-0.0322469
1395,6.25094,-0.0322469
1396,6.25094,-0.0322469
1397,6.25094,-0.0322469
1398,6.25094,-0.0322469
1399,6.25094,-0.0322469
1400,6.25094,-0.0322469
1401,6.25094,-0.0322469
1402,6.19645,-0.0867383
1403,6.19645,-0.0867383
1404,6.19645,-0.0867383
1405,6.19645,-0.0867383
1406,6.19645,-0.0867383
1407,6.19645,-0.0867383
1408,6.19645,-0.0867383
1409,6.19645,-0.0867383
1410,6.19645,-0.0867383
1411,6.19645,-0.0867383
1412,6.19645,-0.0867383
1413,6.19645,-0.0867383
1414,5.99173,-0.291457
1415,5.99173,-0.291457
1416,5.99173,-0.291457
1417,5.99173,-0.291457
1418,5.93441,-0.348771
1419,5.93441,-0.348771
1420,5.93441,-0.348771
1421,5.93441,-0.348771
1422,5.87829,-0.404892
1423,5.87829,-0.404892
1424,5.87829,-0.404892
1425,5.76404,-0.519146
1426,5.76404,-0.519146
1427,5.76404,-0.519146
1428,5.71646,-0.566729
1429,5.71646,-0.566729
1430,5.71646,-0.566729
1431,5.71646,-0.566729
1432,5.71646,-0.566729
1433,5.67246,-0.610726
1434,5.67246,-0.610726
1435,5.67246,-0.610726
1436,5.67246,-0.610726
1437,5.67246,-0.610726
1438,5.59426,-0.688924
1439,5.59426,-0.688924
1440,5.59426,-0.688924
1441,5.59426,-0.688924
1442,5.59426,-0.688924
1443,5.59426,-0.688924
1444,5.59426,-0.688924
1445,5.59426,-0.688924
1446,5.59426,-0.688924
1447,5.59426,-0.688924
1448,5.59426,-0.688924
1449,5.59426,-0.688924
1450,5.59426,-0.688924
1451,5.59426,-0.688924
1452,5.59426,-0.688924
1453,5.59426,-0.688924
1454,5.59426,-0.688924
1455,5.59426,-0.688924
1456,5.59426,-0.688924
1457,5.59426,-0.688924
1458,5.59426,-0.688924
1459,5.59426,-0.688924
1460,5.59426,-0.688924
1461,5.59426,-0.688924
1462,5.59426,-0.688924
1463,5.59426,-0.688924
1464,5.59426,-0.688924
1465,5.59426,-0.688924
1466,5.59426,-0.688924
1467,5.59426,-0.688924
1468,5.59426,-0.688924
1469,5.57456,-0.708626
1470,5.57456,-0.708626
1471,5.57456,-0.708626
1472,5.57456,-0.708626
1473,5.57456,-0.708626
1474,5.57456,-0.708626
1475,5.57456,-0.708626
1476,5.57456,-0.708626
1477,5.57456,-0.708626
1478,5.57456,-0.708626
1479,5.57456,-0.708626
1480,5.57456,-0.708626
1481,5.57456,-0.708626
1482,5.57456,-0.708626
1483,5.57456,-0.708626
1484,5.57456,-0.708626
1485,5.38713,-0.896055
1486,5.38713,-0.896055
1487,5.38713,-0.896055
1488,5.38713,-0.896055
1489,5.38713,-0.896055
1490,5.38713,-0.896055
1491,5.38713,-0.896055
1492,5.38713,-0.896055
1493,5.38713,-0.896055
1494,5.38713,-0.896055
1495,5.38713,-0.896055
1496,5.38713,-0.896055
1497,5.25281,-1.03038
1498,5.25281,-1.03038
1499,5.25281,-1.03038
1500,5.25281,-1.03038
1501,5.25281,-1.03038
1502,5.25281,-1.03038
1503,5.25281,-1.03038
1504,5.25281,-1.03038
1505,5.15223,-1.13095
1506,5.15223,-1.13095
1507,5.15223,-1.13095
1508,5.15223,-1.13095
1509,5.15223,-1.13095
1510,5.15223,-1.13095
1511,5.15223,-1.13095
1512,5.15223,-1.13095
1513,5.15223,-1.13095
1514,5.15223,-1.13095
1515,5.15223,-1.13095
1516,5.15223,-1.13095
1517,5.15223,-1.13095
1518,5.15223,-1.13095
1519,5.19929,-1.0839
1520,5.19929,-1.0839
1521,5.19929,-1.0839
1522,5.19929,-1.0839
1523,5.19929,-1.0839
1524,5.19929,-1.0839
1525,5.19929,-1.0839
1526,5.19929,-1.0839
1527,5.19929,-1.0839
1528,5.19929,-1.0839
1529,5.42102,-0.86217
1530,5.42102,-0.86217
1531,5.42102,-0.86217
1532,5.42102,-0.86217
1533,5.42102,-0.86217
1534,5.57456,-0.708626
1535,5.57456,-0.708626
1536,5.57456,-0.708626
1537,5.57456,-0.708626
1538,5.57456,-0.708626
1539,5.77609,-0.507099
1540,5.77609,-0.507099
1541,5.77609,-0.507099
1542,5.77609,-0.507099
1543,5.77609,-0.507099
1544,5.86496,-0.418224
1545,5.86496,-0.418224
1546,5.86496,-0.418224
1547,5.86496,-0.418224
1548,5.92441,-0.358771
1549,5.92441,-0.358771
1550,6.00489,-0.2783
1551,6.00489,-0.2783
1552,6.11804,-0.165149
1553,6.11804,-0.165149
1554,6.11804,-0.165149
1555,6.11804,-0.165149
1556,6.11804,-0.165149
1557,6.11804,-0.165149
1558,6.06452,-0.218669
1559,6.06452,-0.218669
1560,6.06452,-0.218669
1561,6.06452,-0.218669
1562,6.06452,-0.218669
1563,6.06452,-0.218669
1564,6.2306,-0.0525831
1565,6.2306,-0.0525831
1566,6.2306,-0.0525831
1567,6.2306,-0.0525831
1568,6.2306,-0.0525831
1569,6.2306,-0.0525831
1570,6.2306,-0.0525831
1571,6.2306,-0.0525831
1572,6.2306,-0.0525831
1573,6.2306,-0.0525831
1574,0.0525831,0.0525831
1575,0.0525831,0.0525831
1576,0.0525831,0.0525831
1577,0.0525831,0.0525831
1578,0.0525831,0.0525831
1579,0.0525831,0.0525831
1580,0.0525831,0.0525831
1581,0.0525831,0.0525831
1582,0.0525831,0.0525831
1583,0.218669,0.218669
1584,0.218669,0.218669
1585,0.218669,0.218669
1586,0.266252,0.266252
1587,0.266252,0.266252
1588,0.266252,0.266252
1589,0.266252,0.266252
1590,0.358771,0.358771
1591,0.358771,0.358771
1592,0.404892,0.404892
1593,0.404892,0.404892
1594,0.404892,0.404892
1595,0.404892,0.404892
1596,0.404892,0.404892
1597,0.404892,0.404892
1598,0.404892,0.404892
1599,0.358771,0.358771
1600,0.358771,0.358771
1601,0.266252,0.266252
1602,0.266252,0.266252
1603,0.266252,0.266252
1604,0.266252,0.266252
1605,0.266252,0.266252
1606,0.218669,0.218669
1607,0.218669,0.218669
1608,0.110657,0.110657
1609,0.110657,0.110657
1610,0.110657,0.110657
1611,0.110657,0.110657
1612,0.110657,0.110657
1613,6.17253,-0.110657
1614,6.17253,-0.110657
1615,6.17253,-0.110657
1616,6.17253,-0.110657
1617,6.00489,-0.2783
1618,6.00489,-0.2783
1619,5.92441,-0.358771
1620,5.92441,-0.358771
1621,5.86496,-0.418224
1622,5.86496,-0.418224
1623,5.86496,-0.418224
1624,5.86496,-0.418224
1625,5.86496,-0.418224
1626,5.86496,-0.418224
1627,5.86496,-0.418224
1628,5.86496,-0.418224
1629,5.86496,-0.418224
1630,5.86496,-0.418224
1631,5.93441,-0.348771
1632,5.93441,-0.348771
1633,5.93441,-0.348771
1634,5.93441,-0.348771
1635,5.99173,-0.291457
1636,5.99173,-0.291457
1637,5.99173,-0.291457
1638,5.99173,-0.291457
1639,6.01693,-0.266252
1640,6.01693,-0.266252
1641,6.01693,-0.266252
1642,6.01693,-0.266252
1643,6.01693,-0.266252
1644,6.01693,-0.266252
1645,6.01693,-0.266252
1646,6.01693,-0.266252
1647,6.01693,-0.266252
1648,5.99173,-0.291457
1649,5.99173,-0.291457
1650,5.99173,-0.291457
1651,5.99173,-0.291457
1652,5.93441,-0.348771
1653,5.93441,-0.348771
1654,5.93441,-0.348771
1655,5.93441,-0.348771
1656,5.93441,-0.348771
1657,5.93441,-0.348771
1658,5.71646,-0.566729
1659,5.71646,-0.566729
1660,5.71646,-0.566729
1661,5.71646,-0.566729
1662,5.71646,-0.566729
1663,5.71646,-0.566729
1664,5.67246,-0.610726
1665,5.67246,-0.610726
1666,5.67246,-0.610726
1667,5.67246,-0.610726
1668,5.67246,-0.610726
1669,5.65439,-0.628796
1670,5.65439,-0.628796
1671,5.65439,-0.628796
1672,5.65439,-0.628796
1673,5.62214,-0.661043
1674,5.62214,-0.661043
1675,5.62214,-0.661043
1676,5.62214,-0.661043
1677,5.62214,-0.661043
1678,5.62214,-0.661043
1679,5.62214,-0.661043
1680,5.62214,-0.661043
1681,5.62214,-0.661043
1682,5.62214,-0.661043
1683,5.76404,-0.519146
1684,5.76404,-0.519146
1685,5.76404,-0.519146
1686,5.87829,-0.404892
1687,5.87829,-0.404892
1688,5.87829,-0.404892
1689,5.92441,-0.358771
1690,5.92441,-0.358771
1691,6.00489,-0.2783
1692,6.00489,-0.2783
1693,6.21662,-0.0665682
1694,6.21662,-0.0665682
1695,6.21662,-0.0665682
1696,6.21662,-0.0665682
1697,6.21662,-0.0665682
1698,6.21662,-0.0665682
1699,6.21662,-0.0665682
1700,6.21662,-0.0665682
1701,6.21662,-0.0665682
1702,6.21662,-0.0665682
1703,6.21662,-0.0665682
1704,6.21662,-0.0665682
1705,6.21662,-0.0665682
1706,6.21662,-0.0665682
1707,6.21662,-0.0665682
1708,6.06452,-0.218669
1709,6.06452,-0.218669
1710,6.06452,-0.218669
1711,6.06452,-0.218669
1712,6.06452,-0.218669
1713,5.74277,-0.54042
1714,5.74277,-0.54042
1715,5.74277,-0.54042
1716,5.74277,-0.54042
1717,5.74277,-0.54042
1718,5.74277,-0.54042
1719,5.74277,-0.54042
1720,5.74277,-0.54042
1721,5.74277,-0.54042
