#Grabcut execution time: 0s 364ms 364862us 
0.0000              105.4804            
1.0000              12.6967             
2.0000              9.5273              
3.0000              8.2825              
4.0000              7.6240              
5.0000              7.4125              
6.0000              7.2905              
7.0000              7.0454              
8.0000              6.7122              
9.0000              6.6538              
10.0000             6.6597              
11.0000             6.6174              
12.0000             6.5456              
13.0000             6.4274              
14.0000             6.4110              
15.0000             6.3559              
16.0000             6.2195              
17.0000             6.2611              
18.0000             6.1306              
19.0000             6.1719              
20.0000             6.1006              
21.0000             6.1219              
22.0000             6.1077              
23.0000             6.0397              
24.0000             6.0919              
25.0000             5.9855              
26.0000             6.0307              
27.0000             6.0524              
28.0000             5.9024              
29.0000             5.8856              
30.0000             5.9176              
31.0000             5.9176              
#Execution time: 19s 19168ms 19168049us 
