n,tangent,t2
0,4.95737,-1.32582
1,4.95737,-1.32582
2,4.95737,-1.32582
3,4.95737,-1.32582
4,4.95737,-1.32582
5,5.11728,-1.1659
6,5.11728,-1.1659
7,5.11728,-1.1659
8,5.23154,-1.05165
9,5.23154,-1.05165
10,5.23154,-1.05165
11,5.43903,-0.844154
12,5.43903,-0.844154
13,5.43903,-0.844154
14,5.43903,-0.844154
15,5.43903,-0.844154
16,5.43903,-0.844154
17,5.43903,-0.844154
18,5.55654,-0.726642
19,5.55654,-0.726642
20,5.55654,-0.726642
21,5.55654,-0.726642
22,5.55654,-0.726642
23,5.55654,-0.726642
24,5.55654,-0.726642
25,5.67246,-0.610726
26,5.67246,-0.610726
27,5.67246,-0.610726
28,5.67246,-0.610726
29,5.67246,-0.610726
30,5.71646,-0.566729
31,5.71646,-0.566729
32,5.71646,-0.566729
33,5.71646,-0.566729
34,5.71646,-0.566729
35,5.71646,-0.566729
36,5.71646,-0.566729
37,5.71646,-0.566729
38,5.71646,-0.566729
39,5.71646,-0.566729
40,5.66294,-0.620249
41,5.66294,-0.620249
42,5.66294,-0.620249
43,5.66294,-0.620249
44,5.66294,-0.620249
45,5.66294,-0.620249
46,5.66294,-0.620249
47,5.66294,-0.620249
48,5.73153,-0.551655
49,5.73153,-0.551655
50,5.73153,-0.551655
51,5.73153,-0.551655
52,5.73153,-0.551655
53,5.73153,-0.551655
54,5.75511,-0.528074
55,5.75511,-0.528074
56,5.75511,-0.528074
57,5.75511,-0.528074
58,5.75511,-0.528074
59,5.75511,-0.528074
60,5.75511,-0.528074
61,5.87829,-0.404892
62,5.87829,-0.404892
63,5.87829,-0.404892
64,6.01693,-0.266252
65,6.01693,-0.266252
66,6.01693,-0.266252
67,6.01693,-0.266252
68,6.01693,-0.266252
69,6.01693,-0.266252
70,6.01693,-0.266252
71,6.01693,-0.266252
72,6.01693,-0.266252
73,6.01693,-0.266252
74,6.01693,-0.266252
75,6.01693,-0.266252
76,6.01693,-0.266252
77,6.01693,-0.266252
78,6.06452,-0.218669
79,6.06452,-0.218669
80,6.06452,-0.218669
81,6.06452,-0.218669
82,6.06452,-0.218669
83,6.06452,-0.218669
84,6.06452,-0.218669
85,6.06452,-0.218669
86,6.06452,-0.218669
87,6.06452,-0.218669
88,6.06452,-0.218669
89,6.17253,-0.110657
90,6.17253,-0.110657
91,6.17253,-0.110657
92,6.17253,-0.110657
93,6.17253,-0.110657
94,6.17253,-0.110657
95,6.17253,-0.110657
96,6.17253,-0.110657
97,6.17253,-0.110657
98,5.99173,-0.291457
99,5.99173,-0.291457
100,5.99173,-0.291457
101,5.99173,-0.291457
102,5.93441,-0.348771
103,5.93441,-0.348771
104,5.93441,-0.348771
105,5.93441,-0.348771
106,5.93441,-0.348771
107,5.93441,-0.348771
108,5.93441,-0.348771
109,5.93441,-0.348771
110,5.93441,-0.348771
111,5.93441,-0.348771
112,6.01693,-0.266252
113,6.01693,-0.266252
114,6.01693,-0.266252
115,6.01693,-0.266252
116,6.01693,-0.266252
117,6.06452,-0.218669
118,6.06452,-0.218669
119,6.2356,-0.0475831
120,6.2356,-0.0475831
121,6.2356,-0.0475831
122,6.2356,-0.0475831
123,6.2356,-0.0475831
124,6.2356,-0.0475831
125,6.2356,-0.0475831
126,6.2356,-0.0475831
127,6.2356,-0.0475831
128,6.2356,-0.0475831
129,6.2356,-0.0475831
130,0.0475831,0.0475831
131,0.0475831,0.0475831
132,0.0475831,0.0475831
133,0.0475831,0.0475831
134,0.0475831,0.0475831
135,0.0475831,0.0475831
136,0.0475831,0.0475831
137,0.0475831,0.0475831
138,0.0475831,0.0475831
139,0.0475831,0.0475831
140,0.2783,0.2783
141,0.2783,0.2783
142,0.358771,0.358771
143,0.358771,0.358771
144,0.404892,0.404892
145,0.404892,0.404892
146,0.404892,0.404892
147,0.519146,0.519146
148,0.519146,0.519146
149,0.519146,0.519146
150,0.558599,0.558599
151,0.558599,0.558599
152,0.558599,0.558599
153,0.620249,0.620249
154,0.620249,0.620249
155,0.755104,0.755104
156,0.755104,0.755104
157,0.755104,0.755104
158,0.755104,0.755104
159,0.755104,0.755104
160,0.755104,0.755104
161,0.755104,0.755104
162,0.755104,0.755104
163,0.755104,0.755104
164,0.755104,0.755104
165,0.755104,0.755104
166,0.755104,0.755104
167,0.755104,0.755104
168,0.755104,0.755104
169,0.755104,0.755104
170,0.815692,0.815692
171,0.815692,0.815692
172,0.815692,0.815692
173,0.815692,0.815692
174,0.815692,0.815692
175,0.815692,0.815692
176,0.815692,0.815692
177,0.815692,0.815692
178,0.815692,0.815692
179,0.815692,0.815692
180,0.815692,0.815692
181,0.815692,0.815692
182,0.815692,0.815692
183,0.815692,0.815692
184,0.815692,0.815692
185,0.950547,0.950547
186,0.950547,0.950547
187,0.950547,0.950547
188,0.950547,0.950547
189,0.950547,0.950547
190,0.950547,0.950547
191,0.950547,0.950547
192,0.86217,0.86217
193,0.86217,0.86217
194,0.86217,0.86217
195,0.86217,0.86217
196,0.86217,0.86217
197,0.86217,0.86217
198,0.86217,0.86217
199,0.86217,0.86217
200,0.86217,0.86217
201,0.86217,0.86217
202,0.86217,0.86217
203,1.05165,1.05165
204,1.05165,1.05165
205,1.05165,1.05165
206,1.1659,1.1659
207,1.1659,1.1659
208,1.1659,1.1659
209,1.54997,1.54997
210,1.54997,1.54997
211,1.54997,1.54997
212,1.54997,1.54997
213,1.54997,1.54997
214,1.54997,1.54997
215,1.54997,1.54997
216,1.54997,1.54997
217,1.54997,1.54997
218,1.54997,1.54997
219,1.54997,1.54997
220,1.54997,1.54997
221,1.54997,1.54997
222,1.54997,1.54997
223,1.54997,1.54997
224,1.54997,1.54997
225,1.54997,1.54997
226,1.54997,1.54997
227,1.54997,1.54997
228,1.54997,1.54997
229,1.54997,1.54997
230,1.54997,1.54997
231,1.54997,1.54997
232,1.54997,1.54997
233,1.54997,1.54997
234,1.54997,1.54997
235,1.54997,1.54997
236,1.54997,1.54997
237,1.54997,1.54997
238,1.54997,1.54997
239,1.54997,1.54997
240,1.54997,1.54997
241,1.54997,1.54997
242,1.54997,1.54997
243,1.54997,1.54997
244,1.54997,1.54997
245,1.54997,1.54997
246,1.54997,1.54997
247,1.54997,1.54997
248,1.54997,1.54997
249,1.54997,1.54997
250,1.54997,1.54997
251,1.54997,1.54997
252,1.54997,1.54997
253,1.54997,1.54997
254,1.54997,1.54997
255,1.54997,1.54997
256,1.54997,1.54997
257,1.35213,1.35213
258,1.35213,1.35213
259,1.35213,1.35213
260,1.30454,1.30454
261,1.30454,1.30454
262,1.30454,1.30454
263,1.30454,1.30454
264,1.21203,1.21203
265,1.21203,1.21203
266,1.1659,1.1659
267,1.1659,1.1659
268,1.1659,1.1659
269,1.1659,1.1659
270,1.1659,1.1659
271,1.1659,1.1659
272,1.1659,1.1659
273,1.52537,1.52537
274,1.52537,1.52537
275,1.52537,1.52537
276,1.52537,1.52537
277,1.52537,1.52537
278,1.52537,1.52537
279,1.52537,1.52537
280,1.52537,1.52537
281,1.52537,1.52537
282,1.52537,1.52537
283,1.52537,1.52537
284,1.52537,1.52537
285,1.52537,1.52537
286,1.52537,1.52537
287,1.52537,1.52537
288,1.52537,1.52537
289,1.52537,1.52537
290,1.52537,1.52537
291,1.52537,1.52537
292,1.52537,1.52537
293,1.52537,1.52537
294,1.52537,1.52537
295,1.52537,1.52537
296,1.52537,1.52537
297,1.52537,1.52537
298,1.52537,1.52537
299,1.6421,1.6421
300,1.6421,1.6421
301,1.6421,1.6421
302,1.6421,1.6421
303,1.6421,1.6421
304,1.6421,1.6421
305,1.6421,1.6421
306,1.6421,1.6421
307,1.6421,1.6421
308,1.6421,1.6421
309,1.49949,1.49949
310,1.49949,1.49949
311,1.49949,1.49949
312,1.49949,1.49949
313,1.49949,1.49949
314,1.49949,1.49949
315,1.49949,1.49949
316,1.2925,1.2925
317,1.2925,1.2925
318,1.2925,1.2925
319,1.2925,1.2925
320,1.2925,1.2925
321,1.53633,1.53633
322,1.53633,1.53633
323,1.53633,1.53633
324,1.53633,1.53633
325,1.53633,1.53633
326,1.53633,1.53633
327,1.53633,1.53633
328,1.53633,1.53633
329,1.53633,1.53633
330,1.53633,1.53633
331,1.53633,1.53633
332,1.53633,1.53633
333,1.53633,1.53633
334,1.53633,1.53633
335,1.53633,1.53633
336,1.53633,1.53633
337,1.53633,1.53633
338,1.53633,1.53633
339,1.53633,1.53633
340,1.53633,1.53633
341,1.53633,1.53633
342,1.53633,1.53633
343,1.53633,1.53633
344,1.53633,1.53633
345,1.53633,1.53633
346,1.53633,1.53633
347,1.53633,1.53633
348,1.53633,1.53633
349,1.53633,1.53633
350,1.39094,1.39094
351,1.39094,1.39094
352,1.39094,1.39094
353,1.39094,1.39094
354,1.39094,1.39094
355,1.39094,1.39094
356,1.39094,1.39094
357,1.52084,1.52084
358,1.52084,1.52084
359,1.52084,1.52084
360,1.52084,1.52084
361,1.52084,1.52084
362,1.52084,1.52084
363,1.52084,1.52084
364,1.52084,1.52084
365,1.52084,1.52084
366,1.52084,1.52084
367,1.52084,1.52084
368,1.52084,1.52084
369,1.52084,1.52084
370,1.52084,1.52084
371,1.52084,1.52084
372,1.52084,1.52084
373,1.52084,1.52084
374,1.52084,1.52084
375,1.52084,1.52084
376,1.52084,1.52084
377,1.43824,1.43824
378,1.43824,1.43824
379,1.43824,1.43824
380,1.43824,1.43824
381,1.43824,1.43824
382,1.43824,1.43824
383,1.43824,1.43824
384,1.43824,1.43824
385,1.43824,1.43824
386,1.48766,1.48766
387,1.48766,1.48766
388,1.48766,1.48766
389,1.48766,1.48766
390,1.48766,1.48766
391,1.48766,1.48766
392,1.48766,1.48766
393,1.48766,1.48766
394,1.48766,1.48766
395,1.48766,1.48766
396,1.48766,1.48766
397,1.48766,1.48766
398,1.38545,1.38545
399,1.38545,1.38545
400,1.38545,1.38545
401,1.38545,1.38545
402,1.38545,1.38545
403,1.38545,1.38545
404,1.3633,1.3633
405,1.3633,1.3633
406,1.3633,1.3633
407,1.3633,1.3633
408,1.3633,1.3633
409,1.3633,1.3633
410,1.3633,1.3633
411,1.3633,1.3633
412,1.3633,1.3633
413,1.3633,1.3633
414,1.3633,1.3633
415,1.3633,1.3633
416,1.3633,1.3633
417,1.3633,1.3633
418,1.3633,1.3633
419,1.3633,1.3633
420,1.3633,1.3633
421,1.2925,1.2925
422,1.2925,1.2925
423,1.2925,1.2925
424,1.2925,1.2925
425,1.2925,1.2925
426,1.48766,1.48766
427,1.48766,1.48766
428,1.48766,1.48766
429,1.48766,1.48766
430,1.48766,1.48766
431,1.48766,1.48766
432,1.65394,1.65394
433,1.65394,1.65394
434,1.65394,1.65394
435,1.65394,1.65394
436,1.65394,1.65394
437,1.65394,1.65394
438,1.78947,1.78947
439,1.78947,1.78947
440,1.78947,1.78947
441,1.78947,1.78947
442,1.78947,1.78947
443,1.78947,1.78947
444,1.61622,1.61622
445,1.61622,1.61622
446,1.61622,1.61622
447,1.61622,1.61622
448,1.61622,1.61622
449,1.61622,1.61622
450,1.61622,1.61622
451,1.61622,1.61622
452,1.61622,1.61622
453,1.61622,1.61622
454,1.61622,1.61622
455,1.61622,1.61622
456,1.61622,1.61622
457,1.61622,1.61622
458,1.61622,1.61622
459,1.61622,1.61622
460,1.61622,1.61622
461,1.61622,1.61622
462,1.61622,1.61622
463,1.61622,1.61622
464,1.61622,1.61622
465,1.61622,1.61622
466,1.75065,1.75065
467,1.75065,1.75065
468,1.75065,1.75065
469,1.75065,1.75065
470,1.75065,1.75065
471,1.75065,1.75065
472,2.00742,2.00742
473,2.00742,2.00742
474,2.00742,2.00742
475,2.00742,2.00742
476,2.00742,2.00742
477,2.00742,2.00742
478,2.00742,2.00742
479,2.00742,2.00742
480,2.00742,2.00742
481,2.06075,2.06075
482,2.06075,2.06075
483,2.06075,2.06075
484,2.06075,2.06075
485,2.06075,2.06075
486,2.06075,2.06075
487,2.06075,2.06075
488,2.06075,2.06075
489,2.06075,2.06075
490,2.1294,2.1294
491,2.1294,2.1294
492,2.1294,2.1294
493,2.1294,2.1294
494,2.1294,2.1294
495,2.1294,2.1294
496,2.1294,2.1294
497,2.1294,2.1294
498,2.07014,2.07014
499,2.07014,2.07014
500,2.07014,2.07014
501,2.07014,2.07014
502,2.07014,2.07014
503,2.07014,2.07014
504,2.07014,2.07014
505,2.07014,2.07014
506,2.07014,2.07014
507,2.07014,2.07014
508,2.07014,2.07014
509,2.07014,2.07014
510,2.07014,2.07014
511,2.07014,2.07014
512,2.1294,2.1294
513,2.1294,2.1294
514,2.1294,2.1294
515,2.1294,2.1294
516,2.1294,2.1294
517,2.1294,2.1294
518,2.1294,2.1294
519,2.1294,2.1294
520,2.1294,2.1294
521,2.1294,2.1294
522,2.1294,2.1294
523,2.1294,2.1294
524,2.1294,2.1294
525,2.1294,2.1294
526,2.1294,2.1294
527,2.1294,2.1294
528,1.83705,1.83705
529,1.83705,1.83705
530,1.83705,1.83705
531,1.83705,1.83705
532,1.83705,1.83705
533,1.83705,1.83705
534,1.83705,1.83705
535,1.83705,1.83705
536,1.83705,1.83705
537,1.83705,1.83705
538,1.83705,1.83705
539,1.83705,1.83705
540,1.83705,1.83705
541,1.97569,1.97569
542,1.97569,1.97569
543,1.97569,1.97569
544,2.08994,2.08994
545,2.08994,2.08994
546,2.08994,2.08994
547,2.08994,2.08994
548,2.08994,2.08994
549,2.08994,2.08994
550,1.8491,1.8491
551,1.8491,1.8491
552,1.8491,1.8491
553,1.8491,1.8491
554,1.60204,1.60204
555,1.60204,1.60204
556,1.60204,1.60204
557,1.60204,1.60204
558,1.60204,1.60204
559,1.60204,1.60204
560,1.60204,1.60204
561,1.60204,1.60204
562,1.60204,1.60204
563,1.60204,1.60204
564,1.60204,1.60204
565,1.60204,1.60204
566,1.60204,1.60204
567,1.60204,1.60204
568,1.60204,1.60204
569,1.60204,1.60204
570,1.53956,1.53956
571,1.53956,1.53956
572,1.53956,1.53956
573,1.53956,1.53956
574,1.53956,1.53956
575,1.53956,1.53956
576,1.53956,1.53956
577,1.53956,1.53956
578,1.53956,1.53956
579,1.53956,1.53956
580,1.53956,1.53956
581,1.53956,1.53956
582,1.53956,1.53956
583,1.53956,1.53956
584,1.53956,1.53956
585,1.53956,1.53956
586,1.50637,1.50637
587,1.50637,1.50637
588,1.50637,1.50637
589,1.50637,1.50637
590,1.50637,1.50637
591,1.50637,1.50637
592,1.50637,1.50637
593,1.50637,1.50637
594,1.50637,1.50637
595,1.50637,1.50637
596,1.50637,1.50637
597,1.50637,1.50637
598,1.50637,1.50637
599,1.50637,1.50637
600,1.50637,1.50637
601,1.50637,1.50637
602,1.50637,1.50637
603,1.50637,1.50637
604,1.50637,1.50637
605,1.50637,1.50637
606,1.50637,1.50637
607,1.50637,1.50637
608,1.50637,1.50637
609,1.65394,1.65394
610,1.65394,1.65394
611,1.65394,1.65394
612,1.65394,1.65394
613,1.65394,1.65394
614,1.65394,1.65394
615,1.75065,1.75065
616,1.75065,1.75065
617,1.75065,1.75065
618,1.78189,1.78189
619,1.78189,1.78189
620,1.78189,1.78189
621,1.78189,1.78189
622,1.78189,1.78189
623,1.78189,1.78189
624,1.83705,1.83705
625,1.83705,1.83705
626,1.86225,1.86225
627,1.86225,1.86225
628,1.86225,1.86225
629,1.86225,1.86225
630,1.86225,1.86225
631,1.86225,1.86225
632,1.86225,1.86225
633,1.86225,1.86225
634,2.08994,2.08994
635,2.08994,2.08994
636,2.08994,2.08994
637,2.08994,2.08994
638,2.08994,2.08994
639,2.08994,2.08994
640,2.08994,2.08994
641,2.08994,2.08994
642,2.08994,2.08994
643,2.08994,2.08994
644,2.08994,2.08994
645,2.2143,2.2143
646,2.2143,2.2143
647,2.53087,2.53087
648,2.53087,2.53087
649,2.53087,2.53087
650,2.53087,2.53087
651,2.53087,2.53087
652,2.53087,2.53087
653,2.53087,2.53087
654,2.57486,2.57486
655,2.57486,2.57486
656,2.57486,2.57486
657,2.57486,2.57486
658,2.57486,2.57486
659,2.57486,2.57486
660,2.57486,2.57486
661,2.76109,2.76109
662,2.76109,2.76109
663,2.76109,2.76109
664,3.5221,-2.76109
665,3.5221,-2.76109
666,3.5221,-2.76109
667,3.68201,-2.60117
668,3.78509,-2.49809
669,3.78509,-2.49809
670,4.06889,-2.2143
671,4.06889,-2.2143
672,4.39064,-1.89255
673,4.39064,-1.89255
674,4.39064,-1.89255
675,4.01765,-2.26553
676,4.01765,-2.26553
677,4.01765,-2.26553
678,4.01765,-2.26553
679,4.01765,-2.26553
680,4.01765,-2.26553
681,4.01765,-2.26553
682,4.01765,-2.26553
683,4.01765,-2.26553
684,4.39064,-1.89255
685,4.39064,-1.89255
686,4.39064,-1.89255
687,3.60524,-2.67795
688,3.60524,-2.67795
689,4.39064,-1.89255
690,4.39064,-1.89255
691,4.39064,-1.89255
692,4.12439,-2.1588
693,4.12439,-2.1588
694,4.12439,-2.1588
695,4.39064,-1.89255
696,4.39064,-1.89255
697,4.39064,-1.89255
698,4.06889,-2.2143
699,4.06889,-2.2143
700,4.06889,-2.2143
701,4.06889,-2.2143
702,4.06889,-2.2143
703,4.19324,-2.08994
704,4.19324,-2.08994
705,4.19324,-2.08994
706,4.3075,-1.97569
707,4.3075,-1.97569
708,4.3075,-1.97569
709,4.35362,-1.92957
710,4.35362,-1.92957
711,4.44614,-1.83705
712,4.44614,-1.83705
713,4.44614,-1.83705
714,4.44614,-1.83705
715,4.44614,-1.83705
716,4.5013,-1.78189
717,4.5013,-1.78189
718,4.5013,-1.78189
719,4.5013,-1.78189
720,4.5013,-1.78189
721,4.53254,-1.75065
722,4.53254,-1.75065
723,4.53254,-1.75065
724,4.58803,-1.69515
725,4.58803,-1.69515
726,4.58803,-1.69515
727,4.58803,-1.69515
728,4.58803,-1.69515
729,4.58803,-1.69515
730,4.58803,-1.69515
731,4.58803,-1.69515
732,4.12439,-2.1588
733,4.12439,-2.1588
734,4.12439,-2.1588
735,4.43409,-1.8491
736,4.43409,-1.8491
737,4.43409,-1.8491
738,4.43409,-1.8491
739,4.59528,-1.68791
740,4.59528,-1.68791
741,4.59528,-1.68791
742,4.59528,-1.68791
743,4.59528,-1.68791
744,4.59528,-1.68791
745,4.59528,-1.68791
746,4.59528,-1.68791
747,4.59528,-1.68791
748,4.66481,-1.61838
749,4.66481,-1.61838
750,4.66481,-1.61838
751,4.66481,-1.61838
752,4.66481,-1.61838
753,4.66481,-1.61838
754,4.66481,-1.61838
755,4.66481,-1.61838
756,4.66481,-1.61838
757,4.66481,-1.61838
758,4.66481,-1.61838
759,4.66481,-1.61838
760,4.66481,-1.61838
761,4.66481,-1.61838
762,4.66481,-1.61838
763,4.66481,-1.61838
764,4.66481,-1.61838
765,4.66481,-1.61838
766,4.66481,-1.61838
767,4.66481,-1.61838
768,4.66481,-1.61838
769,4.52704,-1.75614
770,4.52704,-1.75614
771,4.52704,-1.75614
772,4.52704,-1.75614
773,4.52704,-1.75614
774,4.52704,-1.75614
775,4.52704,-1.75614
776,4.52704,-1.75614
777,4.52704,-1.75614
778,4.52704,-1.75614
779,4.52704,-1.75614
780,4.52704,-1.75614
781,4.43409,-1.8491
782,4.43409,-1.8491
783,4.35362,-1.92957
784,4.35362,-1.92957
785,4.29416,-1.98902
786,4.29416,-1.98902
787,4.29416,-1.98902
788,4.29416,-1.98902
789,4.29416,-1.98902
790,4.20529,-2.07789
791,4.20529,-2.07789
792,4.20529,-2.07789
793,4.20529,-2.07789
794,4.00376,-2.27942
795,4.00376,-2.27942
796,4.00376,-2.27942
797,4.00376,-2.27942
798,4.00376,-2.27942
799,3.85022,-2.43297
800,3.85022,-2.43297
801,3.85022,-2.43297
802,3.85022,-2.43297
803,3.85022,-2.43297
804,3.80264,-2.48055
805,3.80264,-2.48055
806,3.80264,-2.48055
807,3.80264,-2.48055
808,3.77039,-2.5128
809,3.77039,-2.5128
810,3.77039,-2.5128
811,3.77039,-2.5128
812,3.77039,-2.5128
813,3.77039,-2.5128
814,3.70019,-2.58299
815,3.70019,-2.58299
816,3.64869,-2.63449
817,3.64869,-2.63449
818,3.64869,-2.63449
819,3.64869,-2.63449
820,3.64869,-2.63449
821,3.64869,-2.63449
822,3.64869,-2.63449
823,3.64869,-2.63449
824,3.64869,-2.63449
825,3.64869,-2.63449
826,3.64869,-2.63449
827,3.70019,-2.58299
828,3.70019,-2.58299
829,3.70019,-2.58299
830,3.76184,-2.52134
831,3.76184,-2.52134
832,3.87441,-2.40878
833,3.87441,-2.40878
834,3.87441,-2.40878
835,3.87441,-2.40878
836,3.87441,-2.40878
837,3.87441,-2.40878
838,3.87441,-2.40878
839,3.87441,-2.40878
840,3.97957,-2.30361
841,3.97957,-2.30361
842,3.97957,-2.30361
843,3.97957,-2.30361
844,3.97957,-2.30361
845,3.97957,-2.30361
846,3.97957,-2.30361
847,3.97957,-2.30361
848,4.05135,-2.23184
849,4.05135,-2.23184
850,4.05135,-2.23184
851,4.05135,-2.23184
852,4.08359,-2.19959
853,4.08359,-2.19959
854,4.08359,-2.19959
855,4.08359,-2.19959
856,4.08359,-2.19959
857,4.08359,-2.19959
858,4.15379,-2.1294
859,4.15379,-2.1294
860,4.15379,-2.1294
861,4.15379,-2.1294
862,4.29416,-1.98902
863,4.29416,-1.98902
864,4.29416,-1.98902
865,4.29416,-1.98902
866,4.29416,-1.98902
867,4.29416,-1.98902
868,4.29416,-1.98902
869,4.29416,-1.98902
870,4.29416,-1.98902
871,4.20529,-2.07789
872,4.20529,-2.07789
873,4.20529,-2.07789
874,4.20529,-2.07789
875,4.20529,-2.07789
876,4.20529,-2.07789
877,4.20529,-2.07789
878,4.46741,-1.81577
879,4.46741,-1.81577
880,4.46741,-1.81577
881,4.46741,-1.81577
882,4.12439,-2.1588
883,4.12439,-2.1588
884,4.12439,-2.1588
885,4.12439,-2.1588
886,5.17604,-1.10715
887,5.17604,-1.10715
888,5.17604,-1.10715
889,4.62925,-1.65394
890,4.62925,-1.65394
891,4.62925,-1.65394
892,4.62925,-1.65394
893,4.62925,-1.65394
894,4.62925,-1.65394
895,4.62925,-1.65394
896,4.62925,-1.65394
897,4.62925,-1.65394
898,4.62925,-1.65394
899,4.62925,-1.65394
900,4.62925,-1.65394
901,4.62925,-1.65394
902,4.5013,-1.78189
903,4.5013,-1.78189
904,4.5013,-1.78189
905,4.5013,-1.78189
906,4.5013,-1.78189
907,4.5013,-1.78189
908,4.5013,-1.78189
909,4.5013,-1.78189
910,4.5013,-1.78189
911,4.53772,-1.74547
912,4.53772,-1.74547
913,4.53772,-1.74547
914,4.53772,-1.74547
915,4.53772,-1.74547
916,4.53772,-1.74547
917,4.53772,-1.74547
918,4.55974,-1.72345
919,4.55974,-1.72345
920,4.55974,-1.72345
921,4.64997,-1.63322
922,4.64997,-1.63322
923,4.64997,-1.63322
924,4.64997,-1.63322
925,4.64997,-1.63322
926,4.64997,-1.63322
927,4.64997,-1.63322
928,4.64997,-1.63322
929,4.64997,-1.63322
930,4.64997,-1.63322
931,4.64997,-1.63322
932,4.64997,-1.63322
933,4.64997,-1.63322
934,4.64997,-1.63322
935,4.64997,-1.63322
936,4.64997,-1.63322
937,4.43409,-1.8491
938,4.43409,-1.8491
939,4.35362,-1.92957
940,4.35362,-1.92957
941,4.3075,-1.97569
942,4.3075,-1.97569
943,4.3075,-1.97569
944,4.3075,-1.97569
945,4.3075,-1.97569
946,4.3075,-1.97569
947,4.3075,-1.97569
948,4.3075,-1.97569
949,4.3075,-1.97569
950,4.3075,-1.97569
951,4.17197,-2.11122
952,4.17197,-2.11122
953,4.17197,-2.11122
954,4.17197,-2.11122
955,4.17197,-2.11122
956,4.35362,-1.92957
957,4.35362,-1.92957
958,4.35362,-1.92957
959,4.43409,-1.8491
960,4.43409,-1.8491
961,4.68115,-1.60204
962,4.68115,-1.60204
963,4.68115,-1.60204
964,4.68115,-1.60204
965,4.68115,-1.60204
966,4.68115,-1.60204
967,4.68115,-1.60204
968,4.68115,-1.60204
969,4.68115,-1.60204
970,4.68115,-1.60204
971,4.68115,-1.60204
972,4.68115,-1.60204
973,4.68115,-1.60204
974,4.68115,-1.60204
975,4.68115,-1.60204
976,4.68115,-1.60204
977,4.68115,-1.60204
978,4.68115,-1.60204
979,4.68115,-1.60204
980,4.68115,-1.60204
981,4.68115,-1.60204
982,4.68115,-1.60204
983,4.68115,-1.60204
984,4.68115,-1.60204
985,4.68115,-1.60204
986,4.68115,-1.60204
987,4.68115,-1.60204
988,4.68115,-1.60204
989,4.68115,-1.60204
990,4.68115,-1.60204
991,4.68115,-1.60204
992,4.68115,-1.60204
993,4.59528,-1.68791
994,4.59528,-1.68791
995,4.59528,-1.68791
996,4.59528,-1.68791
997,4.59528,-1.68791
998,4.59528,-1.68791
999,4.59528,-1.68791
1000,4.59528,-1.68791
1001,4.59528,-1.68791
1002,4.55974,-1.72345
1003,4.55974,-1.72345
1004,4.55974,-1.72345
1005,4.55974,-1.72345
1006,4.55974,-1.72345
1007,4.55974,-1.72345
1008,4.55974,-1.72345
1009,4.33188,-1.9513
1010,4.33188,-1.9513
1011,4.33188,-1.9513
1012,4.33188,-1.9513
1013,4.33188,-1.9513
1014,4.33188,-1.9513
1015,4.33188,-1.9513
1016,4.33188,-1.9513
1017,4.33188,-1.9513
1018,4.33188,-1.9513
1019,4.33188,-1.9513
1020,4.49372,-1.78947
1021,4.49372,-1.78947
1022,4.49372,-1.78947
1023,4.49372,-1.78947
1024,4.49372,-1.78947
1025,4.61272,-1.67046
1026,4.61272,-1.67046
1027,4.61272,-1.67046
1028,4.61272,-1.67046
1029,4.61272,-1.67046
1030,4.61272,-1.67046
1031,4.61272,-1.67046
1032,4.61272,-1.67046
1033,4.61272,-1.67046
1034,4.61272,-1.67046
1035,4.61272,-1.67046
1036,4.61272,-1.67046
1037,4.61272,-1.67046
1038,4.61272,-1.67046
1039,4.61272,-1.67046
1040,4.75403,-1.52915
1041,4.75403,-1.52915
1042,4.75403,-1.52915
1043,4.75403,-1.52915
1044,4.75403,-1.52915
1045,4.75403,-1.52915
1046,4.75403,-1.52915
1047,4.75403,-1.52915
1048,4.75403,-1.52915
1049,4.75403,-1.52915
1050,4.75403,-1.52915
1051,4.75403,-1.52915
1052,4.75403,-1.52915
1053,4.75403,-1.52915
1054,4.75403,-1.52915
1055,4.75403,-1.52915
1056,4.67075,-1.61244
1057,4.67075,-1.61244
1058,4.67075,-1.61244
1059,4.67075,-1.61244
1060,4.67075,-1.61244
1061,4.67075,-1.61244
1062,4.67075,-1.61244
1063,4.67075,-1.61244
1064,4.67075,-1.61244
1065,4.67075,-1.61244
1066,4.67075,-1.61244
1067,4.67075,-1.61244
1068,4.55974,-1.72345
1069,4.55974,-1.72345
1070,4.55974,-1.72345
1071,4.55974,-1.72345
1072,4.55974,-1.72345
1073,4.55974,-1.72345
1074,4.55974,-1.72345
1075,4.55974,-1.72345
1076,4.62173,-1.66146
1077,4.62173,-1.66146
1078,4.62173,-1.66146
1079,4.62173,-1.66146
1080,4.62173,-1.66146
1081,4.62173,-1.66146
1082,4.62173,-1.66146
1083,4.62173,-1.66146
1084,4.62173,-1.66146
1085,4.62173,-1.66146
1086,4.62173,-1.66146
1087,4.60751,-1.67567
1088,4.60751,-1.67567
1089,4.60751,-1.67567
1090,4.60751,-1.67567
1091,4.60751,-1.67567
1092,4.60751,-1.67567
1093,4.60751,-1.67567
1094,4.60751,-1.67567
1095,4.60751,-1.67567
1096,4.60751,-1.67567
1097,4.60751,-1.67567
1098,4.60751,-1.67567
1099,4.60751,-1.67567
1100,4.60751,-1.67567
1101,4.60751,-1.67567
1102,4.60751,-1.67567
1103,4.60751,-1.67567
1104,4.60751,-1.67567
1105,4.60751,-1.67567
1106,4.60751,-1.67567
1107,4.60751,-1.67567
1108,4.53254,-1.75065
1109,4.53254,-1.75065
1110,4.53254,-1.75065
1111,4.53254,-1.75065
1112,4.53254,-1.75065
1113,4.53254,-1.75065
1114,4.53254,-1.75065
1115,4.59528,-1.68791
1116,4.59528,-1.68791
1117,4.59528,-1.68791
1118,4.59528,-1.68791
1119,4.59528,-1.68791
1120,4.59528,-1.68791
1121,4.59528,-1.68791
1122,4.59528,-1.68791
1123,4.59528,-1.68791
1124,4.66697,-1.61622
1125,4.66697,-1.61622
1126,4.66697,-1.61622
1127,4.66697,-1.61622
1128,4.66697,-1.61622
1129,4.66697,-1.61622
1130,4.66697,-1.61622
1131,4.66697,-1.61622
1132,4.66697,-1.61622
1133,4.66697,-1.61622
1134,4.66697,-1.61622
1135,4.66697,-1.61622
1136,4.66697,-1.61622
1137,4.66697,-1.61622
1138,4.66697,-1.61622
1139,4.66697,-1.61622
1140,4.66697,-1.61622
1141,4.66697,-1.61622
1142,4.66697,-1.61622
1143,4.66697,-1.61622
1144,4.66697,-1.61622
1145,4.66697,-1.61622
