#Grabcut execution time: 0s 504ms 504718us 
0.0000              45.9883             
1.0000              27.7482             
2.0000              26.2469             
3.0000              26.4937             
4.0000              26.7844             
5.0000              27.0370             
6.0000              27.0221             
7.0000              26.8811             
8.0000              26.8860             
9.0000              27.3255             
10.0000             26.8729             
11.0000             27.3632             
12.0000             27.1384             
13.0000             27.3967             
14.0000             27.0780             
15.0000             27.0798             
16.0000             26.9778             
17.0000             27.0194             
18.0000             27.0893             
19.0000             26.8165             
20.0000             26.9587             
21.0000             27.2507             
22.0000             27.0613             
23.0000             27.2132             
24.0000             27.1815             
25.0000             26.8873             
26.0000             27.2077             
27.0000             27.3418             
28.0000             27.0305             
29.0000             26.9384             
30.0000             27.0989             
31.0000             27.0989             
#Execution time: 180s 180085ms 180085165us 
