#Grabcut execution time: 0s 359ms 359368us 
0.0000              57.6878             
1.0000              4.8377              
2.0000              3.1368              
3.0000              2.6646              
4.0000              2.3520              
5.0000              2.1104              
6.0000              1.8965              
7.0000              1.7413              
8.0000              1.6013              
9.0000              1.4973              
10.0000             1.3853              
11.0000             1.3150              
12.0000             1.1704              
13.0000             1.1195              
14.0000             1.0982              
15.0000             1.0474              
16.0000             1.0262              
17.0000             0.9950              
18.0000             0.9824              
19.0000             0.9614              
20.0000             0.9458              
21.0000             0.9458              
22.0000             0.8899              
23.0000             0.8709              
24.0000             0.8621              
25.0000             0.8341              
26.0000             0.8275              
27.0000             0.8004              
28.0000             0.7682              
29.0000             0.7423              
30.0000             0.7268              
31.0000             0.7268              
#Execution time: 71s 71543ms 71543061us 
