#Grabcut execution time: 0s 345ms 345233us 
0.0000              719.5371            
1.0000              263.5401            
2.0000              247.9381            
3.0000              244.0609            
4.0000              239.3476            
5.0000              239.0925            
6.0000              238.1128            
7.0000              237.1448            
8.0000              236.4852            
9.0000              236.0722            
10.0000             235.1729            
11.0000             235.0576            
12.0000             234.9116            
13.0000             235.5714            
14.0000             235.1454            
15.0000             234.9030            
16.0000             235.6636            
17.0000             235.9865            
18.0000             236.1205            
19.0000             235.3037            
20.0000             235.4346            
21.0000             235.5039            
22.0000             235.1976            
23.0000             235.4498            
24.0000             235.1889            
25.0000             235.3943            
26.0000             234.9424            
27.0000             235.0960            
28.0000             235.2992            
29.0000             235.2590            
30.0000             234.9975            
31.0000             234.9975            
#Execution time: 38s 38357ms 38357655us 
