#Grabcut execution time: 0s 344ms 344259us 
0.0000              70.4989             
1.0000              41.7389             
2.0000              40.1416             
3.0000              39.7588             
4.0000              39.7500             
5.0000              39.3292             
6.0000              39.4998             
7.0000              39.3144             
8.0000              39.2609             
9.0000              39.4098             
10.0000             39.3965             
11.0000             39.4770             
12.0000             39.4473             
13.0000             39.4700             
14.0000             39.5820             
15.0000             39.4853             
16.0000             39.4204             
17.0000             39.6080             
18.0000             39.5428             
19.0000             39.5257             
20.0000             39.6344             
21.0000             39.5917             
22.0000             39.5437             
23.0000             39.6277             
24.0000             39.6255             
25.0000             39.5514             
26.0000             39.6748             
27.0000             39.6407             
28.0000             39.5738             
29.0000             39.6827             
30.0000             39.6543             
31.0000             39.6543             
#Execution time: 32s 32834ms 32834187us 
