#Grabcut execution time: 0s 345ms 345732us 
0.0000              102.8101            
1.0000              102.8101            
2.0000              102.4675            
3.0000              102.5019            
4.0000              102.4833            
5.0000              102.6772            
6.0000              102.9016            
7.0000              103.0222            
8.0000              103.1513            
9.0000              103.2611            
10.0000             103.3716            
11.0000             103.4944            
12.0000             103.5880            
13.0000             103.6823            
14.0000             103.7759            
15.0000             103.8711            
16.0000             103.9562            
17.0000             104.0593            
18.0000             104.1433            
19.0000             104.2230            
20.0000             104.2930            
21.0000             104.3589            
22.0000             104.4232            
23.0000             104.5087            
24.0000             104.5874            
25.0000             104.6528            
26.0000             104.7172            
27.0000             104.7863            
28.0000             104.8430            
29.0000             104.8967            
30.0000             104.9524            
31.0000             104.9524            
#Execution time: 55s 55174ms 55174958us 
