#Grabcut execution time: 0s 335ms 335245us 
0.0000              719.5371            
1.0000              274.1705            
2.0000              259.8570            
3.0000              253.3172            
4.0000              248.4447            
5.0000              245.4957            
6.0000              243.9590            
7.0000              242.4629            
8.0000              241.7452            
9.0000              240.5600            
10.0000             239.1211            
11.0000             238.4950            
12.0000             238.1075            
13.0000             237.9732            
14.0000             237.8755            
15.0000             238.2074            
16.0000             237.9298            
17.0000             237.6375            
18.0000             237.5530            
19.0000             237.4347            
20.0000             237.2894            
21.0000             237.6899            
22.0000             237.9645            
23.0000             238.0032            
24.0000             237.8125            
25.0000             237.9453            
26.0000             237.9184            
27.0000             237.9128            
28.0000             237.9209            
29.0000             237.8369            
30.0000             237.8248            
31.0000             237.8248            
#Execution time: 11s 11192ms 11192883us 
