#Grabcut execution time: 0s 343ms 343939us 
0.0000              308.3769            
1.0000              130.6534            
2.0000              125.5408            
3.0000              122.2845            
4.0000              120.9166            
5.0000              119.8561            
6.0000              119.1598            
7.0000              118.8175            
8.0000              118.0426            
9.0000              117.4657            
10.0000             117.6803            
11.0000             117.5292            
12.0000             117.2533            
13.0000             117.3224            
14.0000             117.2248            
15.0000             117.1627            
16.0000             117.2691            
17.0000             117.1740            
18.0000             117.1114            
19.0000             117.1541            
20.0000             116.9746            
21.0000             116.8823            
22.0000             116.8970            
23.0000             116.8887            
24.0000             117.0083            
25.0000             116.9287            
26.0000             116.6688            
27.0000             116.7682            
28.0000             116.7722            
29.0000             116.7734            
30.0000             116.8606            
31.0000             116.8606            
#Execution time: 11s 11180ms 11180311us 
