#Grabcut execution time: 0s 348ms 348496us 
0.0000              104.3864            
1.0000              44.6102             
2.0000              41.8498             
3.0000              41.1002             
4.0000              40.7098             
5.0000              40.5512             
6.0000              40.4449             
7.0000              40.4535             
8.0000              40.4948             
9.0000              40.4903             
10.0000             40.4901             
11.0000             40.4554             
12.0000             40.4855             
13.0000             40.6337             
14.0000             40.6731             
15.0000             40.7462             
16.0000             40.8156             
17.0000             40.8788             
18.0000             40.8531             
19.0000             40.8871             
20.0000             40.9001             
21.0000             40.8861             
22.0000             40.8238             
23.0000             40.8290             
24.0000             40.8738             
25.0000             41.0585             
26.0000             40.9718             
27.0000             40.9707             
28.0000             41.0764             
29.0000             41.1394             
30.0000             41.0885             
31.0000             41.0885             
#Execution time: 16s 16426ms 16426718us 
