#Grabcut execution time: 0s 351ms 351180us 
0.0000              69.0363             
1.0000              64.8199             
2.0000              65.0512             
3.0000              65.1345             
4.0000              65.5026             
5.0000              65.9212             
6.0000              66.0056             
7.0000              66.0037             
8.0000              66.0037             
9.0000              66.0037             
10.0000             66.0037             
11.0000             66.0037             
12.0000             66.0037             
13.0000             66.0037             
14.0000             66.0037             
15.0000             66.0037             
16.0000             66.0037             
17.0000             66.0037             
18.0000             66.0037             
19.0000             66.0037             
20.0000             66.0037             
21.0000             66.0037             
22.0000             66.0037             
23.0000             66.0037             
24.0000             66.0037             
25.0000             66.0037             
26.0000             66.0037             
27.0000             66.0037             
28.0000             66.0037             
29.0000             66.0037             
30.0000             66.0037             
31.0000             66.0037             
#Execution time: 47s 47131ms 47131821us 
