#Grabcut execution time: 0s 416ms 416934us 
0.0000              25.7181             
1.0000              26.7742             
2.0000              26.7268             
3.0000              26.9502             
4.0000              27.1146             
5.0000              27.2449             
6.0000              27.3900             
7.0000              27.5301             
8.0000              27.5111             
9.0000              27.5018             
10.0000             27.5017             
11.0000             27.5017             
12.0000             27.5017             
13.0000             27.5017             
14.0000             27.5017             
15.0000             27.5017             
16.0000             27.5017             
17.0000             27.5017             
18.0000             27.5017             
19.0000             27.5017             
20.0000             27.5017             
21.0000             27.5017             
22.0000             27.5017             
23.0000             27.5017             
24.0000             27.5017             
25.0000             27.5017             
26.0000             27.5017             
27.0000             27.5017             
28.0000             27.5017             
29.0000             27.5017             
30.0000             27.5017             
31.0000             27.5017             
#Execution time: 101s 101819ms 101819971us 
