#Grabcut execution time: 0s 344ms 344839us 
0.0000              103.0531            
1.0000              9.3273              
2.0000              6.9305              
3.0000              5.8073              
4.0000              5.4389              
5.0000              5.0788              
6.0000              4.8025              
7.0000              4.8193              
8.0000              4.8442              
9.0000              4.6330              
10.0000             4.6276              
11.0000             4.7130              
12.0000             4.6253              
13.0000             4.5935              
14.0000             4.4640              
15.0000             4.4450              
16.0000             4.4511              
17.0000             4.5141              
18.0000             4.4040              
19.0000             4.4214              
20.0000             4.4914              
21.0000             4.3743              
22.0000             4.3887              
23.0000             4.4006              
24.0000             4.4364              
25.0000             4.4150              
26.0000             4.3533              
27.0000             4.4015              
28.0000             4.3786              
29.0000             4.4234              
30.0000             4.3322              
31.0000             4.3322              
#Execution time: 33s 33874ms 33874300us 
