n,tangent,t2
0,4.89224,-1.39094
1,4.89224,-1.39094
2,4.89224,-1.39094
3,4.89224,-1.39094
4,4.89224,-1.39094
5,4.89224,-1.39094
6,4.89224,-1.39094
7,4.89224,-1.39094
8,4.89224,-1.39094
9,4.89224,-1.39094
10,4.89224,-1.39094
11,4.89224,-1.39094
12,4.89224,-1.39094
13,5.32311,-0.96007
14,5.32311,-0.96007
15,5.32311,-0.96007
16,5.32311,-0.96007
17,5.32311,-0.96007
18,5.32311,-0.96007
19,5.32311,-0.96007
20,5.32311,-0.96007
21,5.32311,-0.96007
22,5.32311,-0.96007
23,5.37343,-0.909753
24,5.37343,-0.909753
25,5.37343,-0.909753
26,5.37343,-0.909753
27,5.37343,-0.909753
28,5.37343,-0.909753
29,5.37343,-0.909753
30,5.37343,-0.909753
31,5.37343,-0.909753
32,5.37343,-0.909753
33,5.37343,-0.909753
34,5.34119,-0.942
35,5.34119,-0.942
36,5.34119,-0.942
37,5.34119,-0.942
38,5.34119,-0.942
39,5.34119,-0.942
40,5.34119,-0.942
41,5.34119,-0.942
42,5.34119,-0.942
43,5.34119,-0.942
44,5.43122,-0.851966
45,5.43122,-0.851966
46,5.43122,-0.851966
47,5.43122,-0.851966
48,5.43122,-0.851966
49,5.43122,-0.851966
50,5.56436,-0.71883
51,5.56436,-0.71883
52,5.56436,-0.71883
53,5.56436,-0.71883
54,5.56436,-0.71883
55,5.56436,-0.71883
56,5.66294,-0.620249
57,5.66294,-0.620249
58,5.66294,-0.620249
59,5.66294,-0.620249
60,5.66294,-0.620249
61,5.96143,-0.321751
62,5.96143,-0.321751
63,5.96143,-0.321751
64,5.96143,-0.321751
65,5.96143,-0.321751
66,0.463648,0.463648
67,0.463648,0.463648
68,5.81954,-0.463648
69,5.81954,-0.463648
70,5.81954,-0.463648
71,0.244979,0.244979
72,0.244979,0.244979
73,0.244979,0.244979
74,0.244979,0.244979
75,0.244979,0.244979
76,0.244979,0.244979
77,0.244979,0.244979
78,0.244979,0.244979
79,0.244979,0.244979
80,6.03821,-0.244979
81,6.03821,-0.244979
82,5.87829,-0.404892
83,5.87829,-0.404892
84,5.87829,-0.404892
85,5.76404,-0.519146
86,5.76404,-0.519146
87,5.76404,-0.519146
88,5.66294,-0.620249
89,5.66294,-0.620249
90,5.66294,-0.620249
91,5.66294,-0.620249
92,5.66294,-0.620249
93,5.66294,-0.620249
94,5.66294,-0.620249
95,5.66294,-0.620249
96,5.66294,-0.620249
97,5.66294,-0.620249
98,5.96143,-0.321751
99,5.96143,-0.321751
100,5.96143,-0.321751
101,5.77609,-0.507099
102,5.77609,-0.507099
103,5.77609,-0.507099
104,5.77609,-0.507099
105,5.77609,-0.507099
106,5.77609,-0.507099
107,5.77609,-0.507099
108,5.77609,-0.507099
109,5.86496,-0.418224
110,5.86496,-0.418224
111,5.86496,-0.418224
112,5.86496,-0.418224
113,6.11804,-0.165149
114,6.11804,-0.165149
115,6.11804,-0.165149
116,0.165149,0.165149
117,0.165149,0.165149
118,0.165149,0.165149
119,0.404892,0.404892
120,0.404892,0.404892
121,0.404892,0.404892
122,0.519146,0.519146
123,0.519146,0.519146
124,0.519146,0.519146
125,0.674741,0.674741
126,0.674741,0.674741
127,0.674741,0.674741
128,0.896055,0.896055
129,0.896055,0.896055
130,0.896055,0.896055
131,1.03038,1.03038
132,1.03038,1.03038
133,1.19029,1.19029
134,1.41815,1.41815
135,1.41815,1.41815
136,1.41815,1.41815
137,1.41815,1.41815
138,1.41815,1.41815
139,1.41815,1.41815
140,1.41815,1.41815
141,1.53956,1.53956
142,1.53956,1.53956
143,1.53956,1.53956
144,1.53956,1.53956
145,1.53956,1.53956
146,1.53956,1.53956
147,1.53956,1.53956
148,1.53956,1.53956
149,1.53956,1.53956
150,1.53956,1.53956
151,1.53956,1.53956
152,1.53956,1.53956
153,1.53956,1.53956
154,1.53956,1.53956
155,1.53956,1.53956
156,1.53956,1.53956
157,1.53956,1.53956
158,1.53956,1.53956
159,1.53956,1.53956
160,1.53956,1.53956
161,1.53956,1.53956
162,1.53956,1.53956
163,1.53956,1.53956
164,1.53956,1.53956
165,1.53956,1.53956
166,1.53956,1.53956
167,1.53956,1.53956
168,1.53956,1.53956
169,1.53956,1.53956
170,1.53956,1.53956
171,1.53956,1.53956
172,1.53956,1.53956
173,0.982794,0.982794
174,0.982794,0.982794
175,0.982794,0.982794
176,1.40565,1.40565
177,1.40565,1.40565
178,1.40565,1.40565
179,1.62955,1.62955
180,1.62955,1.62955
181,1.62955,1.62955
182,1.62955,1.62955
183,1.62955,1.62955
184,1.62955,1.62955
185,1.62955,1.62955
186,1.62955,1.62955
187,1.62955,1.62955
188,1.62955,1.62955
189,1.62955,1.62955
190,1.62955,1.62955
191,1.62955,1.62955
192,1.52321,1.52321
193,1.52321,1.52321
194,1.52321,1.52321
195,1.52321,1.52321
196,1.52321,1.52321
197,1.52321,1.52321
198,1.52321,1.52321
199,1.52321,1.52321
200,1.52321,1.52321
201,1.52321,1.52321
202,1.52321,1.52321
203,1.52321,1.52321
204,1.52321,1.52321
205,1.52321,1.52321
206,1.52321,1.52321
207,1.52321,1.52321
208,1.52321,1.52321
209,1.52321,1.52321
210,1.52321,1.52321
211,1.52321,1.52321
212,1.52321,1.52321
213,1.52321,1.52321
214,1.52321,1.52321
215,1.52321,1.52321
216,1.52321,1.52321
217,1.52321,1.52321
218,1.52321,1.52321
219,1.52321,1.52321
220,1.52321,1.52321
221,1.52321,1.52321
222,1.43824,1.43824
223,1.43824,1.43824
224,1.43824,1.43824
225,1.43824,1.43824
226,1.43824,1.43824
227,1.43824,1.43824
228,1.43824,1.43824
229,1.43824,1.43824
230,1.43824,1.43824
231,1.47113,1.47113
232,1.47113,1.47113
233,1.47113,1.47113
234,1.47113,1.47113
235,1.47113,1.47113
236,1.47113,1.47113
237,1.47113,1.47113
238,1.47113,1.47113
239,1.47113,1.47113
240,1.47113,1.47113
241,1.47113,1.47113
242,1.47113,1.47113
243,1.47113,1.47113
244,1.47113,1.47113
245,1.47113,1.47113
246,1.47113,1.47113
247,1.67046,1.67046
248,1.67046,1.67046
249,1.67046,1.67046
250,1.67046,1.67046
251,1.67046,1.67046
252,2.11122,2.11122
253,2.11122,2.11122
254,2.11122,2.11122
255,2.11122,2.11122
256,2.11122,2.11122
257,2.11122,2.11122
258,2.11122,2.11122
259,2.11122,2.11122
260,2.49809,2.49809
261,2.49809,2.49809
262,2.49809,2.49809
263,2.49809,2.49809
264,2.49809,2.49809
265,2.49809,2.49809
266,2.49809,2.49809
267,2.86329,2.86329
268,2.86329,2.86329
269,2.86329,2.86329
270,2.86329,2.86329
271,3.09401,3.09401
272,3.09401,3.09401
273,3.09401,3.09401
274,3.09401,3.09401
275,3.09401,3.09401
276,3.09401,3.09401
277,3.09401,3.09401
278,3.09401,3.09401
279,3.09401,3.09401
280,3.09401,3.09401
281,3.09401,3.09401
282,3.18004,-3.10315
283,3.18004,-3.10315
284,3.18004,-3.10315
285,3.18004,-3.10315
286,3.18004,-3.10315
287,3.18004,-3.10315
288,3.18004,-3.10315
289,3.18004,-3.10315
290,3.18004,-3.10315
291,3.18004,-3.10315
292,3.18004,-3.10315
293,3.18004,-3.10315
294,3.18004,-3.10315
295,3.18004,-3.10315
296,3.18004,-3.10315
297,3.18004,-3.10315
298,3.18004,-3.10315
299,3.18004,-3.10315
300,3.18004,-3.10315
301,3.18004,-3.10315
302,3.18004,-3.10315
303,3.18004,-3.10315
304,3.18004,-3.10315
305,3.18004,-3.10315
306,3.18004,-3.10315
307,3.18004,-3.10315
308,3.18004,-3.10315
309,3.18004,-3.10315
310,3.18004,-3.10315
311,3.18004,-3.10315
312,3.18004,-3.10315
313,3.18004,-3.10315
314,3.18004,-3.10315
315,3.18004,-3.10315
316,3.18004,-3.10315
317,3.18004,-3.10315
318,3.18004,-3.10315
319,3.44009,-2.84309
320,3.44009,-2.84309
321,3.44009,-2.84309
322,3.44009,-2.84309
323,3.44009,-2.84309
324,3.44009,-2.84309
325,3.48462,-2.79857
326,3.48462,-2.79857
327,3.48462,-2.79857
328,3.48462,-2.79857
329,3.48462,-2.79857
330,3.48462,-2.79857
331,3.54648,-2.7367
332,3.54648,-2.7367
333,3.54648,-2.7367
334,3.66074,-2.62245
335,3.66074,-2.62245
336,3.66074,-2.62245
337,3.83633,-2.44685
338,3.83633,-2.44685
339,3.83633,-2.44685
340,3.83633,-2.44685
341,4.01765,-2.26553
342,4.01765,-2.26553
343,4.01765,-2.26553
344,4.01765,-2.26553
345,4.09214,-2.19105
346,4.09214,-2.19105
347,4.09214,-2.19105
348,4.09214,-2.19105
349,4.09214,-2.19105
350,4.42093,-1.86225
351,4.42093,-1.86225
352,4.42093,-1.86225
353,4.42093,-1.86225
354,4.42093,-1.86225
355,4.42093,-1.86225
356,4.42093,-1.86225
357,4.42093,-1.86225
358,4.69065,-1.59253
359,4.69065,-1.59253
360,4.69065,-1.59253
361,4.69065,-1.59253
362,4.69065,-1.59253
363,4.69065,-1.59253
364,4.69065,-1.59253
365,4.69065,-1.59253
366,4.69065,-1.59253
367,4.69065,-1.59253
368,4.69065,-1.59253
369,4.69065,-1.59253
370,4.69065,-1.59253
371,4.69065,-1.59253
372,4.69065,-1.59253
373,4.69065,-1.59253
374,4.69065,-1.59253
375,4.69065,-1.59253
376,4.69065,-1.59253
377,4.69065,-1.59253
378,4.69065,-1.59253
379,4.69065,-1.59253
380,4.69065,-1.59253
381,4.69065,-1.59253
382,4.69065,-1.59253
383,4.69065,-1.59253
384,4.69065,-1.59253
385,4.69065,-1.59253
386,4.69065,-1.59253
387,4.69065,-1.59253
388,4.69065,-1.59253
389,4.69065,-1.59253
390,4.69065,-1.59253
391,4.69065,-1.59253
392,4.69065,-1.59253
393,4.69065,-1.59253
394,4.69065,-1.59253
395,4.69065,-1.59253
396,4.69065,-1.59253
397,4.69065,-1.59253
398,4.69065,-1.59253
399,4.69065,-1.59253
400,4.69065,-1.59253
401,4.69065,-1.59253
402,4.69065,-1.59253
403,4.69065,-1.59253
404,4.69065,-1.59253
405,4.69065,-1.59253
406,4.69065,-1.59253
407,4.69065,-1.59253
408,4.69065,-1.59253
409,4.69065,-1.59253
410,4.69065,-1.59253
411,4.69065,-1.59253
412,4.69065,-1.59253
413,4.69065,-1.59253
414,4.69065,-1.59253
415,4.69065,-1.59253
416,4.69065,-1.59253
417,4.69065,-1.59253
