n,tangent,t2
0,0.694738,0.694738
1,0.694738,0.694738
2,0.694738,0.694738
3,0.694738,0.694738
4,0.694738,0.694738
5,0.694738,0.694738
6,0.694738,0.694738
7,0.694738,0.694738
8,0.694738,0.694738
9,0.694738,0.694738
10,0.664046,0.664046
11,0.664046,0.664046
12,0.664046,0.664046
13,0.664046,0.664046
14,0.664046,0.664046
15,0.664046,0.664046
16,0.664046,0.664046
17,0.664046,0.664046
18,0.664046,0.664046
19,0.664046,0.664046
20,0.664046,0.664046
21,0.664046,0.664046
22,0.664046,0.664046
23,0.664046,0.664046
24,0.664046,0.664046
25,0.664046,0.664046
26,0.664046,0.664046
27,0.664046,0.664046
28,0.664046,0.664046
29,0.664046,0.664046
30,0.664046,0.664046
31,0.664046,0.664046
32,0.664046,0.664046
33,0.664046,0.664046
34,0.664046,0.664046
35,0.664046,0.664046
36,0.664046,0.664046
37,0.664046,0.664046
38,0.664046,0.664046
39,0.664046,0.664046
40,0.664046,0.664046
41,0.664046,0.664046
42,0.664046,0.664046
43,0.664046,0.664046
44,0.664046,0.664046
45,0.664046,0.664046
46,0.664046,0.664046
47,0.664046,0.664046
48,0.664046,0.664046
49,0.664046,0.664046
50,0.664046,0.664046
51,0.664046,0.664046
52,0.664046,0.664046
53,0.664046,0.664046
54,0.664046,0.664046
55,0.664046,0.664046
56,0.664046,0.664046
57,0.664046,0.664046
58,0.664046,0.664046
59,0.664046,0.664046
60,0.664046,0.664046
61,0.664046,0.664046
62,0.664046,0.664046
63,0.664046,0.664046
64,0.664046,0.664046
65,0.664046,0.664046
66,0.664046,0.664046
67,0.244979,0.244979
68,0.244979,0.244979
69,0.244979,0.244979
70,0.244979,0.244979
71,0.745419,0.745419
72,0.745419,0.745419
73,0.745419,0.745419
74,0.745419,0.745419
75,0.745419,0.745419
76,0.745419,0.745419
77,0.745419,0.745419
78,0.745419,0.745419
79,0.745419,0.745419
80,0.745419,0.745419
81,0.745419,0.745419
82,0.745419,0.745419
83,0.745419,0.745419
84,0.745419,0.745419
85,0.745419,0.745419
86,0.745419,0.745419
87,0.745419,0.745419
88,0.745419,0.745419
89,0.745419,0.745419
90,0.745419,0.745419
91,0.745419,0.745419
92,0.745419,0.745419
93,0.745419,0.745419
94,0.620249,0.620249
95,0.620249,0.620249
96,0.620249,0.620249
97,0.558599,0.558599
98,0.558599,0.558599
99,0.507099,0.507099
100,0.507099,0.507099
101,0.507099,0.507099
102,0.507099,0.507099
103,0.507099,0.507099
104,0.507099,0.507099
105,0.507099,0.507099
106,0.507099,0.507099
107,0.507099,0.507099
108,0.507099,0.507099
109,0.507099,0.507099
110,0.507099,0.507099
111,0.507099,0.507099
112,0.507099,0.507099
113,0.507099,0.507099
114,0.507099,0.507099
115,1.10715,1.10715
116,2.03444,2.03444
117,2.03444,2.03444
118,2.03444,2.03444
119,0.507099,0.507099
120,0.507099,0.507099
121,0.507099,0.507099
122,0.507099,0.507099
123,0.507099,0.507099
124,0.507099,0.507099
125,0.507099,0.507099
126,0.418224,0.418224
127,0.418224,0.418224
128,0.418224,0.418224
129,0.418224,0.418224
130,0.418224,0.418224
131,0.418224,0.418224
132,0.418224,0.418224
133,0.588003,0.588003
134,0.982794,0.982794
135,1.32582,1.32582
136,1.32582,1.32582
137,1.75065,1.75065
138,1.75065,1.75065
139,1.75065,1.75065
140,1.75065,1.75065
141,1.75065,1.75065
142,1.75065,1.75065
143,1.75065,1.75065
144,1.75065,1.75065
145,1.75065,1.75065
146,1.70335,1.70335
147,1.70335,1.70335
148,1.70335,1.70335
149,1.70335,1.70335
150,1.70335,1.70335
151,1.70335,1.70335
152,1.70335,1.70335
153,1.70335,1.70335
154,1.65394,1.65394
155,1.65394,1.65394
156,1.65394,1.65394
157,1.65394,1.65394
158,1.65394,1.65394
159,1.65394,1.65394
160,1.65394,1.65394
161,1.65394,1.65394
162,1.65394,1.65394
163,1.65394,1.65394
164,1.65394,1.65394
165,1.65394,1.65394
166,2.67795,2.67795
167,2.67795,2.67795
168,1.81577,1.81577
169,1.81577,1.81577
170,1.32582,1.32582
171,1.32582,1.32582
172,0.71883,0.71883
173,0.71883,0.71883
174,0.71883,0.71883
175,0.71883,0.71883
176,0.71883,0.71883
177,0.71883,0.71883
178,0.71883,0.71883
179,0.71883,0.71883
180,0.71883,0.71883
181,0.71883,0.71883
182,0.71883,0.71883
183,0.71883,0.71883
184,0.71883,0.71883
185,0.71883,0.71883
186,0.71883,0.71883
187,1.81577,1.81577
188,1.81577,1.81577
189,1.81577,1.81577
190,1.32582,1.32582
191,1.32582,1.32582
192,1.32582,1.32582
193,1.32582,1.32582
194,2.1588,2.1588
195,2.1588,2.1588
196,2.1588,2.1588
197,2.1588,2.1588
198,2.1588,2.1588
199,2.1588,2.1588
200,3.7296,-2.55359
201,3.7296,-2.55359
202,3.7296,-2.55359
203,3.30674,-2.97644
204,3.30674,-2.97644
205,3.30674,-2.97644
206,2.97644,2.97644
207,2.97644,2.97644
208,2.97644,2.97644
209,2.55359,2.55359
210,2.1588,2.1588
211,1.89255,1.89255
212,1.89255,1.89255
213,1.89255,1.89255
214,2.24554,2.24554
215,2.24554,2.24554
216,2.24554,2.24554
217,2.46685,2.46685
218,2.46685,2.46685
219,2.46685,2.46685
220,2.60117,2.60117
221,2.60117,2.60117
222,2.60117,2.60117
223,2.60117,2.60117
224,2.60117,2.60117
225,2.60117,2.60117
226,0.463648,0.463648
227,0.463648,0.463648
228,0.463648,0.463648
229,2.89661,2.89661
230,2.89661,2.89661
231,3.38657,-2.89661
232,3.38657,-2.89661
233,3.38657,-2.89661
234,3.38657,-2.89661
235,3.38657,-2.89661
236,3.38657,-2.89661
237,3.38657,-2.89661
238,3.38657,-2.89661
239,3.38657,-2.89661
240,3.38657,-2.89661
241,2.89661,2.89661
242,2.89661,2.89661
243,1.73595,1.73595
244,1.73595,1.73595
245,1.73595,1.73595
246,1.40565,1.40565
247,1.40565,1.40565
248,1.40565,1.40565
249,1.2925,1.2925
250,1.2925,1.2925
251,1.2925,1.2925
252,1.2925,1.2925
253,1.2925,1.2925
254,1.2925,1.2925
255,1.2925,1.2925
256,1.81577,1.81577
257,1.81577,1.81577
258,1.81577,1.81577
259,1.81577,1.81577
260,1.81577,1.81577
261,1.81577,1.81577
262,1.81577,1.81577
263,1.81577,1.81577
264,1.81577,1.81577
265,1.24905,1.24905
266,1.24905,1.24905
267,1.24905,1.24905
268,1.9513,1.9513
269,1.9513,1.9513
270,1.9513,1.9513
271,1.9513,1.9513
272,3.04664,3.04664
273,3.04664,3.04664
274,3.04664,3.04664
275,3.04664,3.04664
276,3.04664,3.04664
277,3.04664,3.04664
278,3.04664,3.04664
279,3.04664,3.04664
280,3.04664,3.04664
281,3.04664,3.04664
282,3.04664,3.04664
283,3.04664,3.04664
284,3.04664,3.04664
285,3.04664,3.04664
286,3.04664,3.04664
287,3.04664,3.04664
288,3.04664,3.04664
289,3.04664,3.04664
290,3.04664,3.04664
291,3.04664,3.04664
292,3.04664,3.04664
293,3.04664,3.04664
294,3.04664,3.04664
295,3.04664,3.04664
296,3.04664,3.04664
297,3.04664,3.04664
298,3.04664,3.04664
299,3.04664,3.04664
300,3.04664,3.04664
301,3.04664,3.04664
302,3.04664,3.04664
303,3.04664,3.04664
304,3.04664,3.04664
305,2.55359,2.55359
306,2.1588,2.1588
307,1.61425,1.61425
308,1.61425,1.61425
309,1.61425,1.61425
310,1.61425,1.61425
311,1.61425,1.61425
312,1.61425,1.61425
313,1.61425,1.61425
314,1.61425,1.61425
315,1.61425,1.61425
316,1.61425,1.61425
317,1.61425,1.61425
318,1.61425,1.61425
319,1.61425,1.61425
320,1.61425,1.61425
321,1.61425,1.61425
322,1.61425,1.61425
323,1.61425,1.61425
324,1.61425,1.61425
325,1.61425,1.61425
326,1.61425,1.61425
327,1.61425,1.61425
328,1.61425,1.61425
329,1.61425,1.61425
330,2.81984,2.81984
331,2.81984,2.81984
332,3.46334,-2.81984
333,3.78509,-2.49809
334,3.78509,-2.49809
335,3.78509,-2.49809
336,3.78509,-2.49809
337,3.78509,-2.49809
338,3.26595,-3.01724
339,3.26595,-3.01724
340,3.26595,-3.01724
341,3.26595,-3.01724
342,3.26595,-3.01724
343,3.26595,-3.01724
344,3.26595,-3.01724
345,3.26595,-3.01724
346,3.26595,-3.01724
347,3.26595,-3.01724
348,2.89661,2.89661
349,2.89661,2.89661
350,2.89661,2.89661
351,2.89661,2.89661
352,3.38657,-2.89661
353,3.38657,-2.89661
354,3.68201,-2.60117
355,3.68201,-2.60117
356,3.68201,-2.60117
357,3.68201,-2.60117
358,3.68201,-2.60117
359,3.5221,-2.76109
360,3.30674,-2.97644
361,3.30674,-2.97644
362,3.30674,-2.97644
363,3.30674,-2.97644
364,3.30674,-2.97644
365,3.30674,-2.97644
366,3.30674,-2.97644
367,3.30674,-2.97644
368,3.30674,-2.97644
369,2.89661,2.89661
370,2.89661,2.89661
371,1.8693,1.8693
372,1.8693,1.8693
373,1.8693,1.8693
374,1.8693,1.8693
375,1.8693,1.8693
376,1.8693,1.8693
377,1.8693,1.8693
378,1.8693,1.8693
379,1.8693,1.8693
380,1.8693,1.8693
381,1.91382,1.91382
382,1.91382,1.91382
383,1.91382,1.91382
384,1.91382,1.91382
385,1.91382,1.91382
386,1.91382,1.91382
387,1.91382,1.91382
388,1.91382,1.91382
389,2.11122,2.11122
390,2.24554,2.24554
391,2.24554,2.24554
392,2.24554,2.24554
393,2.46685,2.46685
394,2.46685,2.46685
395,2.46685,2.46685
396,3.07029,3.07029
397,3.07029,3.07029
398,3.07029,3.07029
399,3.07029,3.07029
400,3.07029,3.07029
401,3.07029,3.07029
402,3.07029,3.07029
403,3.2129,-3.07029
404,3.2129,-3.07029
405,3.2129,-3.07029
406,3.2129,-3.07029
407,3.2129,-3.07029
408,3.2129,-3.07029
409,3.2129,-3.07029
410,3.36026,-2.92292
411,3.36026,-2.92292
412,3.36026,-2.92292
413,3.36026,-2.92292
414,3.36026,-2.92292
415,3.36026,-2.92292
416,3.30674,-2.97644
417,3.30674,-2.97644
418,3.30674,-2.97644
419,3.30674,-2.97644
420,3.30674,-2.97644
421,3.30674,-2.97644
422,3.30674,-2.97644
423,3.30674,-2.97644
424,3.30674,-2.97644
425,3.30674,-2.97644
426,3.30674,-2.97644
427,3.30674,-2.97644
428,3.30674,-2.97644
429,3.36026,-2.92292
430,3.36026,-2.92292
431,3.36026,-2.92292
432,3.36026,-2.92292
433,3.36026,-2.92292
434,3.36026,-2.92292
435,3.32145,-2.96174
436,3.32145,-2.96174
437,3.32145,-2.96174
438,3.32145,-2.96174
439,3.32145,-2.96174
440,3.32145,-2.96174
441,3.32145,-2.96174
442,3.32145,-2.96174
443,3.32145,-2.96174
444,3.32145,-2.96174
445,3.32145,-2.96174
446,3.32145,-2.96174
447,3.32145,-2.96174
448,3.26595,-3.01724
449,3.26595,-3.01724
450,3.26595,-3.01724
451,3.26595,-3.01724
452,3.26595,-3.01724
453,3.26595,-3.01724
454,3.26595,-3.01724
455,3.26595,-3.01724
456,3.29424,-2.98894
457,3.29424,-2.98894
458,3.29424,-2.98894
459,3.29424,-2.98894
460,3.31626,-2.96692
461,3.31626,-2.96692
462,3.31626,-2.96692
463,3.32694,-2.95624
464,3.32694,-2.95624
465,3.32694,-2.95624
466,3.32694,-2.95624
467,3.32694,-2.95624
468,3.32694,-2.95624
469,3.32694,-2.95624
470,3.32694,-2.95624
471,3.32694,-2.95624
472,3.32694,-2.95624
473,3.32694,-2.95624
474,3.32694,-2.95624
475,3.32694,-2.95624
476,3.29424,-2.98894
477,3.29424,-2.98894
478,3.29424,-2.98894
479,3.29424,-2.98894
480,3.29424,-2.98894
481,3.29424,-2.98894
482,3.29424,-2.98894
483,3.29424,-2.98894
484,3.29424,-2.98894
485,3.29424,-2.98894
486,3.29424,-2.98894
487,3.29424,-2.98894
488,3.29424,-2.98894
489,3.29424,-2.98894
490,3.36026,-2.92292
491,3.36026,-2.92292
492,3.36026,-2.92292
493,3.40784,-2.87534
494,3.40784,-2.87534
495,3.40784,-2.87534
496,3.40784,-2.87534
497,3.40784,-2.87534
498,3.40784,-2.87534
499,3.78509,-2.49809
500,3.78509,-2.49809
501,3.78509,-2.49809
502,3.78509,-2.49809
503,3.78509,-2.49809
504,3.78509,-2.49809
505,3.78509,-2.49809
506,3.78509,-2.49809
507,3.78509,-2.49809
508,2.76109,2.76109
509,2.76109,2.76109
510,2.76109,2.76109
511,2.76109,2.76109
512,3.07502,3.07502
513,3.07502,3.07502
514,3.07502,3.07502
515,3.07502,3.07502
516,3.07502,3.07502
517,3.07502,3.07502
518,3.07502,3.07502
519,3.07502,3.07502
520,3.20816,-3.07502
521,3.20816,-3.07502
522,3.20816,-3.07502
523,3.20816,-3.07502
524,3.20816,-3.07502
525,3.20816,-3.07502
526,3.20816,-3.07502
527,3.44009,-2.84309
528,3.44009,-2.84309
529,3.44009,-2.84309
530,3.44009,-2.84309
531,3.44009,-2.84309
532,3.44009,-2.84309
533,3.44009,-2.84309
534,3.44009,-2.84309
535,3.44009,-2.84309
536,3.44009,-2.84309
537,3.44009,-2.84309
538,3.44009,-2.84309
539,3.44009,-2.84309
540,3.35269,-2.9305
541,3.35269,-2.9305
542,3.35269,-2.9305
543,3.35269,-2.9305
544,3.35269,-2.9305
545,3.35269,-2.9305
546,3.35269,-2.9305
547,3.35269,-2.9305
548,3.35269,-2.9305
549,3.35269,-2.9305
550,3.35269,-2.9305
551,3.35269,-2.9305
552,3.35269,-2.9305
553,3.35269,-2.9305
554,3.35269,-2.9305
555,3.35269,-2.9305
556,3.35269,-2.9305
557,3.35269,-2.9305
558,3.35269,-2.9305
559,3.35269,-2.9305
560,3.32145,-2.96174
561,3.32145,-2.96174
562,3.32145,-2.96174
563,3.32145,-2.96174
564,3.32145,-2.96174
565,3.32145,-2.96174
566,3.32145,-2.96174
567,3.32145,-2.96174
568,3.32145,-2.96174
569,3.32145,-2.96174
570,3.32145,-2.96174
571,3.32145,-2.96174
572,3.32145,-2.96174
573,3.32145,-2.96174
574,3.32145,-2.96174
575,3.32145,-2.96174
576,3.32145,-2.96174
