n,tangent,t2
0,4.95737,-1.32582
1,4.95737,-1.32582
2,4.95737,-1.32582
3,4.95737,-1.32582
4,4.95737,-1.32582
5,4.95737,-1.32582
6,4.95737,-1.32582
7,4.95737,-1.32582
8,4.95737,-1.32582
9,4.95737,-1.32582
10,5.43122,-0.851966
11,5.43122,-0.851966
12,5.43122,-0.851966
13,5.43122,-0.851966
14,5.43122,-0.851966
15,5.43122,-0.851966
16,5.56436,-0.71883
17,5.56436,-0.71883
18,5.56436,-0.71883
19,5.56436,-0.71883
20,5.56436,-0.71883
21,5.56436,-0.71883
22,6.19253,-0.0906599
23,6.19253,-0.0906599
24,6.19253,-0.0906599
25,6.19253,-0.0906599
26,6.19253,-0.0906599
27,6.19253,-0.0906599
28,0.0906599,0.0906599
29,0.0906599,0.0906599
30,0.0906599,0.0906599
31,0.0906599,0.0906599
32,0.0906599,0.0906599
33,0.2783,0.2783
34,0.2783,0.2783
35,0.358771,0.358771
36,0.358771,0.358771
37,0.358771,0.358771
38,0.358771,0.358771
39,0.54042,0.54042
40,0.620249,0.620249
41,0.620249,0.620249
42,0.620249,0.620249
43,0.620249,0.620249
44,0.620249,0.620249
45,0.620249,0.620249
46,0.620249,0.620249
47,0.620249,0.620249
48,0.620249,0.620249
49,0.620249,0.620249
50,0.620249,0.620249
51,0.620249,0.620249
52,0.927295,0.927295
53,0.927295,0.927295
54,0.927295,0.927295
55,0.927295,0.927295
56,0.643501,0.643501
57,0.643501,0.643501
58,0.558599,0.558599
59,0.558599,0.558599
60,0.558599,0.558599
61,0.558599,0.558599
62,0.558599,0.558599
63,0.558599,0.558599
64,0.558599,0.558599
65,0.558599,0.558599
66,0.620249,0.620249
67,0.620249,0.620249
68,0.674741,0.674741
69,0.674741,0.674741
70,0.674741,0.674741
71,0.674741,0.674741
72,0.674741,0.674741
73,0.674741,0.674741
74,0.674741,0.674741
75,0.54042,0.54042
76,0.54042,0.54042
77,0.380506,0.380506
78,0.156602,0.156602
79,0.156602,0.156602
80,0.156602,0.156602
81,0.156602,0.156602
82,0.156602,0.156602
83,0.156602,0.156602
84,0.156602,0.156602
85,0.156602,0.156602
86,0.156602,0.156602
87,0.156602,0.156602
88,0.156602,0.156602
89,0.156602,0.156602
90,0.156602,0.156602
91,0.156602,0.156602
92,0.0906599,0.0906599
93,0.0906599,0.0906599
94,0.0906599,0.0906599
95,0.0906599,0.0906599
96,0.0906599,0.0906599
97,0.0906599,0.0906599
98,6.19253,-0.0906599
99,6.19253,-0.0906599
100,6.19253,-0.0906599
101,6.19253,-0.0906599
102,6.19253,-0.0906599
103,5.90268,-0.380506
104,5.90268,-0.380506
105,5.74277,-0.54042
106,5.63968,-0.643501
107,5.63968,-0.643501
108,5.63968,-0.643501
109,5.63968,-0.643501
110,5.63968,-0.643501
111,5.96143,-0.321751
112,5.96143,-0.321751
113,5.96143,-0.321751
114,5.57456,-0.708626
115,5.57456,-0.708626
116,5.57456,-0.708626
117,5.57456,-0.708626
118,5.57456,-0.708626
119,5.57456,-0.708626
120,5.57456,-0.708626
121,5.57456,-0.708626
122,5.57456,-0.708626
123,5.57456,-0.708626
124,5.57456,-0.708626
125,5.74277,-0.54042
126,5.74277,-0.54042
127,5.74277,-0.54042
128,5.74277,-0.54042
129,5.74277,-0.54042
130,5.17604,-1.10715
131,5.17604,-1.10715
132,5.69518,-0.588003
133,5.69518,-0.588003
134,5.69518,-0.588003
135,5.23154,-1.05165
136,5.23154,-1.05165
137,5.23154,-1.05165
138,5.23154,-1.05165
139,5.11728,-1.1659
140,5.11728,-1.1659
141,5.11728,-1.1659
142,4.90978,-1.3734
143,4.90978,-1.3734
144,4.90978,-1.3734
145,4.90978,-1.3734
146,4.90978,-1.3734
147,5.0929,-1.19029
148,5.0929,-1.19029
149,5.0929,-1.19029
150,5.0929,-1.19029
151,4.80305,-1.48014
152,4.80305,-1.48014
153,4.80305,-1.48014
154,4.80305,-1.48014
155,4.80305,-1.48014
156,4.80305,-1.48014
157,4.62173,-1.66146
158,4.62173,-1.66146
159,4.62173,-1.66146
160,4.62173,-1.66146
161,4.62173,-1.66146
162,4.49372,-1.78947
163,4.49372,-1.78947
164,4.49372,-1.78947
165,4.49372,-1.78947
166,4.49372,-1.78947
167,4.49372,-1.78947
168,4.58803,-1.69515
169,4.58803,-1.69515
170,4.58803,-1.69515
171,4.58803,-1.69515
172,4.83674,-1.44644
173,4.83674,-1.44644
174,4.83674,-1.44644
175,4.83674,-1.44644
176,4.83674,-1.44644
177,4.83674,-1.44644
178,4.83674,-1.44644
179,4.83674,-1.44644
180,4.83674,-1.44644
181,4.83674,-1.44644
182,4.83674,-1.44644
183,4.83674,-1.44644
184,4.83674,-1.44644
185,4.89224,-1.39094
186,4.89224,-1.39094
187,4.89224,-1.39094
188,4.89224,-1.39094
189,4.89224,-1.39094
190,4.89224,-1.39094
191,5.07116,-1.21203
192,5.07116,-1.21203
193,5.07116,-1.21203
194,5.07116,-1.21203
195,5.07116,-1.21203
196,5.07116,-1.21203
197,4.99069,-1.2925
198,4.99069,-1.2925
199,4.99069,-1.2925
200,4.99069,-1.2925
201,4.99069,-1.2925
202,4.99069,-1.2925
203,4.99069,-1.2925
204,4.99069,-1.2925
205,4.99069,-1.2925
206,4.39064,-1.89255
207,3.60524,-2.67795
208,3.60524,-2.67795
209,4.39064,-1.89255
210,4.39064,-1.89255
211,4.39064,-1.89255
212,3.60524,-2.67795
213,3.60524,-2.67795
214,4.24874,-2.03444
215,4.24874,-2.03444
216,3.36839,-2.91479
217,3.36839,-2.91479
218,3.36839,-2.91479
219,3.36839,-2.91479
220,3.36839,-2.91479
221,3.36839,-2.91479
222,3.36839,-2.91479
223,3.36839,-2.91479
224,3.36839,-2.91479
225,3.36839,-2.91479
226,3.36839,-2.91479
227,3.36839,-2.91479
228,3.36839,-2.91479
229,3.36839,-2.91479
230,3.36839,-2.91479
231,3.36839,-2.91479
232,3.36839,-2.91479
233,3.36839,-2.91479
234,3.36839,-2.91479
235,3.36839,-2.91479
236,3.36839,-2.91479
237,3.55982,-2.72337
238,3.55982,-2.72337
239,3.55982,-2.72337
240,3.55982,-2.72337
241,3.55982,-2.72337
242,3.64869,-2.63449
243,3.64869,-2.63449
244,3.64869,-2.63449
245,3.64869,-2.63449
246,3.70019,-2.58299
247,3.70019,-2.58299
248,3.70019,-2.58299
249,3.70019,-2.58299
250,3.70019,-2.58299
251,3.70019,-2.58299
252,4.12439,-2.1588
253,4.12439,-2.1588
254,4.12439,-2.1588
255,4.12439,-2.1588
256,4.12439,-2.1588
257,4.12439,-2.1588
258,4.43409,-1.8491
259,4.43409,-1.8491
260,4.43409,-1.8491
261,4.43409,-1.8491
262,4.54724,-1.73595
263,4.54724,-1.73595
264,4.54724,-1.73595
265,4.87754,-1.40565
266,4.87754,-1.40565
267,4.87754,-1.40565
268,4.99069,-1.2925
269,4.99069,-1.2925
270,4.99069,-1.2925
271,4.99069,-1.2925
272,5.4452,-0.837981
273,5.4452,-0.837981
274,5.4452,-0.837981
275,5.4452,-0.837981
276,5.4452,-0.837981
277,5.4452,-0.837981
278,5.4452,-0.837981
279,5.4452,-0.837981
280,5.4452,-0.837981
281,5.4452,-0.837981
282,5.4452,-0.837981
283,5.4452,-0.837981
284,5.4452,-0.837981
285,5.4452,-0.837981
286,5.4452,-0.837981
287,5.4452,-0.837981
288,5.4452,-0.837981
289,5.34119,-0.942
290,5.34119,-0.942
291,5.34119,-0.942
292,5.34119,-0.942
293,5.34119,-0.942
294,5.34119,-0.942
295,5.34119,-0.942
296,5.34119,-0.942
297,5.34119,-0.942
298,5.34119,-0.942
299,5.34119,-0.942
300,5.37343,-0.909753
301,5.37343,-0.909753
302,5.37343,-0.909753
303,5.47077,-0.812419
304,5.47077,-0.812419
305,5.47077,-0.812419
306,5.47077,-0.812419
307,5.47077,-0.812419
308,5.47077,-0.812419
309,5.47077,-0.812419
310,5.47077,-0.812419
311,5.47077,-0.812419
312,5.47077,-0.812419
313,5.47077,-0.812419
314,5.47077,-0.812419
315,5.47077,-0.812419
316,5.47077,-0.812419
317,5.47077,-0.812419
318,5.47077,-0.812419
319,5.47077,-0.812419
320,5.52481,-0.758378
321,5.52481,-0.758378
322,5.52481,-0.758378
323,5.52481,-0.758378
324,5.52481,-0.758378
325,5.52481,-0.758378
326,5.52481,-0.758378
327,5.52481,-0.758378
328,5.52481,-0.758378
329,5.52481,-0.758378
330,5.52481,-0.758378
331,5.52481,-0.758378
332,5.52481,-0.758378
333,5.52481,-0.758378
334,5.52481,-0.758378
335,5.52481,-0.758378
336,5.52481,-0.758378
337,6.00489,-0.2783
338,6.00489,-0.2783
339,6.00489,-0.2783
340,6.00489,-0.2783
341,6.00489,-0.2783
342,6.00489,-0.2783
343,6.00489,-0.2783
344,6.00489,-0.2783
345,5.58845,-0.694738
346,5.58845,-0.694738
347,5.58845,-0.694738
348,5.58845,-0.694738
349,5.58845,-0.694738
350,5.58845,-0.694738
351,5.58845,-0.694738
352,5.58845,-0.694738
353,5.58845,-0.694738
354,5.74277,-0.54042
355,5.74277,-0.54042
356,5.90268,-0.380506
357,6.03821,-0.244979
358,6.03821,-0.244979
359,6.03821,-0.244979
360,6.03821,-0.244979
361,5.90268,-0.380506
362,5.90268,-0.380506
363,5.90268,-0.380506
364,5.17604,-1.10715
365,5.17604,-1.10715
366,5.77609,-0.507099
367,5.77609,-0.507099
368,5.77609,-0.507099
369,5.77609,-0.507099
370,5.77609,-0.507099
371,5.77609,-0.507099
372,5.77609,-0.507099
373,5.77609,-0.507099
374,5.77609,-0.507099
375,5.77609,-0.507099
376,5.77609,-0.507099
377,5.77609,-0.507099
378,5.77609,-0.507099
379,5.77609,-0.507099
380,5.77609,-0.507099
381,5.77609,-0.507099
382,5.77609,-0.507099
383,5.87829,-0.404892
384,5.87829,-0.404892
385,5.87829,-0.404892
386,6.15883,-0.124355
387,6.15883,-0.124355
388,6.15883,-0.124355
389,6.15883,-0.124355
390,0.124355,0.124355
391,0.124355,0.124355
392,0.124355,0.124355
393,0.124355,0.124355
394,0.2783,0.2783
395,0.2783,0.2783
396,0.2783,0.2783
397,0.2783,0.2783
398,0.643501,0.643501
399,0.643501,0.643501
400,0.927295,0.927295
401,0.927295,0.927295
402,0.927295,0.927295
403,2.03444,2.03444
404,2.03444,2.03444
405,2.03444,2.03444
406,1.46014,1.46014
407,1.46014,1.46014
408,1.46014,1.46014
409,1.46014,1.46014
410,1.46014,1.46014
411,1.46014,1.46014
412,1.46014,1.46014
413,1.68145,1.68145
414,1.68145,1.68145
415,1.68145,1.68145
416,1.68145,1.68145
417,1.75065,1.75065
418,1.75065,1.75065
419,1.75065,1.75065
420,1.75065,1.75065
421,1.75065,1.75065
422,1.75065,1.75065
423,1.98902,1.98902
424,1.98902,1.98902
425,1.98902,1.98902
426,1.98902,1.98902
427,1.98902,1.98902
428,1.98902,1.98902
429,1.98902,1.98902
430,1.98902,1.98902
431,1.98902,1.98902
432,1.98902,1.98902
433,1.76819,1.76819
434,1.76819,1.76819
435,1.76819,1.76819
436,1.76819,1.76819
437,1.76819,1.76819
438,1.76819,1.76819
439,1.76819,1.76819
440,1.19029,1.19029
441,1.19029,1.19029
442,1.19029,1.19029
443,1.19029,1.19029
444,1.19029,1.19029
445,1.19029,1.19029
446,1.19029,1.19029
447,1.03038,1.03038
448,1.03038,1.03038
449,0.588003,0.588003
450,0.588003,0.588003
451,5.81954,-0.463648
452,5.81954,-0.463648
453,5.81954,-0.463648
454,0.141897,0.141897
455,0.141897,0.141897
456,0.141897,0.141897
457,0.141897,0.141897
458,0.141897,0.141897
459,0.141897,0.141897
460,6.14129,-0.141897
461,6.14129,-0.141897
462,6.14129,-0.141897
463,5.86496,-0.418224
464,5.86496,-0.418224
465,5.86496,-0.418224
466,5.86496,-0.418224
467,5.86496,-0.418224
468,5.77609,-0.507099
469,5.77609,-0.507099
470,5.77609,-0.507099
471,5.77609,-0.507099
472,5.77609,-0.507099
473,5.77609,-0.507099
474,5.77609,-0.507099
475,5.96143,-0.321751
476,5.96143,-0.321751
477,5.96143,-0.321751
478,5.69518,-0.588003
479,5.69518,-0.588003
480,5.69518,-0.588003
481,6.00489,-0.2783
482,6.00489,-0.2783
483,6.00489,-0.2783
484,6.00489,-0.2783
485,6.08579,-0.197396
486,6.08579,-0.197396
487,6.08579,-0.197396
488,6.08579,-0.197396
489,6.08579,-0.197396
490,5.90268,-0.380506
491,5.90268,-0.380506
492,5.90268,-0.380506
493,5.90268,-0.380506
494,6.14129,-0.141897
495,6.14129,-0.141897
496,6.14129,-0.141897
497,6.14129,-0.141897
498,0.141897,0.141897
499,0.141897,0.141897
500,0.141897,0.141897
501,0.2783,0.2783
502,0.2783,0.2783
503,0.2783,0.2783
504,0.2783,0.2783
505,0.2783,0.2783
506,0.197396,0.197396
507,0.197396,0.197396
508,0.197396,0.197396
509,6.10333,-0.179853
510,6.10333,-0.179853
511,6.10333,-0.179853
512,6.10333,-0.179853
513,6.10333,-0.179853
514,6.10333,-0.179853
515,6.10333,-0.179853
516,6.10333,-0.179853
517,6.10333,-0.179853
518,6.18352,-0.0996687
519,6.18352,-0.0996687
520,6.18352,-0.0996687
521,6.18352,-0.0996687
522,6.18352,-0.0996687
523,6.18352,-0.0996687
524,6.18352,-0.0996687
525,6.18352,-0.0996687
526,6.18352,-0.0996687
527,6.18352,-0.0996687
528,6.10333,-0.179853
529,6.10333,-0.179853
530,6.10333,-0.179853
531,6.10333,-0.179853
532,6.10333,-0.179853
533,6.10333,-0.179853
534,6.10333,-0.179853
535,6.19253,-0.0906599
536,6.19253,-0.0906599
537,6.19253,-0.0906599
538,6.19253,-0.0906599
539,6.19253,-0.0906599
540,6.19253,-0.0906599
541,0.0906599,0.0906599
542,0.0906599,0.0906599
543,0.0906599,0.0906599
544,0.0906599,0.0906599
545,0.0906599,0.0906599
546,0.298499,0.298499
547,0.298499,0.298499
548,0.298499,0.298499
549,0.298499,0.298499
550,0.298499,0.298499
551,0.298499,0.298499
552,0.298499,0.298499
553,0.298499,0.298499
554,0.298499,0.298499
555,0.298499,0.298499
556,0.298499,0.298499
557,0.298499,0.298499
558,0.298499,0.298499
559,0.0713075,0.0713075
560,0.0713075,0.0713075
561,0.0713075,0.0713075
562,0.0713075,0.0713075
563,0.0713075,0.0713075
564,0.0713075,0.0713075
565,0.0713075,0.0713075
566,0.0713075,0.0713075
567,0.0713075,0.0713075
568,0.0713075,0.0713075
569,0.0713075,0.0713075
570,0.0713075,0.0713075
571,0.0713075,0.0713075
572,0.0713075,0.0713075
573,0.588003,0.588003
574,0.588003,0.588003
575,0.588003,0.588003
576,0.291457,0.291457
577,0.291457,0.291457
578,0.291457,0.291457
579,0.291457,0.291457
580,0.291457,0.291457
581,0.291457,0.291457
582,0.291457,0.291457
583,0.291457,0.291457
584,0.0713075,0.0713075
585,0.0713075,0.0713075
586,0.0713075,0.0713075
587,0.0713075,0.0713075
588,0.0713075,0.0713075
589,0.0713075,0.0713075
590,0.0713075,0.0713075
591,6.21188,-0.0713075
592,6.21188,-0.0713075
593,6.21188,-0.0713075
594,6.21188,-0.0713075
595,6.21188,-0.0713075
596,6.21188,-0.0713075
597,6.21188,-0.0713075
598,5.58845,-0.694738
599,5.58845,-0.694738
600,5.58845,-0.694738
601,5.58845,-0.694738
602,5.40713,-0.876058
603,5.40713,-0.876058
604,5.40713,-0.876058
605,5.40713,-0.876058
606,5.33264,-0.950547
607,5.33264,-0.950547
608,5.33264,-0.950547
609,5.27099,-1.0122
610,5.27099,-1.0122
611,5.21949,-1.0637
612,5.21949,-1.0637
613,5.21949,-1.0637
614,5.21949,-1.0637
615,5.21949,-1.0637
616,5.13061,-1.15257
617,5.13061,-1.15257
618,5.13061,-1.15257
619,5.13061,-1.15257
620,5.07116,-1.21203
621,5.07116,-1.21203
622,5.07116,-1.21203
623,5.07116,-1.21203
624,5.07116,-1.21203
625,5.07116,-1.21203
626,5.07116,-1.21203
627,5.13061,-1.15257
628,5.13061,-1.15257
629,5.13061,-1.15257
630,5.13061,-1.15257
631,5.13061,-1.15257
632,5.21949,-1.0637
633,5.21949,-1.0637
634,5.21949,-1.0637
635,5.21949,-1.0637
636,5.38713,-0.896055
637,5.38713,-0.896055
638,5.38713,-0.896055
639,5.60844,-0.674741
640,5.60844,-0.674741
641,5.60844,-0.674741
642,5.74277,-0.54042
643,5.74277,-0.54042
644,5.90268,-0.380506
645,6.03821,-0.244979
646,6.03821,-0.244979
647,6.03821,-0.244979
648,6.03821,-0.244979
649,5.90268,-0.380506
650,5.90268,-0.380506
651,5.90268,-0.380506
652,5.90268,-0.380506
653,6.03821,-0.244979
654,6.03821,-0.244979
655,6.03821,-0.244979
656,6.03821,-0.244979
657,5.92441,-0.358771
658,5.92441,-0.358771
659,5.92441,-0.358771
660,5.92441,-0.358771
661,5.92441,-0.358771
662,5.92441,-0.358771
663,5.92441,-0.358771
664,5.92441,-0.358771
665,5.92441,-0.358771
666,5.92441,-0.358771
667,5.92441,-0.358771
668,5.87829,-0.404892
669,5.87829,-0.404892
670,5.87829,-0.404892
671,5.87829,-0.404892
672,5.87829,-0.404892
673,5.87829,-0.404892
674,5.87829,-0.404892
675,6.03821,-0.244979
676,6.03821,-0.244979
677,6.03821,-0.244979
678,6.03821,-0.244979
679,6.03821,-0.244979
680,6.03821,-0.244979
681,6.03821,-0.244979
682,6.03821,-0.244979
683,6.03821,-0.244979
684,5.90268,-0.380506
685,5.90268,-0.380506
686,5.90268,-0.380506
687,5.90268,-0.380506
688,6.03821,-0.244979
689,6.03821,-0.244979
690,6.03821,-0.244979
691,6.03821,-0.244979
692,5.92441,-0.358771
693,5.92441,-0.358771
694,5.92441,-0.358771
695,5.92441,-0.358771
696,5.92441,-0.358771
697,5.92441,-0.358771
698,5.92441,-0.358771
699,5.92441,-0.358771
700,5.92441,-0.358771
701,5.92441,-0.358771
702,5.92441,-0.358771
703,5.92441,-0.358771
704,5.92441,-0.358771
705,5.92441,-0.358771
706,5.92441,-0.358771
707,5.92441,-0.358771
708,5.92441,-0.358771
709,6.00489,-0.2783
710,6.00489,-0.2783
711,6.09784,-0.185348
712,6.09784,-0.185348
713,6.09784,-0.185348
714,6.09784,-0.185348
715,6.09784,-0.185348
716,6.09784,-0.185348
717,6.09784,-0.185348
718,6.09784,-0.185348
719,6.09784,-0.185348
720,6.09784,-0.185348
721,6.09784,-0.185348
722,6.09784,-0.185348
723,6.09784,-0.185348
724,6.09784,-0.185348
725,6.09784,-0.185348
726,6.09784,-0.185348
727,6.09784,-0.185348
728,6.09784,-0.185348
729,5.86496,-0.418224
730,5.86496,-0.418224
731,5.86496,-0.418224
732,5.86496,-0.418224
733,5.86496,-0.418224
734,5.77609,-0.507099
735,5.77609,-0.507099
736,5.77609,-0.507099
737,5.77609,-0.507099
738,5.72459,-0.558599
739,5.72459,-0.558599
740,5.72459,-0.558599
741,5.66294,-0.620249
742,5.66294,-0.620249
743,5.58845,-0.694738
744,5.58845,-0.694738
745,5.58845,-0.694738
746,5.58845,-0.694738
747,5.40713,-0.876058
748,5.40713,-0.876058
749,5.40713,-0.876058
750,5.40713,-0.876058
751,5.25281,-1.03038
752,5.25281,-1.03038
753,5.25281,-1.03038
754,5.25281,-1.03038
755,5.25281,-1.03038
756,5.33264,-0.950547
757,5.33264,-0.950547
758,5.33264,-0.950547
759,5.33264,-0.950547
760,5.33264,-0.950547
761,5.33264,-0.950547
762,5.33264,-0.950547
763,5.33264,-0.950547
764,5.27099,-1.0122
765,5.27099,-1.0122
766,5.27099,-1.0122
767,5.27099,-1.0122
768,5.0929,-1.19029
769,4.93106,-1.35213
770,4.93106,-1.35213
771,4.93106,-1.35213
772,4.93106,-1.35213
773,4.93106,-1.35213
774,4.93106,-1.35213
775,4.93106,-1.35213
776,4.93106,-1.35213
777,4.93106,-1.35213
778,4.93106,-1.35213
779,4.93106,-1.35213
780,4.93106,-1.35213
781,4.93106,-1.35213
782,4.97864,-1.30454
783,4.97864,-1.30454
784,4.97864,-1.30454
785,4.97864,-1.30454
786,5.07956,-1.20362
787,5.07956,-1.20362
788,5.07956,-1.20362
789,5.07956,-1.20362
790,5.07956,-1.20362
791,5.07956,-1.20362
792,5.10718,-1.17601
793,5.10718,-1.17601
794,5.10718,-1.17601
795,5.13061,-1.15257
796,5.13061,-1.15257
797,5.13061,-1.15257
798,5.13061,-1.15257
799,5.13061,-1.15257
800,5.13061,-1.15257
801,5.13061,-1.15257
802,5.13061,-1.15257
803,5.13061,-1.15257
804,5.13061,-1.15257
805,4.95737,-1.32582
806,4.95737,-1.32582
807,4.95737,-1.32582
808,4.95737,-1.32582
809,5.10718,-1.17601
810,5.10718,-1.17601
811,5.10718,-1.17601
812,5.10718,-1.17601
813,5.10718,-1.17601
814,5.10718,-1.17601
815,5.10718,-1.17601
816,5.10718,-1.17601
817,5.10718,-1.17601
818,5.10718,-1.17601
819,5.23154,-1.05165
820,5.23154,-1.05165
821,5.23154,-1.05165
822,5.42102,-0.86217
823,5.42102,-0.86217
824,5.42102,-0.86217
825,5.42102,-0.86217
826,5.42102,-0.86217
827,5.57456,-0.708626
828,5.57456,-0.708626
829,5.57456,-0.708626
830,5.57456,-0.708626
831,5.57456,-0.708626
832,5.66294,-0.620249
833,5.66294,-0.620249
834,5.66294,-0.620249
835,5.66294,-0.620249
836,5.66294,-0.620249
837,5.66294,-0.620249
838,5.66294,-0.620249
839,5.57456,-0.708626
840,5.57456,-0.708626
841,5.57456,-0.708626
842,5.57456,-0.708626
843,5.57456,-0.708626
844,5.57456,-0.708626
845,5.57456,-0.708626
846,5.57456,-0.708626
847,5.57456,-0.708626
848,5.57456,-0.708626
849,5.57456,-0.708626
850,5.66294,-0.620249
851,5.66294,-0.620249
852,5.66294,-0.620249
853,5.66294,-0.620249
854,5.66294,-0.620249
855,5.66294,-0.620249
856,5.66294,-0.620249
857,5.66294,-0.620249
858,5.66294,-0.620249
859,5.66294,-0.620249
860,5.66294,-0.620249
861,5.66294,-0.620249
862,5.76404,-0.519146
863,5.76404,-0.519146
864,5.76404,-0.519146
865,5.87829,-0.404892
866,5.87829,-0.404892
867,5.87829,-0.404892
868,5.92441,-0.358771
869,5.92441,-0.358771
870,6.00489,-0.2783
871,6.00489,-0.2783
872,6.14129,-0.141897
873,6.14129,-0.141897
874,6.14129,-0.141897
875,6.14129,-0.141897
876,6.14129,-0.141897
877,6.14129,-0.141897
878,6.14129,-0.141897
879,6.10333,-0.179853
880,6.10333,-0.179853
881,6.10333,-0.179853
882,6.10333,-0.179853
883,6.10333,-0.179853
884,6.10333,-0.179853
885,6.10333,-0.179853
886,6.10333,-0.179853
887,0.927295,0.927295
888,0.927295,0.927295
889,0.927295,0.927295
890,0.927295,0.927295
891,1.4289,1.4289
892,1.4289,1.4289
893,1.4289,1.4289
894,1.4289,1.4289
895,1.71269,1.71269
896,1.71269,1.71269
897,1.71269,1.71269
898,1.78947,1.78947
899,1.78947,1.78947
900,1.78947,1.78947
901,1.78947,1.78947
902,1.78947,1.78947
903,1.98902,1.98902
904,1.98902,1.98902
905,1.98902,1.98902
906,1.98902,1.98902
907,1.98902,1.98902
908,2.07789,2.07789
909,2.07789,2.07789
910,2.07789,2.07789
911,2.07789,2.07789
912,2.07789,2.07789
913,2.07789,2.07789
914,2.07789,2.07789
915,1.89255,1.89255
916,1.89255,1.89255
917,1.89255,1.89255
918,2.55359,2.55359
919,2.55359,2.55359
920,2.55359,2.55359
921,2.1588,2.1588
922,2.1588,2.1588
923,2.1588,2.1588
924,2.44685,2.44685
925,2.44685,2.44685
926,2.44685,2.44685
927,2.44685,2.44685
928,2.44685,2.44685
929,2.44685,2.44685
930,2.26553,2.26553
931,2.26553,2.26553
932,2.26553,2.26553
933,2.26553,2.26553
934,1.9513,1.9513
935,1.9513,1.9513
936,1.9513,1.9513
937,1.9513,1.9513
938,1.9513,1.9513
939,1.9513,1.9513
940,1.9513,1.9513
941,1.73595,1.73595
942,1.73595,1.73595
943,1.73595,1.73595
944,1.40565,1.40565
945,1.40565,1.40565
946,1.40565,1.40565
947,1.2925,1.2925
948,1.2925,1.2925
949,1.2925,1.2925
950,1.2925,1.2925
951,0.927295,0.927295
952,0.927295,0.927295
953,0.927295,0.927295
954,0.927295,0.927295
955,0.927295,0.927295
956,1.03038,1.03038
957,1.03038,1.03038
958,1.03038,1.03038
959,1.03038,1.03038
960,1.03038,1.03038
961,1.03038,1.03038
962,1.03038,1.03038
963,1.03038,1.03038
964,1.03038,1.03038
965,1.03038,1.03038
966,1.14417,1.14417
967,1.14417,1.14417
968,1.14417,1.14417
969,1.14417,1.14417
970,1.14417,1.14417
971,1.14417,1.14417
972,1.14417,1.14417
973,1.14417,1.14417
974,1.14417,1.14417
975,1.14417,1.14417
976,1.07145,1.07145
977,1.07145,1.07145
978,1.07145,1.07145
979,1.07145,1.07145
980,1.07145,1.07145
981,1.07145,1.07145
982,1.07145,1.07145
983,1.07145,1.07145
984,1.07145,1.07145
985,1.3734,1.3734
986,1.3734,1.3734
987,1.3734,1.3734
988,1.3734,1.3734
989,1.3734,1.3734
990,1.3734,1.3734
991,1.3734,1.3734
992,1.3734,1.3734
993,1.3734,1.3734
994,1.76819,1.76819
995,1.76819,1.76819
996,1.98902,1.98902
997,1.98902,1.98902
998,1.98902,1.98902
999,1.98902,1.98902
1000,1.98902,1.98902
1001,1.98902,1.98902
1002,1.98902,1.98902
1003,1.98902,1.98902
1004,1.98902,1.98902
1005,1.98902,1.98902
1006,1.78947,1.78947
1007,1.78947,1.78947
1008,1.78947,1.78947
1009,1.78947,1.78947
1010,1.78947,1.78947
1011,1.78947,1.78947
1012,1.78947,1.78947
1013,1.78947,1.78947
1014,1.78947,1.78947
1015,1.78947,1.78947
1016,1.9513,1.9513
1017,1.9513,1.9513
1018,1.9513,1.9513
1019,1.9513,1.9513
1020,1.77829,1.77829
1021,1.77829,1.77829
1022,1.77829,1.77829
1023,1.77829,1.77829
1024,1.77829,1.77829
1025,1.77829,1.77829
1026,1.77829,1.77829
1027,1.77829,1.77829
1028,1.77829,1.77829
1029,1.77829,1.77829
1030,1.77829,1.77829
1031,1.75614,1.75614
1032,1.75614,1.75614
1033,1.75614,1.75614
1034,1.75614,1.75614
1035,1.75614,1.75614
1036,1.75614,1.75614
1037,1.75614,1.75614
1038,1.75614,1.75614
1039,1.75614,1.75614
1040,1.75614,1.75614
1041,1.75614,1.75614
1042,1.75614,1.75614
1043,2.1588,2.1588
1044,2.1588,2.1588
1045,2.1588,2.1588
1046,1.8491,1.8491
1047,1.8491,1.8491
1048,1.8491,1.8491
1049,1.8491,1.8491
1050,1.8491,1.8491
1051,1.8491,1.8491
1052,1.8491,1.8491
1053,1.8491,1.8491
1054,1.96559,1.96559
1055,1.96559,1.96559
1056,1.96559,1.96559
1057,1.96559,1.96559
1058,1.96559,1.96559
1059,1.96559,1.96559
1060,1.96559,1.96559
1061,1.96559,1.96559
1062,1.96559,1.96559
1063,1.96559,1.96559
1064,1.96559,1.96559
1065,1.96559,1.96559
1066,1.96559,1.96559
1067,1.96559,1.96559
1068,1.91957,1.91957
1069,1.91957,1.91957
1070,1.91957,1.91957
1071,1.91957,1.91957
1072,1.86225,1.86225
1073,1.86225,1.86225
1074,1.86225,1.86225
1075,1.86225,1.86225
1076,1.8314,1.8314
1077,1.8314,1.8314
1078,1.8314,1.8314
1079,1.8314,1.8314
1080,1.8314,1.8314
1081,1.8314,1.8314
1082,1.8314,1.8314
1083,1.8314,1.8314
1084,1.8314,1.8314
1085,1.8314,1.8314
1086,1.8314,1.8314
1087,1.8314,1.8314
1088,1.8314,1.8314
1089,1.8314,1.8314
1090,1.97569,1.97569
1091,1.97569,1.97569
1092,1.97569,1.97569
1093,1.97569,1.97569
1094,1.97569,1.97569
1095,1.97569,1.97569
1096,1.97569,1.97569
1097,1.97569,1.97569
1098,1.97569,1.97569
1099,1.97569,1.97569
1100,1.97569,1.97569
1101,1.97569,1.97569
1102,1.97569,1.97569
1103,1.97569,1.97569
1104,1.97569,1.97569
1105,1.97569,1.97569
1106,1.97569,1.97569
1107,1.8491,1.8491
1108,1.8491,1.8491
1109,1.8491,1.8491
1110,1.8491,1.8491
1111,1.8491,1.8491
1112,1.8491,1.8491
1113,1.92957,1.92957
1114,1.92957,1.92957
1115,1.97569,1.97569
1116,1.97569,1.97569
1117,1.97569,1.97569
1118,2.08994,2.08994
1119,2.08994,2.08994
1120,2.08994,2.08994
1121,2.25653,2.25653
1122,2.25653,2.25653
1123,2.25653,2.25653
1124,2.25653,2.25653
1125,2.25653,2.25653
1126,2.25653,2.25653
1127,2.25653,2.25653
1128,2.25653,2.25653
1129,2.25653,2.25653
1130,2.25653,2.25653
1131,2.25653,2.25653
1132,2.25653,2.25653
1133,2.25653,2.25653
1134,2.25653,2.25653
1135,2.23677,2.23677
1136,2.23677,2.23677
1137,2.23677,2.23677
1138,2.23677,2.23677
1139,2.23677,2.23677
1140,2.23677,2.23677
1141,2.23677,2.23677
1142,2.23677,2.23677
1143,2.23677,2.23677
1144,2.23677,2.23677
1145,2.23677,2.23677
1146,2.23677,2.23677
1147,2.23677,2.23677
1148,2.29378,2.29378
1149,2.29378,2.29378
1150,2.29378,2.29378
1151,2.29378,2.29378
1152,2.29378,2.29378
1153,2.29378,2.29378
1154,2.29378,2.29378
1155,2.29378,2.29378
1156,2.29378,2.29378
1157,2.29378,2.29378
1158,2.29378,2.29378
1159,2.29378,2.29378
1160,2.29378,2.29378
1161,2.29378,2.29378
1162,2.29378,2.29378
1163,2.29378,2.29378
1164,2.29378,2.29378
1165,2.29378,2.29378
1166,2.29378,2.29378
1167,2.29378,2.29378
1168,2.29378,2.29378
1169,2.29378,2.29378
1170,2.41495,2.41495
1171,2.41495,2.41495
1172,2.41495,2.41495
1173,2.41495,2.41495
1174,2.41495,2.41495
1175,2.41495,2.41495
1176,2.41495,2.41495
1177,2.52134,2.52134
1178,2.52134,2.52134
1179,2.52134,2.52134
1180,2.58299,2.58299
1181,2.58299,2.58299
1182,2.65164,2.65164
1183,2.65164,2.65164
1184,2.65164,2.65164
1185,2.65164,2.65164
1186,2.65164,2.65164
1187,2.65164,2.65164
1188,2.65164,2.65164
1189,2.65164,2.65164
1190,2.65164,2.65164
1191,2.70497,2.70497
1192,2.70497,2.70497
1193,2.70497,2.70497
1194,2.70497,2.70497
1195,2.70497,2.70497
1196,2.70497,2.70497
1197,2.70497,2.70497
1198,2.70497,2.70497
1199,2.70497,2.70497
1200,2.95624,2.95624
1201,2.95624,2.95624
1202,2.95624,2.95624
1203,2.95624,2.95624
1204,2.95624,2.95624
1205,2.95624,2.95624
1206,2.95624,2.95624
1207,2.95624,2.95624
1208,2.95624,2.95624
1209,2.95624,2.95624
1210,2.95624,2.95624
1211,2.95624,2.95624
1212,2.95624,2.95624
1213,2.95624,2.95624
1214,2.95624,2.95624
1215,2.95624,2.95624
1216,2.95624,2.95624
1217,2.95624,2.95624
1218,2.85014,2.85014
1219,2.85014,2.85014
1220,2.85014,2.85014
1221,2.85014,2.85014
1222,2.85014,2.85014
1223,2.85014,2.85014
1224,2.85014,2.85014
1225,2.85014,2.85014
1226,2.63449,2.63449
1227,2.63449,2.63449
1228,2.63449,2.63449
1229,2.63449,2.63449
1230,2.63449,2.63449
1231,2.63449,2.63449
1232,2.63449,2.63449
1233,2.63449,2.63449
1234,2.72337,2.72337
1235,2.72337,2.72337
1236,2.72337,2.72337
1237,2.72337,2.72337
1238,2.72337,2.72337
1239,2.72337,2.72337
1240,2.72337,2.72337
1241,2.72337,2.72337
1242,2.72337,2.72337
1243,2.72337,2.72337
1244,2.72337,2.72337
1245,2.72337,2.72337
1246,2.72337,2.72337
1247,2.72337,2.72337
1248,2.72337,2.72337
1249,2.72337,2.72337
1250,2.72337,2.72337
1251,2.78282,2.78282
1252,2.78282,2.78282
1253,2.86329,2.86329
1254,2.86329,2.86329
1255,2.86329,2.86329
1256,2.86329,2.86329
1257,2.86329,2.86329
1258,2.86329,2.86329
1259,2.86329,2.86329
1260,2.86329,2.86329
1261,2.86329,2.86329
1262,2.86329,2.86329
1263,2.86329,2.86329
1264,3.10161,3.10161
1265,3.10161,3.10161
1266,3.10161,3.10161
1267,3.10161,3.10161
1268,3.10161,3.10161
1269,3.10161,3.10161
1270,3.10161,3.10161
1271,3.10161,3.10161
1272,3.10161,3.10161
1273,3.10161,3.10161
1274,3.10161,3.10161
1275,3.10161,3.10161
1276,3.10161,3.10161
1277,3.18157,-3.10161
1278,3.18157,-3.10161
1279,3.18157,-3.10161
1280,3.18157,-3.10161
1281,3.18157,-3.10161
1282,3.18157,-3.10161
1283,3.18157,-3.10161
1284,3.18157,-3.10161
1285,3.18157,-3.10161
1286,3.18157,-3.10161
1287,3.18157,-3.10161
1288,3.18157,-3.10161
1289,3.18157,-3.10161
1290,3.18157,-3.10161
1291,3.18157,-3.10161
1292,3.18157,-3.10161
1293,3.18157,-3.10161
1294,2.9997,2.9997
1295,2.9997,2.9997
1296,2.9997,2.9997
1297,2.76109,2.76109
1298,2.76109,2.76109
1299,2.60117,2.60117
1300,2.60117,2.60117
1301,2.27942,2.27942
1302,2.27942,2.27942
1303,2.27942,2.27942
1304,2.27942,2.27942
1305,2.27942,2.27942
1306,2.27942,2.27942
1307,2.27942,2.27942
1308,2.27942,2.27942
1309,2.43297,2.43297
1310,2.43297,2.43297
1311,2.43297,2.43297
1312,2.43297,2.43297
1313,2.43297,2.43297
1314,2.43297,2.43297
1315,2.43297,2.43297
1316,2.03444,2.03444
1317,2.03444,2.03444
1318,2.62245,2.62245
1319,2.62245,2.62245
1320,2.62245,2.62245
1321,2.62245,2.62245
1322,2.62245,2.62245
1323,2.62245,2.62245
1324,2.62245,2.62245
1325,2.62245,2.62245
1326,2.7367,2.7367
1327,2.7367,2.7367
1328,2.7367,2.7367
1329,2.9997,2.9997
1330,2.9997,2.9997
1331,2.9997,2.9997
1332,2.9997,2.9997
1333,3.2129,-3.07029
1334,3.2129,-3.07029
1335,3.2129,-3.07029
1336,3.2129,-3.07029
1337,3.2129,-3.07029
1338,3.2129,-3.07029
1339,3.2129,-3.07029
1340,3.2129,-3.07029
1341,3.2129,-3.07029
1342,3.2129,-3.07029
1343,3.2129,-3.07029
1344,3.07029,3.07029
1345,3.07029,3.07029
1346,3.07029,3.07029
1347,3.07029,3.07029
1348,3.07029,3.07029
1349,3.07029,3.07029
1350,3.07029,3.07029
1351,2.7367,2.7367
1352,2.7367,2.7367
1353,2.7367,2.7367
1354,2.63449,2.63449
1355,2.63449,2.63449
1356,2.63449,2.63449
1357,2.63449,2.63449
1358,2.63449,2.63449
1359,2.63449,2.63449
1360,2.63449,2.63449
1361,2.63449,2.63449
1362,2.63449,2.63449
1363,2.63449,2.63449
1364,2.63449,2.63449
1365,2.72337,2.72337
1366,2.72337,2.72337
1367,2.72337,2.72337
1368,2.72337,2.72337
1369,2.72337,2.72337
1370,2.72337,2.72337
1371,2.72337,2.72337
1372,2.64225,2.64225
1373,2.64225,2.64225
1374,2.64225,2.64225
1375,2.64225,2.64225
1376,2.64225,2.64225
1377,2.64225,2.64225
1378,2.64225,2.64225
1379,2.64225,2.64225
1380,2.64225,2.64225
1381,2.64225,2.64225
1382,2.64225,2.64225
1383,2.64225,2.64225
1384,2.64225,2.64225
1385,2.64225,2.64225
1386,2.64225,2.64225
1387,2.64225,2.64225
1388,2.64225,2.64225
1389,2.64225,2.64225
1390,2.64225,2.64225
1391,2.64225,2.64225
1392,2.64225,2.64225
1393,2.64225,2.64225
1394,2.64225,2.64225
1395,2.64225,2.64225
1396,2.64225,2.64225
1397,2.72337,2.72337
1398,2.72337,2.72337
1399,2.72337,2.72337
1400,2.72337,2.72337
1401,2.78282,2.78282
1402,2.78282,2.78282
1403,2.86329,2.86329
1404,2.86329,2.86329
1405,3.04664,3.04664
1406,3.04664,3.04664
1407,3.04664,3.04664
1408,3.04664,3.04664
1409,3.04664,3.04664
1410,3.04664,3.04664
1411,3.04664,3.04664
1412,3.04664,3.04664
1413,3.04664,3.04664
1414,3.04664,3.04664
1415,3.04664,3.04664
1416,3.04664,3.04664
1417,3.04664,3.04664
1418,3.04664,3.04664
1419,3.04664,3.04664
1420,3.04664,3.04664
1421,3.04664,3.04664
1422,3.04664,3.04664
1423,3.04664,3.04664
1424,3.04664,3.04664
1425,3.04664,3.04664
1426,3.04664,3.04664
1427,2.55359,2.55359
1428,2.55359,2.55359
1429,2.55359,2.55359
1430,2.89661,2.89661
1431,2.89661,2.89661
1432,2.89661,2.89661
1433,2.89661,2.89661
1434,2.76109,2.76109
1435,2.76109,2.76109
1436,2.76109,2.76109
1437,2.76109,2.76109
1438,3.07029,3.07029
1439,3.07029,3.07029
1440,3.07029,3.07029
1441,3.07029,3.07029
1442,3.07029,3.07029
1443,3.07029,3.07029
1444,3.07029,3.07029
1445,3.07029,3.07029
1446,3.07029,3.07029
1447,3.07029,3.07029
1448,3.07029,3.07029
1449,3.07029,3.07029
1450,3.07029,3.07029
1451,3.07029,3.07029
1452,2.03444,2.03444
1453,2.03444,2.03444
1454,2.81984,2.81984
1455,2.81984,2.81984
1456,2.81984,2.81984
1457,1.89255,1.89255
1458,1.89255,1.89255
1459,1.89255,1.89255
1460,2.29744,2.29744
1461,2.29744,2.29744
1462,2.29744,2.29744
1463,2.29744,2.29744
1464,2.29744,2.29744
1465,2.29744,2.29744
1466,2.29744,2.29744
1467,2.41495,2.41495
1468,2.41495,2.41495
1469,2.41495,2.41495
1470,2.41495,2.41495
1471,2.41495,2.41495
1472,2.41495,2.41495
1473,2.41495,2.41495
1474,2.53931,2.53931
1475,2.53931,2.53931
1476,2.53931,2.53931
1477,2.53931,2.53931
1478,2.53931,2.53931
1479,2.53931,2.53931
1480,2.53931,2.53931
1481,2.53931,2.53931
1482,2.53931,2.53931
1483,2.53931,2.53931
1484,2.53931,2.53931
1485,2.53931,2.53931
1486,2.53931,2.53931
1487,2.53931,2.53931
1488,2.53931,2.53931
1489,2.53931,2.53931
1490,2.53931,2.53931
1491,2.53931,2.53931
1492,2.53931,2.53931
1493,2.53931,2.53931
1494,2.76109,2.76109
1495,2.76109,2.76109
1496,2.76109,2.76109
1497,2.76109,2.76109
1498,2.76109,2.76109
1499,2.62245,2.62245
1500,2.62245,2.62245
1501,2.62245,2.62245
1502,2.62245,2.62245
1503,2.62245,2.62245
1504,2.62245,2.62245
1505,2.62245,2.62245
1506,2.62245,2.62245
1507,2.62245,2.62245
1508,2.62245,2.62245
1509,2.62245,2.62245
1510,2.62245,2.62245
1511,2.62245,2.62245
1512,2.62245,2.62245
1513,2.62245,2.62245
1514,2.81984,2.81984
1515,2.81984,2.81984
1516,2.81984,2.81984
1517,2.55359,2.55359
1518,2.55359,2.55359
1519,2.55359,2.55359
1520,2.81984,2.81984
1521,2.81984,2.81984
1522,2.81984,2.81984
1523,2.52134,2.52134
1524,2.52134,2.52134
1525,2.52134,2.52134
1526,2.52134,2.52134
1527,2.52134,2.52134
1528,2.52134,2.52134
1529,2.52134,2.52134
1530,2.52134,2.52134
1531,2.58994,2.58994
1532,2.58994,2.58994
1533,2.58994,2.58994
1534,2.58994,2.58994
1535,2.58994,2.58994
1536,2.58994,2.58994
1537,2.58994,2.58994
1538,2.58994,2.58994
1539,2.58994,2.58994
1540,2.58994,2.58994
1541,2.58994,2.58994
1542,2.58994,2.58994
1543,2.58994,2.58994
1544,2.58994,2.58994
1545,2.58994,2.58994
1546,2.43297,2.43297
1547,2.43297,2.43297
1548,2.43297,2.43297
1549,2.43297,2.43297
1550,2.43297,2.43297
1551,2.43297,2.43297
1552,2.43297,2.43297
1553,2.43297,2.43297
1554,2.43297,2.43297
1555,2.43297,2.43297
1556,2.43297,2.43297
1557,2.52134,2.52134
1558,2.52134,2.52134
1559,2.52134,2.52134
1560,2.58299,2.58299
1561,2.58299,2.58299
1562,2.61352,2.61352
1563,2.61352,2.61352
1564,2.61352,2.61352
1565,2.61352,2.61352
1566,2.61352,2.61352
1567,2.61352,2.61352
1568,2.61352,2.61352
1569,2.61352,2.61352
1570,2.61352,2.61352
1571,2.61352,2.61352
1572,2.61352,2.61352
1573,2.61352,2.61352
1574,2.61352,2.61352
1575,2.61352,2.61352
1576,2.61352,2.61352
1577,2.61352,2.61352
1578,2.61352,2.61352
1579,2.61352,2.61352
1580,2.61352,2.61352
1581,2.61352,2.61352
1582,2.61352,2.61352
1583,2.61352,2.61352
1584,2.7367,2.7367
1585,2.7367,2.7367
1586,2.7367,2.7367
1587,2.7367,2.7367
1588,2.7367,2.7367
1589,2.7367,2.7367
1590,2.49809,2.49809
1591,2.49809,2.49809
1592,2.19105,2.19105
1593,2.19105,2.19105
1594,2.19105,2.19105
1595,2.19105,2.19105
1596,2.19105,2.19105
1597,2.19105,2.19105
1598,2.19105,2.19105
1599,2.19105,2.19105
1600,2.19105,2.19105
1601,2.30361,2.30361
1602,2.30361,2.30361
1603,2.30361,2.30361
1604,2.30361,2.30361
1605,2.30361,2.30361
1606,2.30361,2.30361
1607,2.30361,2.30361
1608,2.30361,2.30361
1609,2.40878,2.40878
1610,2.40878,2.40878
1611,2.40878,2.40878
1612,2.40878,2.40878
1613,2.40878,2.40878
1614,2.40878,2.40878
1615,2.40878,2.40878
1616,2.40878,2.40878
1617,2.40878,2.40878
1618,3.70019,-2.58299
1619,3.70019,-2.58299
1620,3.70019,-2.58299
1621,3.70019,-2.58299
1622,3.70019,-2.58299
1623,3.70019,-2.58299
1624,3.70019,-2.58299
1625,3.70019,-2.58299
1626,3.70019,-2.58299
1627,3.70019,-2.58299
1628,3.70019,-2.58299
1629,3.70019,-2.58299
1630,3.41989,-2.86329
1631,3.41989,-2.86329
1632,3.41989,-2.86329
1633,3.41989,-2.86329
1634,3.41989,-2.86329
1635,3.41989,-2.86329
1636,2.86329,2.86329
1637,2.86329,2.86329
1638,2.86329,2.86329
1639,2.86329,2.86329
1640,2.86329,2.86329
1641,2.86329,2.86329
1642,2.44685,2.44685
1643,2.44685,2.44685
1644,2.44685,2.44685
1645,2.44685,2.44685
1646,2.44685,2.44685
1647,2.44685,2.44685
1648,2.44685,2.44685
1649,2.44685,2.44685
1650,2.44685,2.44685
1651,2.44685,2.44685
1652,4.06889,-2.2143
1653,4.06889,-2.2143
1654,4.06889,-2.2143
1655,4.06889,-2.2143
1656,4.58803,-1.69515
1657,4.58803,-1.69515
1658,4.58803,-1.69515
1659,4.58803,-1.69515
1660,4.83674,-1.44644
1661,4.83674,-1.44644
1662,4.83674,-1.44644
1663,4.83674,-1.44644
1664,4.93106,-1.35213
1665,4.93106,-1.35213
1666,4.93106,-1.35213
1667,4.93106,-1.35213
1668,4.93106,-1.35213
1669,4.93106,-1.35213
1670,4.93106,-1.35213
1671,4.93106,-1.35213
1672,4.93106,-1.35213
1673,4.51499,-1.76819
1674,4.51499,-1.76819
1675,4.29416,-1.98902
1676,4.29416,-1.98902
1677,4.29416,-1.98902
1678,4.29416,-1.98902
1679,4.29416,-1.98902
1680,4.29416,-1.98902
1681,4.29416,-1.98902
1682,4.29416,-1.98902
1683,4.29416,-1.98902
1684,4.29416,-1.98902
1685,4.35362,-1.92957
1686,4.35362,-1.92957
1687,4.35362,-1.92957
1688,4.35362,-1.92957
1689,4.35362,-1.92957
1690,4.35362,-1.92957
1691,4.35362,-1.92957
1692,4.20529,-2.07789
1693,4.20529,-2.07789
1694,4.20529,-2.07789
1695,4.20529,-2.07789
1696,4.20529,-2.07789
1697,4.20529,-2.07789
1698,4.20529,-2.07789
1699,4.20529,-2.07789
1700,4.20529,-2.07789
1701,4.20529,-2.07789
1702,4.20529,-2.07789
1703,4.20529,-2.07789
1704,4.20529,-2.07789
1705,5.17604,-1.10715
1706,5.17604,-1.10715
1707,5.17604,-1.10715
1708,4.33188,-1.9513
1709,4.33188,-1.9513
1710,4.33188,-1.9513
1711,4.33188,-1.9513
1712,4.57049,-1.71269
1713,4.57049,-1.71269
1714,4.57049,-1.71269
1715,4.57049,-1.71269
1716,4.57049,-1.71269
1717,4.57049,-1.71269
1718,4.57049,-1.71269
1719,4.43409,-1.8491
1720,4.43409,-1.8491
1721,4.35362,-1.92957
1722,4.35362,-1.92957
1723,4.35362,-1.92957
1724,4.35362,-1.92957
1725,4.17197,-2.11122
1726,4.06889,-2.2143
1727,4.06889,-2.2143
1728,4.06889,-2.2143
1729,4.06889,-2.2143
1730,4.06889,-2.2143
1731,4.20529,-2.07789
1732,4.20529,-2.07789
1733,4.20529,-2.07789
1734,4.20529,-2.07789
1735,4.20529,-2.07789
1736,4.20529,-2.07789
1737,4.20529,-2.07789
1738,4.20529,-2.07789
1739,4.20529,-2.07789
1740,4.20529,-2.07789
1741,4.20529,-2.07789
1742,4.06889,-2.2143
1743,4.06889,-2.2143
1744,4.06889,-2.2143
1745,4.06889,-2.2143
1746,4.06889,-2.2143
1747,4.3176,-1.96559
1748,4.3176,-1.96559
1749,4.3176,-1.96559
1750,4.3176,-1.96559
1751,4.3176,-1.96559
1752,4.3176,-1.96559
1753,4.3176,-1.96559
1754,4.3176,-1.96559
1755,4.3176,-1.96559
1756,4.3176,-1.96559
1757,4.29416,-1.98902
1758,4.29416,-1.98902
1759,4.29416,-1.98902
1760,4.29416,-1.98902
1761,4.29416,-1.98902
1762,4.29416,-1.98902
1763,4.29416,-1.98902
1764,4.29416,-1.98902
1765,4.29416,-1.98902
1766,4.29416,-1.98902
1767,4.35362,-1.92957
1768,4.35362,-1.92957
1769,4.43409,-1.8491
1770,4.43409,-1.8491
1771,4.51499,-1.76819
1772,4.51499,-1.76819
1773,4.51499,-1.76819
1774,4.51499,-1.76819
1775,4.51499,-1.76819
