#Grabcut execution time: 0s 352ms 352270us 
0.0000              71.7334             
1.0000              68.1866             
2.0000              68.5825             
3.0000              68.7210             
4.0000              69.1078             
5.0000              69.5700             
6.0000              69.6596             
7.0000              69.6577             
8.0000              69.6577             
9.0000              69.6577             
10.0000             69.6577             
11.0000             69.6577             
12.0000             69.6577             
13.0000             69.6577             
14.0000             69.6577             
15.0000             69.6577             
16.0000             69.6577             
17.0000             69.6577             
18.0000             69.6577             
19.0000             69.6577             
20.0000             69.6577             
21.0000             69.6577             
22.0000             69.6577             
23.0000             69.6577             
24.0000             69.6577             
25.0000             69.6577             
26.0000             69.6577             
27.0000             69.6577             
28.0000             69.6577             
29.0000             69.6577             
30.0000             69.6577             
31.0000             69.6577             
#Execution time: 56s 56589ms 56589444us 
