n,tangent,t2
0,4.95737,-1.32582
1,4.95737,-1.32582
2,4.95737,-1.32582
3,4.95737,-1.32582
4,4.95737,-1.32582
5,4.95737,-1.32582
6,4.95737,-1.32582
7,4.95737,-1.32582
8,4.95737,-1.32582
9,4.95737,-1.32582
10,5.06538,-1.21781
11,5.06538,-1.21781
12,5.06538,-1.21781
13,5.06538,-1.21781
14,5.06538,-1.21781
15,5.06538,-1.21781
16,5.06538,-1.21781
17,5.06538,-1.21781
18,5.06538,-1.21781
19,5.06538,-1.21781
20,5.06538,-1.21781
21,5.06538,-1.21781
22,5.06538,-1.21781
23,5.06538,-1.21781
24,5.06538,-1.21781
25,5.06538,-1.21781
26,5.06538,-1.21781
27,5.06538,-1.21781
28,5.06538,-1.21781
29,5.00385,-1.27934
30,5.00385,-1.27934
31,5.00385,-1.27934
32,5.00385,-1.27934
33,5.00385,-1.27934
34,5.00385,-1.27934
35,5.00385,-1.27934
36,5.00385,-1.27934
37,5.00385,-1.27934
38,5.00385,-1.27934
39,5.00385,-1.27934
40,5.00385,-1.27934
41,5.30039,-0.982794
42,5.30039,-0.982794
43,5.30039,-0.982794
44,4.89224,-1.39094
45,4.89224,-1.39094
46,4.89224,-1.39094
47,4.89224,-1.39094
48,4.89224,-1.39094
49,4.89224,-1.39094
50,4.78916,-1.49402
51,4.78916,-1.49402
52,4.78916,-1.49402
53,4.78916,-1.49402
54,4.78916,-1.49402
55,4.78916,-1.49402
56,4.78916,-1.49402
57,4.78916,-1.49402
58,4.78916,-1.49402
59,4.78916,-1.49402
60,4.78916,-1.49402
61,4.78916,-1.49402
62,4.78916,-1.49402
63,4.93106,-1.35213
64,4.93106,-1.35213
65,4.93106,-1.35213
66,4.93106,-1.35213
67,4.93106,-1.35213
68,4.93106,-1.35213
69,4.89224,-1.39094
70,4.89224,-1.39094
71,4.89224,-1.39094
72,4.89224,-1.39094
73,4.89224,-1.39094
74,4.89224,-1.39094
75,4.89224,-1.39094
76,4.89224,-1.39094
77,4.89224,-1.39094
78,4.92348,-1.3597
79,4.92348,-1.3597
80,4.92348,-1.3597
81,4.93919,-1.344
82,4.93919,-1.344
83,4.93919,-1.344
84,4.93919,-1.344
85,4.93919,-1.344
86,4.97299,-1.31019
87,4.97299,-1.31019
88,4.97299,-1.31019
89,4.97299,-1.31019
90,4.97299,-1.31019
91,4.97299,-1.31019
92,4.97299,-1.31019
93,4.97299,-1.31019
94,4.97299,-1.31019
95,4.97299,-1.31019
96,4.97299,-1.31019
97,4.97299,-1.31019
98,4.97299,-1.31019
99,4.92348,-1.3597
100,4.92348,-1.3597
101,4.92348,-1.3597
102,4.92348,-1.3597
103,4.92348,-1.3597
104,4.92348,-1.3597
105,4.92348,-1.3597
106,4.92348,-1.3597
107,4.92348,-1.3597
108,4.92348,-1.3597
109,4.92348,-1.3597
110,4.92348,-1.3597
111,4.92348,-1.3597
112,4.93919,-1.344
113,4.93919,-1.344
114,4.93919,-1.344
115,4.93919,-1.344
116,4.93919,-1.344
117,4.93919,-1.344
118,4.93919,-1.344
119,4.93919,-1.344
120,4.93919,-1.344
121,4.93919,-1.344
122,5.13061,-1.15257
123,5.13061,-1.15257
124,5.13061,-1.15257
125,5.13061,-1.15257
126,5.13061,-1.15257
127,5.21949,-1.0637
128,5.21949,-1.0637
129,5.21949,-1.0637
130,5.21949,-1.0637
131,5.21949,-1.0637
132,5.67246,-0.610726
133,5.67246,-0.610726
134,5.67246,-0.610726
135,5.67246,-0.610726
136,5.67246,-0.610726
137,5.67246,-0.610726
138,5.67246,-0.610726
139,5.67246,-0.610726
140,5.67246,-0.610726
141,5.67246,-0.610726
142,5.67246,-0.610726
143,5.67246,-0.610726
144,5.67246,-0.610726
145,5.60844,-0.674741
146,5.60844,-0.674741
147,5.60844,-0.674741
148,5.37343,-0.909753
149,5.37343,-0.909753
150,5.37343,-0.909753
151,5.37343,-0.909753
152,5.37343,-0.909753
153,5.37343,-0.909753
154,5.37343,-0.909753
155,5.34119,-0.942
156,5.34119,-0.942
157,5.34119,-0.942
158,5.34119,-0.942
159,5.34119,-0.942
160,5.34119,-0.942
161,5.27099,-1.0122
162,5.27099,-1.0122
163,5.27099,-1.0122
164,5.27099,-1.0122
165,5.07956,-1.20362
166,5.07956,-1.20362
167,5.07956,-1.20362
168,5.07956,-1.20362
169,5.07956,-1.20362
170,5.07956,-1.20362
171,5.07956,-1.20362
172,5.07956,-1.20362
173,5.06116,-1.22203
174,5.06116,-1.22203
175,5.06116,-1.22203
176,5.06116,-1.22203
177,5.00385,-1.27934
178,5.00385,-1.27934
179,5.00385,-1.27934
180,5.00385,-1.27934
181,5.00385,-1.27934
182,5.00385,-1.27934
183,4.46741,-1.81577
184,4.46741,-1.81577
185,4.36362,-1.91957
186,4.36362,-1.91957
187,4.36362,-1.91957
188,4.36362,-1.91957
189,4.36362,-1.91957
190,4.36362,-1.91957
191,4.36362,-1.91957
192,4.36362,-1.91957
193,4.42093,-1.86225
194,4.42093,-1.86225
195,4.42093,-1.86225
196,4.42093,-1.86225
197,4.57049,-1.71269
198,4.57049,-1.71269
199,4.57049,-1.71269
200,4.57049,-1.71269
201,4.85429,-1.4289
202,4.85429,-1.4289
203,4.85429,-1.4289
204,4.85429,-1.4289
205,4.85429,-1.4289
206,4.85429,-1.4289
207,4.39064,-1.89255
208,4.17197,-2.11122
209,4.17197,-2.11122
210,4.17197,-2.11122
211,4.17197,-2.11122
212,4.17197,-2.11122
213,4.35362,-1.92957
214,4.35362,-1.92957
215,4.35362,-1.92957
216,4.43409,-1.8491
217,4.43409,-1.8491
218,4.51499,-1.76819
219,4.51499,-1.76819
220,4.51499,-1.76819
221,4.93106,-1.35213
222,4.93106,-1.35213
223,4.93106,-1.35213
224,4.93106,-1.35213
225,4.93106,-1.35213
226,4.93106,-1.35213
227,4.93106,-1.35213
228,5.33264,-0.950547
229,5.33264,-0.950547
230,5.33264,-0.950547
231,5.33264,-0.950547
232,5.33264,-0.950547
233,5.33264,-0.950547
234,5.33264,-0.950547
235,5.66294,-0.620249
236,5.66294,-0.620249
237,5.66294,-0.620249
238,5.66294,-0.620249
239,5.66294,-0.620249
240,5.73153,-0.551655
241,5.73153,-0.551655
242,5.73153,-0.551655
243,5.73153,-0.551655
244,5.73153,-0.551655
245,5.73153,-0.551655
246,5.75511,-0.528074
247,5.75511,-0.528074
248,5.75511,-0.528074
249,5.75511,-0.528074
250,5.77609,-0.507099
251,5.77609,-0.507099
252,5.77609,-0.507099
253,5.77609,-0.507099
254,5.77609,-0.507099
255,5.77609,-0.507099
256,5.77609,-0.507099
257,5.77609,-0.507099
258,5.77609,-0.507099
259,5.77609,-0.507099
260,5.77609,-0.507099
261,5.77609,-0.507099
262,5.77609,-0.507099
263,5.77609,-0.507099
264,5.77609,-0.507099
265,5.77609,-0.507099
266,5.77609,-0.507099
267,5.87829,-0.404892
268,5.87829,-0.404892
269,5.87829,-0.404892
270,5.92441,-0.358771
271,5.92441,-0.358771
272,6.00489,-0.2783
273,6.00489,-0.2783
274,6.00489,-0.2783
275,6.00489,-0.2783
276,6.00489,-0.2783
277,6.00489,-0.2783
278,5.87829,-0.404892
279,5.87829,-0.404892
280,5.87829,-0.404892
281,5.76404,-0.519146
282,5.76404,-0.519146
283,5.76404,-0.519146
284,5.60844,-0.674741
285,5.60844,-0.674741
286,5.60844,-0.674741
287,5.38713,-0.896055
288,5.38713,-0.896055
289,5.38713,-0.896055
290,5.38713,-0.896055
291,5.38713,-0.896055
292,5.81954,-0.463648
293,5.81954,-0.463648
294,5.35589,-0.927295
295,5.35589,-0.927295
296,5.35589,-0.927295
297,5.35589,-0.927295
298,5.35589,-0.927295
299,5.35589,-0.927295
300,5.35589,-0.927295
301,5.21949,-1.0637
302,5.21949,-1.0637
303,5.21949,-1.0637
304,5.21949,-1.0637
305,5.21949,-1.0637
306,5.13061,-1.15257
307,5.13061,-1.15257
308,5.13061,-1.15257
309,5.13061,-1.15257
310,5.07116,-1.21203
311,5.07116,-1.21203
312,4.99069,-1.2925
313,4.99069,-1.2925
314,4.87754,-1.40565
315,4.87754,-1.40565
316,4.87754,-1.40565
317,4.87754,-1.40565
318,4.87754,-1.40565
319,4.87754,-1.40565
320,5.30039,-0.982794
321,5.30039,-0.982794
322,5.30039,-0.982794
323,5.30039,-0.982794
324,5.30039,-0.982794
325,5.30039,-0.982794
326,5.69518,-0.588003
327,5.69518,-0.588003
328,5.69518,-0.588003
329,5.17604,-1.10715
330,5.17604,-1.10715
331,5.96143,-0.321751
332,5.96143,-0.321751
333,5.96143,-0.321751
334,5.58845,-0.694738
335,5.58845,-0.694738
336,5.58845,-0.694738
337,5.58845,-0.694738
338,5.40713,-0.876058
339,5.40713,-0.876058
340,5.40713,-0.876058
341,5.40713,-0.876058
342,5.25281,-1.03038
343,5.25281,-1.03038
344,5.0929,-1.19029
345,4.90978,-1.3734
346,4.90978,-1.3734
347,4.90978,-1.3734
348,4.51499,-1.76819
349,4.51499,-1.76819
350,4.43409,-1.8491
351,4.43409,-1.8491
352,4.43409,-1.8491
353,4.43409,-1.8491
354,3.60524,-2.67795
355,3.60524,-2.67795
356,4.12439,-2.1588
357,4.12439,-2.1588
358,4.12439,-2.1588
359,4.12439,-2.1588
360,4.12439,-2.1588
361,4.12439,-2.1588
362,4.12439,-2.1588
363,3.85022,-2.43297
364,3.85022,-2.43297
365,3.85022,-2.43297
366,3.85022,-2.43297
367,3.85022,-2.43297
368,3.85022,-2.43297
369,3.85022,-2.43297
370,3.85022,-2.43297
371,3.85022,-2.43297
372,3.85022,-2.43297
373,3.85022,-2.43297
374,3.85022,-2.43297
375,3.85022,-2.43297
376,3.85022,-2.43297
377,3.85022,-2.43297
378,4.01765,-2.26553
379,4.01765,-2.26553
380,4.01765,-2.26553
381,4.01765,-2.26553
382,4.01765,-2.26553
383,4.01765,-2.26553
384,3.83633,-2.44685
385,3.83633,-2.44685
386,3.83633,-2.44685
387,3.83633,-2.44685
388,3.83633,-2.44685
389,3.83633,-2.44685
390,4.09214,-2.19105
391,4.09214,-2.19105
392,4.09214,-2.19105
393,4.09214,-2.19105
394,4.09214,-2.19105
395,4.09214,-2.19105
396,4.09214,-2.19105
397,4.09214,-2.19105
398,4.09214,-2.19105
399,3.78509,-2.49809
400,3.78509,-2.49809
401,3.78509,-2.49809
402,3.78509,-2.49809
403,4.03765,-2.24554
404,4.03765,-2.24554
405,4.03765,-2.24554
406,4.03765,-2.24554
407,4.03765,-2.24554
408,4.03765,-2.24554
409,4.03765,-2.24554
410,4.03765,-2.24554
411,4.03765,-2.24554
412,4.39064,-1.89255
413,4.39064,-1.89255
414,4.39064,-1.89255
415,4.12439,-2.1588
416,4.12439,-2.1588
417,4.12439,-2.1588
418,4.12439,-2.1588
419,5.35589,-0.927295
420,5.35589,-0.927295
421,5.35589,-0.927295
422,5.63968,-0.643501
423,5.63968,-0.643501
424,5.63968,-0.643501
425,0.244979,0.244979
426,0.244979,0.244979
427,0.244979,0.244979
428,0.244979,0.244979
429,0.244979,0.244979
430,0.244979,0.244979
431,0.643501,0.643501
432,0.643501,0.643501
433,0.643501,0.643501
434,0.643501,0.643501
435,0.643501,0.643501
436,0.321751,0.321751
437,0.321751,0.321751
438,0.321751,0.321751
439,0.610726,0.610726
440,0.610726,0.610726
441,0.610726,0.610726
442,0.610726,0.610726
443,0.610726,0.610726
444,0.610726,0.610726
445,0.610726,0.610726
446,0.610726,0.610726
447,0.610726,0.610726
448,0.610726,0.610726
449,0.610726,0.610726
450,0.610726,0.610726
451,0.610726,0.610726
452,0.610726,0.610726
453,0.610726,0.610726
454,0.566729,0.566729
455,0.566729,0.566729
456,0.566729,0.566729
457,0.566729,0.566729
458,0.566729,0.566729
459,0.566729,0.566729
460,0.566729,0.566729
461,0.566729,0.566729
462,0.566729,0.566729
463,0.566729,0.566729
464,0.566729,0.566729
465,0.566729,0.566729
466,0.566729,0.566729
467,0.566729,0.566729
468,0.566729,0.566729
469,0.566729,0.566729
470,0.566729,0.566729
471,0.566729,0.566729
472,0.566729,0.566729
473,0.566729,0.566729
474,0.982794,0.982794
475,0.982794,0.982794
476,0.982794,0.982794
477,0.571337,0.571337
478,0.571337,0.571337
479,0.571337,0.571337
480,0.571337,0.571337
481,0.571337,0.571337
482,0.571337,0.571337
483,0.571337,0.571337
484,0.571337,0.571337
485,0.571337,0.571337
486,0.571337,0.571337
487,0.571337,0.571337
488,0.571337,0.571337
489,0.571337,0.571337
490,0.571337,0.571337
491,0.571337,0.571337
492,0.571337,0.571337
493,0.571337,0.571337
494,0.571337,0.571337
495,0.358771,0.358771
496,0.358771,0.358771
497,0.358771,0.358771
498,0.2783,0.2783
499,0.2783,0.2783
500,0.124355,0.124355
501,0.124355,0.124355
502,0.124355,0.124355
503,0.124355,0.124355
504,6.15883,-0.124355
505,6.15883,-0.124355
506,6.15883,-0.124355
507,6.15883,-0.124355
508,5.90268,-0.380506
509,5.90268,-0.380506
510,5.71646,-0.566729
511,5.71646,-0.566729
512,5.71646,-0.566729
513,5.71646,-0.566729
514,5.71646,-0.566729
515,5.71646,-0.566729
516,5.67246,-0.610726
517,5.67246,-0.610726
518,5.67246,-0.610726
519,5.67246,-0.610726
520,5.67246,-0.610726
521,5.55654,-0.726642
522,5.55654,-0.726642
523,5.55654,-0.726642
524,5.55654,-0.726642
525,5.55654,-0.726642
526,5.55654,-0.726642
527,5.55654,-0.726642
528,5.43903,-0.844154
529,5.43903,-0.844154
530,5.43903,-0.844154
531,5.43903,-0.844154
532,5.43903,-0.844154
533,5.43903,-0.844154
534,5.43903,-0.844154
535,5.36808,-0.915101
536,5.36808,-0.915101
537,5.36808,-0.915101
538,5.36808,-0.915101
539,5.36808,-0.915101
540,5.36808,-0.915101
541,5.36808,-0.915101
542,5.36808,-0.915101
543,5.36808,-0.915101
544,5.36808,-0.915101
545,5.36808,-0.915101
546,5.36808,-0.915101
547,5.36808,-0.915101
548,5.36808,-0.915101
549,5.03414,-1.24905
550,5.03414,-1.24905
551,5.03414,-1.24905
552,5.25281,-1.03038
553,5.25281,-1.03038
554,5.25281,-1.03038
555,5.25281,-1.03038
556,5.25281,-1.03038
557,5.25281,-1.03038
558,5.25281,-1.03038
559,5.25281,-1.03038
560,5.38713,-0.896055
561,5.38713,-0.896055
562,5.38713,-0.896055
563,5.60844,-0.674741
564,5.60844,-0.674741
565,5.60844,-0.674741
566,5.74277,-0.54042
567,5.74277,-0.54042
568,5.90268,-0.380506
569,5.90268,-0.380506
570,5.90268,-0.380506
571,0.321751,0.321751
572,0.643501,0.643501
573,0.643501,0.643501
574,0.643501,0.643501
575,0.643501,0.643501
576,0.643501,0.643501
577,1.8491,1.8491
578,1.8491,1.8491
579,1.8491,1.8491
580,1.8491,1.8491
581,1.8491,1.8491
582,1.8491,1.8491
583,1.8491,1.8491
584,1.8491,1.8491
585,1.8491,1.8491
586,1.8491,1.8491
587,1.8491,1.8491
588,1.8491,1.8491
589,1.8491,1.8491
590,1.8491,1.8491
591,2.11122,2.11122
592,2.11122,2.11122
593,2.11122,2.11122
594,2.11122,2.11122
595,2.11122,2.11122
596,1.9513,1.9513
597,1.73595,1.73595
598,1.73595,1.73595
599,1.73595,1.73595
600,1.73595,1.73595
601,1.73595,1.73595
602,1.73595,1.73595
603,1.78947,1.78947
604,1.78947,1.78947
605,1.78947,1.78947
606,1.78947,1.78947
607,1.78947,1.78947
608,1.78947,1.78947
609,1.78947,1.78947
610,1.78947,1.78947
611,1.78947,1.78947
612,1.3734,1.3734
613,1.3734,1.3734
614,1.1659,1.1659
615,1.1659,1.1659
616,1.1659,1.1659
617,1.05165,1.05165
618,1.05165,1.05165
619,1.05165,1.05165
620,1.05165,1.05165
621,1.05165,1.05165
622,1.05165,1.05165
623,1.05165,1.05165
624,1.05165,1.05165
625,0.463648,0.463648
626,0.463648,0.463648
627,0.927295,0.927295
628,0.927295,0.927295
629,0.927295,0.927295
630,0.927295,0.927295
631,0.927295,0.927295
632,0.927295,0.927295
633,0.927295,0.927295
634,6.23323,-0.0499584
635,6.23323,-0.0499584
636,6.23323,-0.0499584
637,6.23323,-0.0499584
638,6.23323,-0.0499584
639,6.23323,-0.0499584
640,6.23323,-0.0499584
641,6.23323,-0.0499584
642,6.23323,-0.0499584
643,6.23323,-0.0499584
644,6.23323,-0.0499584
645,0.0499584,0.0499584
646,0.0499584,0.0499584
647,0.0499584,0.0499584
648,0.0499584,0.0499584
649,0.0499584,0.0499584
650,0.0499584,0.0499584
651,0.0499584,0.0499584
652,0.0499584,0.0499584
653,0.0499584,0.0499584
654,0.0499584,0.0499584
655,0.0748598,0.0748598
656,0.0748598,0.0748598
657,0.0748598,0.0748598
658,0.0748598,0.0748598
659,0.0748598,0.0748598
660,0.0748598,0.0748598
661,0.0748598,0.0748598
662,0.0748598,0.0748598
663,0.0748598,0.0748598
664,0.0748598,0.0748598
665,0.0748598,0.0748598
666,0.0748598,0.0748598
667,0.0748598,0.0748598
668,0.0748598,0.0748598
669,0.0748598,0.0748598
670,0.0748598,0.0748598
671,0.0748598,0.0748598
672,0.0748598,0.0748598
673,0.0748598,0.0748598
674,0.0748598,0.0748598
675,0.0748598,0.0748598
676,0.0748598,0.0748598
677,0.0748598,0.0748598
678,0.0748598,0.0748598
679,0.0748598,0.0748598
680,0.0748598,0.0748598
681,0.0748598,0.0748598
682,0.0748598,0.0748598
683,0.380506,0.380506
684,0.380506,0.380506
685,0.54042,0.54042
686,0.643501,0.643501
687,0.643501,0.643501
688,0.643501,0.643501
689,0.643501,0.643501
690,0.643501,0.643501
691,2.1588,2.1588
692,2.1588,2.1588
693,2.1588,2.1588
694,2.1588,2.1588
695,2.1588,2.1588
696,2.1588,2.1588
697,2.62245,2.62245
698,2.62245,2.62245
699,2.62245,2.62245
700,2.62245,2.62245
701,2.7367,2.7367
702,2.7367,2.7367
703,2.7367,2.7367
704,3.05093,3.05093
705,3.05093,3.05093
706,3.05093,3.05093
707,3.05093,3.05093
708,3.05093,3.05093
709,3.05093,3.05093
710,3.05093,3.05093
711,3.05093,3.05093
712,3.05093,3.05093
713,3.05093,3.05093
714,3.05093,3.05093
715,3.02448,3.02448
716,3.02448,3.02448
717,3.02448,3.02448
718,3.02448,3.02448
719,3.02448,3.02448
720,3.02448,3.02448
721,3.02448,3.02448
722,3.02448,3.02448
723,3.02448,3.02448
724,2.76109,2.76109
725,2.76109,2.76109
726,2.60117,2.60117
727,2.60117,2.60117
728,2.60117,2.60117
729,2.60117,2.60117
730,2.81984,2.81984
731,2.81984,2.81984
732,2.81984,2.81984
733,2.55359,2.55359
734,2.55359,2.55359
735,2.55359,2.55359
736,2.55359,2.55359
737,2.55359,2.55359
738,2.55359,2.55359
739,2.55359,2.55359
740,2.55359,2.55359
741,2.81984,2.81984
742,2.81984,2.81984
743,2.81984,2.81984
744,2.49809,2.49809
745,2.49809,2.49809
746,2.2143,2.2143
747,2.2143,2.2143
748,2.11122,2.11122
749,2.11122,2.11122
750,1.9513,1.9513
751,1.73595,1.73595
752,1.73595,1.73595
753,1.73595,1.73595
754,1.40565,1.40565
755,1.40565,1.40565
756,1.40565,1.40565
757,1.19029,1.19029
758,1.19029,1.19029
759,1.03038,1.03038
760,0.896055,0.896055
761,0.896055,0.896055
762,0.896055,0.896055
763,0.674741,0.674741
764,0.674741,0.674741
765,0.674741,0.674741
766,0.620249,0.620249
767,0.620249,0.620249
768,0.620249,0.620249
769,0.558599,0.558599
770,0.558599,0.558599
771,0.558599,0.558599
772,0.558599,0.558599
773,0.558599,0.558599
774,0.558599,0.558599
775,0.558599,0.558599
776,0.661043,0.661043
777,0.661043,0.661043
778,0.661043,0.661043
779,0.661043,0.661043
780,0.661043,0.661043
781,0.661043,0.661043
782,0.661043,0.661043
783,0.699893,0.699893
784,0.699893,0.699893
785,0.699893,0.699893
786,0.699893,0.699893
787,0.699893,0.699893
788,0.699893,0.699893
789,0.699893,0.699893
790,0.699893,0.699893
791,0.699893,0.699893
792,0.699893,0.699893
793,0.699893,0.699893
794,0.699893,0.699893
795,0.699893,0.699893
796,0.699893,0.699893
797,0.699893,0.699893
798,0.699893,0.699893
799,0.699893,0.699893
800,0.699893,0.699893
801,0.699893,0.699893
802,0.699893,0.699893
803,0.699893,0.699893
804,0.699893,0.699893
805,0.726642,0.726642
806,0.726642,0.726642
807,0.726642,0.726642
808,0.726642,0.726642
809,0.726642,0.726642
810,0.726642,0.726642
811,0.726642,0.726642
812,0.844154,0.844154
813,0.844154,0.844154
814,0.844154,0.844154
815,0.844154,0.844154
816,0.844154,0.844154
817,0.844154,0.844154
818,0.844154,0.844154
819,0.885067,0.885067
820,0.885067,0.885067
821,0.885067,0.885067
822,0.885067,0.885067
823,0.885067,0.885067
824,0.885067,0.885067
825,0.885067,0.885067
826,0.885067,0.885067
827,0.885067,0.885067
828,0.965252,0.965252
829,0.965252,0.965252
830,0.965252,0.965252
831,0.965252,0.965252
832,0.965252,0.965252
833,0.965252,0.965252
834,0.965252,0.965252
835,0.965252,0.965252
836,0.965252,0.965252
837,0.965252,0.965252
838,0.965252,0.965252
839,0.965252,0.965252
840,0.965252,0.965252
841,0.965252,0.965252
842,0.965252,0.965252
843,1.27934,1.27934
844,1.27934,1.27934
845,1.27934,1.27934
846,1.27934,1.27934
847,1.27934,1.27934
848,1.27934,1.27934
849,1.27934,1.27934
850,1.27934,1.27934
851,1.40565,1.40565
852,1.40565,1.40565
853,1.40565,1.40565
854,1.40565,1.40565
855,1.40565,1.40565
856,1.40565,1.40565
857,1.40565,1.40565
858,1.40565,1.40565
859,1.40565,1.40565
860,1.81577,1.81577
861,1.81577,1.81577
862,1.81577,1.81577
863,1.81577,1.81577
864,1.81577,1.81577
865,1.81577,1.81577
866,1.98902,1.98902
867,1.98902,1.98902
868,1.98902,1.98902
869,1.98902,1.98902
870,1.98902,1.98902
871,2.07789,2.07789
872,2.07789,2.07789
873,2.07789,2.07789
874,2.07789,2.07789
875,2.31917,2.31917
876,2.31917,2.31917
877,2.31917,2.31917
878,2.31917,2.31917
879,2.31917,2.31917
880,2.31917,2.31917
881,2.31917,2.31917
882,2.31917,2.31917
883,2.31917,2.31917
884,2.31917,2.31917
885,2.31917,2.31917
886,2.31917,2.31917
887,2.31917,2.31917
888,2.31917,2.31917
889,2.31917,2.31917
890,2.31917,2.31917
891,2.31917,2.31917
892,2.31917,2.31917
893,2.31917,2.31917
894,2.31917,2.31917
895,2.31917,2.31917
896,2.31917,2.31917
897,2.31917,2.31917
898,2.31917,2.31917
899,2.31917,2.31917
900,2.19105,2.19105
901,2.19105,2.19105
902,2.19105,2.19105
903,2.1294,2.1294
904,2.1294,2.1294
905,2.1294,2.1294
906,2.1294,2.1294
907,2.1294,2.1294
908,2.1294,2.1294
909,2.1294,2.1294
910,2.24554,2.24554
911,2.24554,2.24554
912,2.24554,2.24554
913,2.24554,2.24554
914,2.24554,2.24554
915,2.24554,2.24554
916,2.24554,2.24554
917,2.24554,2.24554
918,2.24554,2.24554
919,2.24554,2.24554
920,2.24554,2.24554
921,2.24554,2.24554
922,2.24554,2.24554
923,2.24554,2.24554
924,2.24554,2.24554
925,2.24554,2.24554
926,2.24554,2.24554
927,2.24554,2.24554
928,2.24554,2.24554
929,2.24554,2.24554
930,2.24554,2.24554
931,2.24554,2.24554
932,2.24554,2.24554
933,2.24554,2.24554
934,2.24554,2.24554
935,2.24554,2.24554
936,2.24554,2.24554
937,2.24554,2.24554
938,2.62245,2.62245
939,2.62245,2.62245
940,2.62245,2.62245
941,2.62245,2.62245
942,2.7367,2.7367
943,2.7367,2.7367
944,2.7367,2.7367
945,2.9442,2.9442
946,2.9442,2.9442
947,2.9442,2.9442
948,2.9442,2.9442
949,2.9442,2.9442
950,2.9442,2.9442
951,2.9442,2.9442
952,3.38657,-2.89661
953,3.38657,-2.89661
954,3.38657,-2.89661
955,3.38657,-2.89661
956,2.89661,2.89661
957,2.89661,2.89661
958,2.89661,2.89661
959,2.89661,2.89661
960,3.60524,-2.67795
961,3.60524,-2.67795
962,3.60524,-2.67795
963,2.35619,2.35619
964,2.35619,2.35619
965,3.5221,-2.76109
966,3.5221,-2.76109
967,3.5221,-2.76109
968,3.5221,-2.76109
969,3.5221,-2.76109
970,3.5221,-2.76109
971,3.68201,-2.60117
972,3.85022,-2.43297
973,3.85022,-2.43297
974,3.85022,-2.43297
975,3.85022,-2.43297
976,3.85022,-2.43297
977,4.00376,-2.27942
978,4.00376,-2.27942
979,4.00376,-2.27942
980,4.00376,-2.27942
981,4.00376,-2.27942
982,4.09214,-2.19105
983,4.09214,-2.19105
984,4.09214,-2.19105
985,4.09214,-2.19105
986,4.09214,-2.19105
987,4.57049,-1.71269
988,4.57049,-1.71269
989,4.57049,-1.71269
990,4.57049,-1.71269
991,4.85429,-1.4289
992,4.85429,-1.4289
993,4.85429,-1.4289
994,4.85429,-1.4289
995,4.85429,-1.4289
996,4.85429,-1.4289
997,4.39064,-1.89255
998,4.12439,-2.1588
999,3.68201,-2.60117
1000,3.68201,-2.60117
1001,3.68201,-2.60117
1002,3.68201,-2.60117
1003,3.68201,-2.60117
1004,3.68201,-2.60117
1005,3.68201,-2.60117
1006,4.12439,-2.1588
1007,4.12439,-2.1588
1008,4.12439,-2.1588
1009,4.12439,-2.1588
1010,3.7296,-2.55359
1011,3.44009,-2.84309
1012,3.44009,-2.84309
1013,3.44009,-2.84309
1014,3.44009,-2.84309
1015,3.44009,-2.84309
1016,3.44009,-2.84309
1017,3.44009,-2.84309
1018,3.44009,-2.84309
1019,3.44009,-2.84309
1020,3.44009,-2.84309
1021,3.48462,-2.79857
1022,3.48462,-2.79857
1023,3.48462,-2.79857
1024,3.48462,-2.79857
1025,3.48462,-2.79857
1026,3.48462,-2.79857
1027,3.58911,-2.69407
1028,3.58911,-2.69407
1029,3.58911,-2.69407
1030,3.58911,-2.69407
1031,3.58911,-2.69407
1032,3.58911,-2.69407
1033,3.58911,-2.69407
1034,3.58911,-2.69407
1035,3.58911,-2.69407
1036,3.58911,-2.69407
1037,3.58911,-2.69407
1038,3.58911,-2.69407
1039,3.58911,-2.69407
1040,3.58911,-2.69407
1041,3.58911,-2.69407
1042,3.58911,-2.69407
1043,3.58911,-2.69407
1044,3.58911,-2.69407
1045,3.58911,-2.69407
1046,3.58911,-2.69407
1047,3.58911,-2.69407
1048,3.58911,-2.69407
1049,3.58911,-2.69407
1050,3.58911,-2.69407
1051,3.58911,-2.69407
1052,3.58911,-2.69407
1053,3.58911,-2.69407
1054,3.58911,-2.69407
1055,3.58911,-2.69407
1056,3.58911,-2.69407
1057,3.58911,-2.69407
1058,3.58911,-2.69407
1059,3.58911,-2.69407
1060,3.58911,-2.69407
1061,3.33899,-2.9442
1062,3.33899,-2.9442
1063,3.33899,-2.9442
1064,2.9442,2.9442
1065,2.9442,2.9442
1066,1.71269,1.71269
1067,1.71269,1.71269
1068,1.71269,1.71269
1069,1.71269,1.71269
1070,1.4289,1.4289
1071,1.4289,1.4289
1072,1.4289,1.4289
1073,1.19029,1.19029
1074,1.19029,1.19029
1075,1.19029,1.19029
1076,1.19029,1.19029
1077,1.3734,1.3734
1078,1.3734,1.3734
1079,1.3734,1.3734
1080,1.3734,1.3734
1081,1.3734,1.3734
1082,0.404892,0.404892
1083,0.404892,0.404892
1084,0.404892,0.404892
1085,0.404892,0.404892
1086,0.404892,0.404892
1087,0.404892,0.404892
1088,0.404892,0.404892
1089,0.404892,0.404892
1090,0.404892,0.404892
1091,0.404892,0.404892
1092,0.404892,0.404892
1093,0.404892,0.404892
1094,0.404892,0.404892
1095,0.110657,0.110657
1096,0.110657,0.110657
1097,0.110657,0.110657
1098,0.110657,0.110657
1099,0.110657,0.110657
1100,0.110657,0.110657
1101,0.110657,0.110657
1102,0.110657,0.110657
1103,0.110657,0.110657
1104,0.588003,0.588003
1105,0.588003,0.588003
1106,0.588003,0.588003
1107,0.588003,0.588003
1108,0.588003,0.588003
1109,0.588003,0.588003
1110,0.982794,0.982794
1111,1.24905,1.24905
1112,1.24905,1.24905
1113,1.24905,1.24905
1114,0.54042,0.54042
1115,0.54042,0.54042
1116,0.54042,0.54042
1117,0.54042,0.54042
1118,0.54042,0.54042
1119,0.694738,0.694738
1120,0.694738,0.694738
1121,0.694738,0.694738
1122,0.694738,0.694738
1123,0.876058,0.876058
1124,0.876058,0.876058
1125,0.876058,0.876058
1126,0.876058,0.876058
1127,1.51821,1.51821
1128,1.51821,1.51821
1129,1.51821,1.51821
1130,1.51821,1.51821
1131,1.51821,1.51821
1132,1.51821,1.51821
1133,1.51821,1.51821
1134,1.51821,1.51821
1135,1.51821,1.51821
1136,1.51821,1.51821
1137,1.62338,1.62338
1138,1.62338,1.62338
1139,1.62338,1.62338
1140,1.62338,1.62338
1141,1.62338,1.62338
1142,1.62338,1.62338
1143,1.62338,1.62338
1144,1.62338,1.62338
1145,1.62338,1.62338
1146,1.62338,1.62338
1147,1.62338,1.62338
1148,1.62338,1.62338
1149,1.62338,1.62338
1150,1.62338,1.62338
1151,1.62338,1.62338
1152,1.62338,1.62338
1153,1.48766,1.48766
1154,1.48766,1.48766
1155,1.48766,1.48766
1156,1.48766,1.48766
1157,1.48766,1.48766
1158,1.48766,1.48766
1159,1.39094,1.39094
1160,1.39094,1.39094
1161,1.39094,1.39094
1162,1.39094,1.39094
1163,1.39094,1.39094
1164,1.39094,1.39094
1165,1.2925,1.2925
1166,1.2925,1.2925
1167,1.2925,1.2925
1168,1.2925,1.2925
1169,1.2925,1.2925
1170,1.46014,1.46014
1171,1.46014,1.46014
1172,1.46014,1.46014
1173,1.46014,1.46014
1174,1.46014,1.46014
1175,1.68145,1.68145
1176,1.68145,1.68145
1177,1.68145,1.68145
1178,1.68145,1.68145
1179,1.8491,1.8491
1180,1.8491,1.8491
1181,1.92957,1.92957
1182,1.92957,1.92957
1183,1.99742,1.99742
1184,1.99742,1.99742
1185,1.99742,1.99742
1186,1.99742,1.99742
1187,1.99742,1.99742
1188,1.99742,1.99742
1189,2.07014,2.07014
1190,2.07014,2.07014
1191,2.07014,2.07014
1192,2.07014,2.07014
1193,2.07014,2.07014
1194,2.07014,2.07014
1195,2.07014,2.07014
1196,2.07014,2.07014
1197,2.07014,2.07014
1198,1.9513,1.9513
1199,1.9513,1.9513
1200,1.9513,1.9513
1201,1.9513,1.9513
1202,1.9513,1.9513
1203,2.11122,2.11122
1204,2.20355,2.20355
1205,2.20355,2.20355
1206,2.20355,2.20355
1207,2.20355,2.20355
1208,2.20355,2.20355
1209,2.20355,2.20355
1210,2.20355,2.20355
1211,2.20355,2.20355
1212,2.20355,2.20355
1213,2.20355,2.20355
1214,2.20355,2.20355
1215,2.20355,2.20355
1216,2.20355,2.20355
1217,2.20355,2.20355
1218,2.20355,2.20355
1219,2.20355,2.20355
1220,2.20355,2.20355
1221,2.20355,2.20355
1222,2.20355,2.20355
1223,2.20355,2.20355
1224,2.20355,2.20355
1225,2.20355,2.20355
1226,2.1294,2.1294
1227,2.1294,2.1294
1228,2.08994,2.08994
1229,2.08994,2.08994
1230,2.08994,2.08994
1231,1.97569,1.97569
1232,1.97569,1.97569
1233,1.97569,1.97569
1234,1.67046,1.67046
1235,1.67046,1.67046
1236,1.67046,1.67046
1237,1.67046,1.67046
1238,1.67046,1.67046
1239,1.67046,1.67046
1240,1.67046,1.67046
1241,1.67046,1.67046
1242,1.67046,1.67046
1243,1.67046,1.67046
1244,1.67046,1.67046
1245,1.67046,1.67046
1246,0.785398,0.785398
1247,0.785398,0.785398
1248,1.76819,1.76819
1249,1.76819,1.76819
1250,1.76819,1.76819
1251,1.76819,1.76819
1252,1.76819,1.76819
1253,1.76819,1.76819
1254,1.76819,1.76819
1255,1.76819,1.76819
1256,1.76819,1.76819
1257,1.76819,1.76819
1258,1.76819,1.76819
1259,1.76819,1.76819
1260,1.8491,1.8491
1261,1.8491,1.8491
1262,1.8491,1.8491
1263,1.8491,1.8491
1264,1.8491,1.8491
1265,1.8491,1.8491
1266,0.785398,0.785398
1267,0.785398,0.785398
1268,2.67795,2.67795
1269,2.67795,2.67795
1270,1.78947,1.78947
1271,1.78947,1.78947
1272,1.78947,1.78947
1273,1.78947,1.78947
1274,1.78947,1.78947
1275,1.78947,1.78947
1276,1.78947,1.78947
1277,1.78947,1.78947
1278,1.78947,1.78947
1279,1.78947,1.78947
1280,2.67795,2.67795
1281,2.67795,2.67795
1282,1.9513,1.9513
1283,1.9513,1.9513
1284,1.9513,1.9513
1285,1.81577,1.81577
1286,1.81577,1.81577
1287,1.81577,1.81577
1288,1.81577,1.81577
1289,2.31274,2.31274
1290,2.31274,2.31274
1291,2.31274,2.31274
1292,2.31274,2.31274
1293,2.31274,2.31274
1294,2.31274,2.31274
1295,2.31274,2.31274
1296,2.31274,2.31274
1297,2.31274,2.31274
1298,2.31274,2.31274
1299,2.39965,2.39965
1300,2.39965,2.39965
1301,2.39965,2.39965
1302,2.39965,2.39965
1303,2.39965,2.39965
1304,2.39965,2.39965
1305,2.39965,2.39965
1306,2.39965,2.39965
1307,2.39965,2.39965
1308,2.39965,2.39965
1309,2.43934,2.43934
1310,2.43934,2.43934
1311,2.43934,2.43934
1312,2.43934,2.43934
1313,2.43934,2.43934
1314,2.43934,2.43934
1315,2.43934,2.43934
1316,2.43934,2.43934
1317,2.43934,2.43934
1318,2.43934,2.43934
1319,2.43934,2.43934
1320,2.43934,2.43934
1321,2.43934,2.43934
1322,2.43934,2.43934
1323,2.1588,2.1588
1324,2.1588,2.1588
1325,2.1588,2.1588
1326,2.1588,2.1588
1327,2.55359,2.55359
1328,2.55359,2.55359
1329,2.55359,2.55359
1330,2.55359,2.55359
1331,2.55359,2.55359
1332,2.55359,2.55359
1333,2.85014,2.85014
1334,2.85014,2.85014
1335,2.85014,2.85014
1336,2.85014,2.85014
1337,2.85014,2.85014
1338,2.85014,2.85014
1339,2.85014,2.85014
1340,2.85014,2.85014
1341,3.05093,3.05093
1342,3.05093,3.05093
1343,3.05093,3.05093
1344,3.05093,3.05093
1345,3.05093,3.05093
1346,3.05093,3.05093
1347,3.05093,3.05093
1348,3.05093,3.05093
1349,3.05093,3.05093
1350,3.05093,3.05093
1351,3.05093,3.05093
1352,2.76109,2.76109
1353,2.76109,2.76109
1354,2.76109,2.76109
1355,2.76109,2.76109
1356,3.01724,3.01724
1357,3.01724,3.01724
1358,3.01724,3.01724
1359,3.01724,3.01724
1360,3.26595,-3.01724
1361,3.26595,-3.01724
1362,3.26595,-3.01724
1363,3.26595,-3.01724
1364,3.50036,-2.78282
1365,3.50036,-2.78282
1366,3.50036,-2.78282
1367,3.50036,-2.78282
1368,3.50036,-2.78282
1369,3.50036,-2.78282
1370,3.41989,-2.86329
1371,3.41989,-2.86329
1372,3.19709,-3.08609
1373,3.19709,-3.08609
1374,3.19709,-3.08609
1375,3.19709,-3.08609
1376,3.19709,-3.08609
1377,3.19709,-3.08609
1378,3.19709,-3.08609
1379,3.19709,-3.08609
1380,3.19709,-3.08609
1381,3.19709,-3.08609
1382,3.19709,-3.08609
1383,3.19709,-3.08609
1384,3.19709,-3.08609
1385,3.19709,-3.08609
1386,3.19709,-3.08609
1387,3.19709,-3.08609
1388,3.19709,-3.08609
1389,3.19709,-3.08609
1390,3.68201,-2.60117
1391,3.68201,-2.60117
1392,3.68201,-2.60117
1393,3.68201,-2.60117
1394,3.68201,-2.60117
1395,3.5221,-2.76109
1396,3.5221,-2.76109
1397,3.5221,-2.76109
1398,3.5221,-2.76109
1399,3.5221,-2.76109
1400,3.5221,-2.76109
1401,3.5221,-2.76109
1402,3.5221,-2.76109
1403,3.20401,-3.07917
1404,3.20401,-3.07917
1405,3.20401,-3.07917
1406,3.20401,-3.07917
1407,3.20401,-3.07917
1408,3.20401,-3.07917
1409,3.20401,-3.07917
1410,3.20401,-3.07917
1411,3.20401,-3.07917
1412,3.20401,-3.07917
1413,3.20401,-3.07917
1414,3.20401,-3.07917
1415,3.20401,-3.07917
1416,3.20401,-3.07917
1417,3.20401,-3.07917
1418,3.20401,-3.07917
1419,3.41989,-2.86329
1420,3.41989,-2.86329
1421,3.41989,-2.86329
1422,3.41989,-2.86329
1423,3.76184,-2.52134
1424,3.76184,-2.52134
1425,3.76184,-2.52134
1426,3.76184,-2.52134
1427,3.76184,-2.52134
1428,3.76184,-2.52134
1429,3.76184,-2.52134
1430,4.06889,-2.2143
1431,4.06889,-2.2143
1432,4.06889,-2.2143
1433,4.06889,-2.2143
1434,4.06889,-2.2143
1435,4.06889,-2.2143
1436,4.06889,-2.2143
1437,4.06889,-2.2143
1438,4.06889,-2.2143
1439,4.17197,-2.11122
1440,4.17197,-2.11122
1441,4.33188,-1.9513
1442,4.33188,-1.9513
1443,4.33188,-1.9513
1444,4.33188,-1.9513
1445,4.17197,-2.11122
1446,4.17197,-2.11122
1447,4.17197,-2.11122
1448,4.17197,-2.11122
1449,4.17197,-2.11122
1450,4.33188,-1.9513
1451,4.49372,-1.78947
1452,4.49372,-1.78947
1453,4.49372,-1.78947
1454,4.49372,-1.78947
1455,4.49372,-1.78947
1456,4.62925,-1.65394
1457,4.62925,-1.65394
1458,4.62925,-1.65394
1459,4.62925,-1.65394
1460,4.62925,-1.65394
1461,4.62925,-1.65394
1462,4.62925,-1.65394
1463,4.62925,-1.65394
1464,4.62925,-1.65394
1465,4.62925,-1.65394
1466,4.62925,-1.65394
1467,4.62925,-1.65394
