#Grabcut execution time: 0s 348ms 348094us 
0.0000              203.4595            
1.0000              183.1455            
2.0000              179.9217            
3.0000              181.9066            
4.0000              181.7734            
5.0000              183.3320            
6.0000              183.7755            
7.0000              184.0968            
8.0000              183.5895            
9.0000              184.8240            
10.0000             183.9243            
11.0000             184.5862            
12.0000             183.9890            
13.0000             184.4511            
14.0000             183.8534            
15.0000             184.4349            
16.0000             184.1353            
17.0000             184.3182            
18.0000             183.9806            
19.0000             184.2931            
20.0000             183.9918            
21.0000             184.3104            
22.0000             183.9776            
23.0000             184.3104            
24.0000             183.9776            
25.0000             184.3104            
26.0000             183.9776            
27.0000             184.3104            
28.0000             183.9776            
29.0000             184.3104            
30.0000             183.9776            
31.0000             183.9776            
#Execution time: 62s 62399ms 62399679us 
