n,tangent,t2
0,5.98469,-0.298499
1,5.98469,-0.298499
2,5.98469,-0.298499
3,5.98469,-0.298499
4,5.98469,-0.298499
5,5.98469,-0.298499
6,5.98469,-0.298499
7,5.98469,-0.298499
8,5.98469,-0.298499
9,5.98469,-0.298499
10,5.98469,-0.298499
11,5.98469,-0.298499
12,5.98469,-0.298499
13,5.98469,-0.298499
14,6.19253,-0.0906599
15,6.19253,-0.0906599
16,6.19253,-0.0906599
17,6.19253,-0.0906599
18,6.19253,-0.0906599
19,6.19253,-0.0906599
20,0.0906599,0.0906599
21,0.0906599,0.0906599
22,0.0906599,0.0906599
23,0.0906599,0.0906599
24,0.0906599,0.0906599
25,0.179853,0.179853
26,0.179853,0.179853
27,0.179853,0.179853
28,0.179853,0.179853
29,0.179853,0.179853
30,0.179853,0.179853
31,0.380506,0.380506
32,0.380506,0.380506
33,0.54042,0.54042
34,0.643501,0.643501
35,0.643501,0.643501
36,0.927295,0.927295
37,0.927295,0.927295
38,0.927295,0.927295
39,2.1588,2.1588
40,2.1588,2.1588
41,2.1588,2.1588
42,2.1588,2.1588
43,2.1588,2.1588
44,0.588003,0.588003
45,0.588003,0.588003
46,0.179853,0.179853
47,0.179853,0.179853
48,0.179853,0.179853
49,0.179853,0.179853
50,0.179853,0.179853
51,0.179853,0.179853
52,0.132552,0.132552
53,0.132552,0.132552
54,0.132552,0.132552
55,0.132552,0.132552
56,0.132552,0.132552
57,0.132552,0.132552
58,0.132552,0.132552
59,0.132552,0.132552
60,0.0996687,0.0996687
61,0.0996687,0.0996687
62,0.0996687,0.0996687
63,0.0996687,0.0996687
64,0.0996687,0.0996687
65,0.0996687,0.0996687
66,0.0996687,0.0996687
67,0.0996687,0.0996687
68,0.0996687,0.0996687
69,0.0996687,0.0996687
70,0.132552,0.132552
71,0.132552,0.132552
72,0.132552,0.132552
73,0.132552,0.132552
74,0.14889,0.14889
75,0.14889,0.14889
76,0.14889,0.14889
77,0.14889,0.14889
78,0.156602,0.156602
79,0.156602,0.156602
80,0.156602,0.156602
81,0.156602,0.156602
82,0.156602,0.156602
83,0.156602,0.156602
84,0.156602,0.156602
85,0.156602,0.156602
86,0.156602,0.156602
87,0.156602,0.156602
88,0.156602,0.156602
89,0.156602,0.156602
90,0.156602,0.156602
91,0.156602,0.156602
92,0.156602,0.156602
93,0.156602,0.156602
94,0.156602,0.156602
95,0.156602,0.156602
96,6.11804,-0.165149
97,6.11804,-0.165149
98,6.11804,-0.165149
99,4.95737,-1.32582
100,4.95737,-1.32582
101,4.95737,-1.32582
102,4.95737,-1.32582
103,5.81954,-0.463648
104,0.54042,0.54042
105,0.54042,0.54042
106,0.54042,0.54042
107,0.54042,0.54042
108,0.54042,0.54042
109,0.54042,0.54042
110,0.380506,0.380506
111,0.380506,0.380506
112,0.380506,0.380506
113,0.380506,0.380506
114,0.380506,0.380506
115,0.380506,0.380506
116,0.54042,0.54042
117,0.54042,0.54042
118,0.54042,0.54042
119,0.54042,0.54042
120,0.0996687,0.0996687
121,0.0996687,0.0996687
122,0.0996687,0.0996687
123,0.0996687,0.0996687
124,0.0996687,0.0996687
125,0.0996687,0.0996687
126,0.0996687,0.0996687
127,0.0996687,0.0996687
128,0.0996687,0.0996687
129,0.0996687,0.0996687
130,0.152649,0.152649
131,0.152649,0.152649
132,0.152649,0.152649
133,0.152649,0.152649
134,0.152649,0.152649
135,0.152649,0.152649
136,0.152649,0.152649
137,0.152649,0.152649
138,0.129703,0.129703
139,0.129703,0.129703
140,0.129703,0.129703
141,0.129703,0.129703
142,0.129703,0.129703
143,0.129703,0.129703
144,0.129703,0.129703
145,0.129703,0.129703
146,0.129703,0.129703
147,0.129703,0.129703
148,0.129703,0.129703
149,0.129703,0.129703
150,0.129703,0.129703
151,0.129703,0.129703
152,0.129703,0.129703
153,0.129703,0.129703
154,0.129703,0.129703
155,0.129703,0.129703
156,0.129703,0.129703
157,0.129703,0.129703
158,0.129703,0.129703
159,0.129703,0.129703
160,0.129703,0.129703
161,0.129703,0.129703
162,0.129703,0.129703
163,0.129703,0.129703
164,0.129703,0.129703
165,0.129703,0.129703
166,0.129703,0.129703
167,0.129703,0.129703
168,0.129703,0.129703
169,0.129703,0.129703
170,0.129703,0.129703
171,0.129703,0.129703
172,0.152649,0.152649
173,0.152649,0.152649
174,0.152649,0.152649
175,0.152649,0.152649
176,0.152649,0.152649
177,0.152649,0.152649
178,0.152649,0.152649
179,0.152649,0.152649
180,0.110657,0.110657
181,0.110657,0.110657
182,0.110657,0.110657
183,0.110657,0.110657
184,0.110657,0.110657
185,6.17253,-0.110657
186,6.17253,-0.110657
187,6.17253,-0.110657
188,6.17253,-0.110657
189,4.75781,-1.52537
190,4.75781,-1.52537
191,4.75781,-1.52537
192,4.75781,-1.52537
193,4.75781,-1.52537
194,4.75781,-1.52537
195,4.75781,-1.52537
196,4.75781,-1.52537
197,4.75781,-1.52537
198,4.75781,-1.52537
199,4.75781,-1.52537
200,4.66697,-1.61622
201,4.66697,-1.61622
202,4.66697,-1.61622
203,4.66697,-1.61622
204,4.66697,-1.61622
205,4.66697,-1.61622
206,4.66697,-1.61622
207,4.66697,-1.61622
208,4.66697,-1.61622
209,4.66697,-1.61622
210,4.66697,-1.61622
211,4.53254,-1.75065
212,4.53254,-1.75065
213,4.53254,-1.75065
214,4.53254,-1.75065
215,4.53254,-1.75065
216,4.53254,-1.75065
217,4.53254,-1.75065
218,4.53254,-1.75065
219,4.53254,-1.75065
220,5.03414,-1.24905
221,5.30039,-0.982794
222,5.69518,-0.588003
223,5.96143,-0.321751
224,5.96143,-0.321751
225,0.321751,0.321751
226,0.588003,0.588003
227,0.982794,0.982794
228,1.53748,1.53748
229,1.53748,1.53748
230,1.53748,1.53748
231,1.53748,1.53748
232,1.53748,1.53748
233,1.53748,1.53748
234,1.53748,1.53748
235,1.53748,1.53748
236,1.53748,1.53748
237,1.53748,1.53748
238,1.53748,1.53748
239,1.53748,1.53748
240,1.53748,1.53748
241,1.53748,1.53748
242,1.53748,1.53748
243,1.53748,1.53748
244,1.53748,1.53748
245,1.53748,1.53748
246,1.53748,1.53748
247,1.53748,1.53748
248,1.53748,1.53748
249,1.53748,1.53748
250,1.53748,1.53748
251,1.53748,1.53748
252,1.53748,1.53748
253,1.53748,1.53748
254,1.53748,1.53748
255,1.53748,1.53748
256,1.53748,1.53748
257,1.53748,1.53748
258,0.927295,0.927295
259,0.927295,0.927295
260,0.643501,0.643501
261,0.643501,0.643501
262,0.0996687,0.0996687
263,0.0996687,0.0996687
264,0.0996687,0.0996687
265,0.0996687,0.0996687
266,0.0996687,0.0996687
267,0.0996687,0.0996687
268,0.0996687,0.0996687
269,0.0996687,0.0996687
270,0.0996687,0.0996687
271,0.0996687,0.0996687
272,0.152649,0.152649
273,0.152649,0.152649
274,0.152649,0.152649
275,0.152649,0.152649
276,0.152649,0.152649
277,0.152649,0.152649
278,0.152649,0.152649
279,0.152649,0.152649
280,0.110657,0.110657
281,0.110657,0.110657
282,0.110657,0.110657
283,0.110657,0.110657
284,0.110657,0.110657
285,0.110657,0.110657
286,0.110657,0.110657
287,0.110657,0.110657
288,0.110657,0.110657
289,0.132552,0.132552
290,0.132552,0.132552
291,0.132552,0.132552
292,0.132552,0.132552
293,0.132552,0.132552
294,0.132552,0.132552
295,0.132552,0.132552
296,0.132552,0.132552
297,0.132552,0.132552
298,0.132552,0.132552
299,0.132552,0.132552
300,0.132552,0.132552
301,0.132552,0.132552
302,0.132552,0.132552
303,0.132552,0.132552
304,0.132552,0.132552
305,0.132552,0.132552
306,0.152649,0.152649
307,0.152649,0.152649
308,0.152649,0.152649
309,0.152649,0.152649
310,0.152649,0.152649
311,0.152649,0.152649
312,0.152649,0.152649
313,0.152649,0.152649
314,0.0996687,0.0996687
315,0.0996687,0.0996687
316,0.0996687,0.0996687
317,0.0996687,0.0996687
318,0.0996687,0.0996687
319,0.0996687,0.0996687
320,0.0996687,0.0996687
321,0.0996687,0.0996687
322,0.0996687,0.0996687
323,0.0996687,0.0996687
324,0.156602,0.156602
325,0.156602,0.156602
326,0.156602,0.156602
327,0.156602,0.156602
328,0.156602,0.156602
329,0.156602,0.156602
330,0.156602,0.156602
331,0.156602,0.156602
332,0.156602,0.156602
333,0.156602,0.156602
334,0.156602,0.156602
335,0.156602,0.156602
336,0.156602,0.156602
337,0.156602,0.156602
338,0.156602,0.156602
339,0.0996687,0.0996687
340,0.0996687,0.0996687
341,0.0996687,0.0996687
342,0.0996687,0.0996687
343,0.0996687,0.0996687
344,0.0996687,0.0996687
345,0.0996687,0.0996687
346,0.0996687,0.0996687
347,0.0996687,0.0996687
348,0.0996687,0.0996687
349,0.132552,0.132552
350,0.132552,0.132552
351,0.132552,0.132552
352,0.132552,0.132552
353,0.14889,0.14889
354,0.14889,0.14889
355,0.14889,0.14889
356,0.14889,0.14889
357,0.14889,0.14889
358,0.14889,0.14889
359,0.14889,0.14889
360,0.14889,0.14889
361,0.14889,0.14889
362,0.14889,0.14889
363,0.14889,0.14889
364,0.14889,0.14889
365,0.110657,0.110657
366,0.110657,0.110657
367,0.110657,0.110657
368,0.110657,0.110657
369,0.110657,0.110657
370,0.110657,0.110657
371,0.110657,0.110657
372,0.110657,0.110657
373,0.110657,0.110657
374,0.132552,0.132552
375,0.132552,0.132552
376,0.132552,0.132552
377,0.132552,0.132552
378,0.132552,0.132552
379,0.132552,0.132552
380,0.132552,0.132552
381,0.132552,0.132552
382,0.132552,0.132552
383,0.0370201,0.0370201
384,0.0370201,0.0370201
385,0.0370201,0.0370201
386,0.0370201,0.0370201
387,0.0370201,0.0370201
388,0.0370201,0.0370201
389,0.0370201,0.0370201
390,0.0370201,0.0370201
391,0.0370201,0.0370201
392,0.0370201,0.0370201
393,0.0370201,0.0370201
394,0.0370201,0.0370201
395,0.0370201,0.0370201
396,0.0370201,0.0370201
397,0.0370201,0.0370201
398,0.0370201,0.0370201
399,0.0370201,0.0370201
400,0.0370201,0.0370201
401,0.0370201,0.0370201
402,0.0370201,0.0370201
403,0.0370201,0.0370201
404,0.0370201,0.0370201
405,0.0370201,0.0370201
406,0.0370201,0.0370201
407,0.0370201,0.0370201
408,0.0370201,0.0370201
409,0.0370201,0.0370201
410,0.218669,0.218669
411,0.218669,0.218669
412,0.218669,0.218669
413,0.218669,0.218669
414,0.218669,0.218669
415,0.588003,0.588003
416,0.982794,0.982794
417,0.982794,0.982794
418,0.982794,0.982794
419,0.226799,0.226799
420,0.226799,0.226799
421,0.226799,0.226799
422,0.226799,0.226799
423,0.226799,0.226799
424,0.226799,0.226799
425,0.226799,0.226799
426,0.226799,0.226799
427,0.226799,0.226799
428,0.226799,0.226799
429,0.0831412,0.0831412
430,0.0831412,0.0831412
431,0.0831412,0.0831412
432,0.0831412,0.0831412
433,0.0831412,0.0831412
434,0.0831412,0.0831412
435,0.0831412,0.0831412
436,0.0831412,0.0831412
437,0.0831412,0.0831412
438,0.0831412,0.0831412
439,0.0831412,0.0831412
440,0.0831412,0.0831412
441,0.380506,0.380506
442,0.380506,0.380506
443,0.380506,0.380506
444,0.380506,0.380506
445,0.197396,0.197396
446,0.197396,0.197396
447,0.197396,0.197396
448,0.197396,0.197396
449,0.197396,0.197396
450,0.2783,0.2783
451,0.2783,0.2783
452,0.2783,0.2783
453,0.2783,0.2783
454,0.2783,0.2783
455,0.2783,0.2783
456,5.63968,-0.643501
457,5.63968,-0.643501
458,5.63968,-0.643501
459,5.63968,-0.643501
460,5.63968,-0.643501
461,5.63968,-0.643501
462,5.63968,-0.643501
463,0.380506,0.380506
464,0.380506,0.380506
465,0.380506,0.380506
466,0.380506,0.380506
467,0.380506,0.380506
468,0.165149,0.165149
469,0.165149,0.165149
470,0.165149,0.165149
471,0.165149,0.165149
472,0.165149,0.165149
473,0.165149,0.165149
474,0.404892,0.404892
475,0.404892,0.404892
476,0.404892,0.404892
477,0.404892,0.404892
478,0.404892,0.404892
479,0.404892,0.404892
480,0.404892,0.404892
481,0.404892,0.404892
482,0.404892,0.404892
483,0.404892,0.404892
484,0.404892,0.404892
485,0.404892,0.404892
486,0.404892,0.404892
487,0.404892,0.404892
488,0.404892,0.404892
489,0.404892,0.404892
490,0.404892,0.404892
491,0.165149,0.165149
492,0.165149,0.165149
493,0.165149,0.165149
494,0.165149,0.165149
495,0.165149,0.165149
496,0.165149,0.165149
497,0.380506,0.380506
498,0.380506,0.380506
499,0.380506,0.380506
500,0.380506,0.380506
501,0.380506,0.380506
502,0.380506,0.380506
503,0.380506,0.380506
504,0.588003,0.588003
505,0.927295,0.927295
506,0.927295,0.927295
507,0.927295,0.927295
508,0.927295,0.927295
509,0.927295,0.927295
510,0.643501,0.643501
511,0.643501,0.643501
512,0.643501,0.643501
513,0.643501,0.643501
514,0.643501,0.643501
515,0.643501,0.643501
516,0.643501,0.643501
517,0.643501,0.643501
518,0.643501,0.643501
519,0.54042,0.54042
520,0.54042,0.54042
521,0.54042,0.54042
522,0.54042,0.54042
523,0.54042,0.54042
524,0.694738,0.694738
525,0.694738,0.694738
526,0.694738,0.694738
527,0.694738,0.694738
528,0.694738,0.694738
529,0.694738,0.694738
530,0.694738,0.694738
531,0.694738,0.694738
532,0.694738,0.694738
533,0.54042,0.54042
534,0.54042,0.54042
535,0.404892,0.404892
536,0.404892,0.404892
537,0.404892,0.404892
538,0.404892,0.404892
539,0.404892,0.404892
540,0.404892,0.404892
541,0.404892,0.404892
542,0.519146,0.519146
543,0.519146,0.519146
544,0.519146,0.519146
545,0.519146,0.519146
546,0.982794,0.982794
547,0.982794,0.982794
548,2.03444,2.03444
549,2.67795,2.67795
550,2.67795,2.67795
551,2.03444,2.03444
552,0.927295,0.927295
553,0.927295,0.927295
554,0.927295,0.927295
555,0.620249,0.620249
556,0.620249,0.620249
557,0.620249,0.620249
558,0.620249,0.620249
559,0.620249,0.620249
560,0.620249,0.620249
561,0.620249,0.620249
562,0.620249,0.620249
563,6.03821,-0.244979
564,6.03821,-0.244979
565,6.03821,-0.244979
566,6.03821,-0.244979
567,6.03821,-0.244979
568,6.03821,-0.244979
569,5.30039,-0.982794
570,5.30039,-0.982794
571,5.30039,-0.982794
572,5.69518,-0.588003
573,5.96143,-0.321751
574,5.96143,-0.321751
575,0.343024,0.343024
576,0.343024,0.343024
577,0.343024,0.343024
578,0.343024,0.343024
579,0.343024,0.343024
580,0.343024,0.343024
581,0.343024,0.343024
582,0.343024,0.343024
583,0.343024,0.343024
584,0.343024,0.343024
585,0.343024,0.343024
586,0.343024,0.343024
587,0.343024,0.343024
588,0.35299,0.35299
589,0.35299,0.35299
590,0.35299,0.35299
591,0.35299,0.35299
592,0.35299,0.35299
593,0.35299,0.35299
594,0.35299,0.35299
595,0.35299,0.35299
596,0.35299,0.35299
597,0.35299,0.35299
598,0.35299,0.35299
599,0.404892,0.404892
600,0.404892,0.404892
601,0.404892,0.404892
602,0.404892,0.404892
603,0.404892,0.404892
604,0.404892,0.404892
605,0.404892,0.404892
606,0.244979,0.244979
607,0.244979,0.244979
608,0.244979,0.244979
609,0.244979,0.244979
610,0.404892,0.404892
611,0.404892,0.404892
612,0.404892,0.404892
613,0.404892,0.404892
614,0.404892,0.404892
615,0.404892,0.404892
616,0.404892,0.404892
617,0.244979,0.244979
618,0.244979,0.244979
619,6.03821,-0.244979
620,6.03821,-0.244979
621,4.77481,-1.50838
622,4.77481,-1.50838
623,4.77481,-1.50838
624,4.77481,-1.50838
625,4.77481,-1.50838
626,4.77481,-1.50838
627,4.77481,-1.50838
628,4.77481,-1.50838
629,4.64997,-1.63322
630,4.64997,-1.63322
631,4.64997,-1.63322
632,4.64997,-1.63322
633,4.64997,-1.63322
634,4.64997,-1.63322
635,4.64997,-1.63322
636,4.64997,-1.63322
637,4.43409,-1.8491
638,4.43409,-1.8491
639,4.43409,-1.8491
640,4.43409,-1.8491
641,4.43409,-1.8491
642,4.43409,-1.8491
643,5.17604,-1.10715
644,5.17604,-1.10715
645,5.17604,-1.10715
646,4.12439,-2.1588
647,4.12439,-2.1588
648,4.12439,-2.1588
649,4.12439,-2.1588
650,4.12439,-2.1588
651,5.30039,-0.982794
652,5.30039,-0.982794
653,5.69518,-0.588003
654,5.69518,-0.588003
655,0.588003,0.588003
656,0.588003,0.588003
657,1.03038,1.03038
658,1.03038,1.03038
659,1.03038,1.03038
660,1.19029,1.19029
661,1.46014,1.46014
662,1.46014,1.46014
663,1.46014,1.46014
664,1.46014,1.46014
665,1.46014,1.46014
666,1.46014,1.46014
667,1.46014,1.46014
668,1.46014,1.46014
669,1.46014,1.46014
670,1.43824,1.43824
671,1.43824,1.43824
672,1.43824,1.43824
673,1.43824,1.43824
674,1.43824,1.43824
675,1.43824,1.43824
676,1.43824,1.43824
677,1.43824,1.43824
678,1.43824,1.43824
679,1.43824,1.43824
680,1.43824,1.43824
681,1.43824,1.43824
682,1.43824,1.43824
683,1.43824,1.43824
684,1.43824,1.43824
685,1.43824,1.43824
686,1.43824,1.43824
687,1.2925,1.2925
688,1.2925,1.2925
689,1.2925,1.2925
690,1.2925,1.2925
691,0.404892,0.404892
692,0.404892,0.404892
693,0.404892,0.404892
694,0.404892,0.404892
695,0.404892,0.404892
696,0.404892,0.404892
697,0.404892,0.404892
698,0.404892,0.404892
699,0.404892,0.404892
700,0.404892,0.404892
701,0.358771,0.358771
702,0.358771,0.358771
703,0.358771,0.358771
704,0.358771,0.358771
705,0.358771,0.358771
706,0.358771,0.358771
707,0.358771,0.358771
708,0.358771,0.358771
709,0.358771,0.358771
710,0.358771,0.358771
711,0.358771,0.358771
712,0.244979,0.244979
713,0.244979,0.244979
714,0.244979,0.244979
715,0.244979,0.244979
716,0.372988,0.372988
717,0.372988,0.372988
718,0.372988,0.372988
719,0.372988,0.372988
720,0.372988,0.372988
721,0.372988,0.372988
722,0.372988,0.372988
723,0.372988,0.372988
724,0.372988,0.372988
725,0.372988,0.372988
726,0.372988,0.372988
727,0.372988,0.372988
728,0.372988,0.372988
729,0.372988,0.372988
730,0.372988,0.372988
731,0.372988,0.372988
732,0.372988,0.372988
733,0.372988,0.372988
734,0.372988,0.372988
735,0.372988,0.372988
736,0.372988,0.372988
737,0.372988,0.372988
738,0.372988,0.372988
739,0.372988,0.372988
740,0.372988,0.372988
741,0.363979,0.363979
742,0.363979,0.363979
743,0.363979,0.363979
744,0.363979,0.363979
745,0.363979,0.363979
746,0.363979,0.363979
747,0.35299,0.35299
748,0.35299,0.35299
749,0.35299,0.35299
750,0.35299,0.35299
751,0.35299,0.35299
752,0.35299,0.35299
753,0.35299,0.35299
754,0.35299,0.35299
755,0.35299,0.35299
756,0.35299,0.35299
757,0.35299,0.35299
758,0.35299,0.35299
759,0.35299,0.35299
760,0.35299,0.35299
761,0.35299,0.35299
762,0.35299,0.35299
763,0.35299,0.35299
764,0.35299,0.35299
765,0.35299,0.35299
766,0.35299,0.35299
767,0.35299,0.35299
768,0.35299,0.35299
769,0.35299,0.35299
770,0.35299,0.35299
771,0.35299,0.35299
772,0.35299,0.35299
773,0.35299,0.35299
774,0.35299,0.35299
775,0.35299,0.35299
776,0.35299,0.35299
777,0.35299,0.35299
778,0.343024,0.343024
779,0.343024,0.343024
780,0.343024,0.343024
781,0.343024,0.343024
782,0.343024,0.343024
783,0.343024,0.343024
784,0.343024,0.343024
785,0.343024,0.343024
786,0.343024,0.343024
787,0.343024,0.343024
788,0.343024,0.343024
789,0.343024,0.343024
790,0.343024,0.343024
791,0.343024,0.343024
792,0.343024,0.343024
793,0.370891,0.370891
794,0.370891,0.370891
795,0.370891,0.370891
796,0.370891,0.370891
797,0.370891,0.370891
798,0.370891,0.370891
799,0.370891,0.370891
800,0.370891,0.370891
801,0.370891,0.370891
802,0.370891,0.370891
803,0.370891,0.370891
804,0.370891,0.370891
805,0.370891,0.370891
806,0.370891,0.370891
807,0.370891,0.370891
808,0.370891,0.370891
809,0.370891,0.370891
810,0.370891,0.370891
811,0.348771,0.348771
812,0.348771,0.348771
813,0.348771,0.348771
814,0.348771,0.348771
815,0.291457,0.291457
816,0.291457,0.291457
817,0.291457,0.291457
818,0.291457,0.291457
819,0.0906599,0.0906599
820,0.0906599,0.0906599
821,0.0906599,0.0906599
822,0.0906599,0.0906599
823,0.0906599,0.0906599
824,0.0906599,0.0906599
825,0.0906599,0.0906599
826,0.0906599,0.0906599
827,0.0906599,0.0906599
828,0.0906599,0.0906599
829,0.0906599,0.0906599
830,0.104877,0.104877
831,0.104877,0.104877
832,0.104877,0.104877
833,0.104877,0.104877
834,0.104877,0.104877
835,0.104877,0.104877
836,0.104877,0.104877
837,0.104877,0.104877
838,0.104877,0.104877
839,0.104877,0.104877
840,0.2783,0.2783
841,0.2783,0.2783
842,0.2783,0.2783
843,0.2783,0.2783
844,0.588003,0.588003
845,0.982794,0.982794
846,1.24905,1.24905
847,1.24905,1.24905
848,1.89255,1.89255
849,2.1588,2.1588
850,2.1588,2.1588
851,2.1588,2.1588
852,2.1588,2.1588
853,0.982794,0.982794
854,0.982794,0.982794
855,0.982794,0.982794
856,1.24905,1.24905
857,1.24905,1.24905
858,1.89255,1.89255
859,2.89661,2.89661
860,2.89661,2.89661
861,2.89661,2.89661
862,2.89661,2.89661
863,1.89255,1.89255
864,1.89255,1.89255
865,1.24905,1.24905
866,1.24905,1.24905
867,1.24905,1.24905
868,1.24905,1.24905
869,1.89255,1.89255
870,2.76109,2.76109
871,2.76109,2.76109
872,2.76109,2.76109
873,2.9442,2.9442
874,2.9442,2.9442
875,2.9442,2.9442
876,3.35269,-2.9305
877,3.35269,-2.9305
878,3.35269,-2.9305
879,3.35269,-2.9305
880,3.35269,-2.9305
881,3.35269,-2.9305
882,3.35269,-2.9305
883,3.35269,-2.9305
884,3.36839,-2.91479
885,3.36839,-2.91479
886,3.36839,-2.91479
887,3.36839,-2.91479
888,3.36839,-2.91479
889,3.36839,-2.91479
890,3.36839,-2.91479
891,3.36839,-2.91479
892,3.36839,-2.91479
893,3.36839,-2.91479
894,3.7296,-2.55359
895,3.7296,-2.55359
896,3.7296,-2.55359
897,3.50036,-2.78282
898,3.50036,-2.78282
899,3.50036,-2.78282
900,3.50036,-2.78282
901,3.50036,-2.78282
902,3.50036,-2.78282
903,3.50036,-2.78282
904,3.50036,-2.78282
905,3.50036,-2.78282
906,3.68201,-2.60117
907,3.68201,-2.60117
908,4.12439,-2.1588
909,4.39064,-1.89255
910,4.39064,-1.89255
911,5.03414,-1.24905
912,5.81954,-0.463648
913,5.81954,-0.463648
914,5.17604,-1.10715
915,4.24874,-2.03444
916,3.60524,-2.67795
917,3.60524,-2.67795
918,3.60524,-2.67795
919,5.96143,-0.321751
920,5.96143,-0.321751
921,5.96143,-0.321751
922,5.96143,-0.321751
923,3.46933,-2.81385
924,3.46933,-2.81385
925,3.46933,-2.81385
926,3.46933,-2.81385
927,3.46933,-2.81385
928,3.46933,-2.81385
929,3.46933,-2.81385
930,3.46933,-2.81385
931,3.46933,-2.81385
932,3.46933,-2.81385
933,3.46933,-2.81385
934,3.46933,-2.81385
935,3.46933,-2.81385
936,3.46933,-2.81385
937,3.46933,-2.81385
938,3.46933,-2.81385
939,3.46933,-2.81385
940,3.46933,-2.81385
941,3.46933,-2.81385
942,3.46933,-2.81385
943,3.46933,-2.81385
944,3.46933,-2.81385
945,3.46933,-2.81385
946,3.46933,-2.81385
947,3.46933,-2.81385
948,3.46933,-2.81385
949,3.46933,-2.81385
950,3.46933,-2.81385
951,3.46933,-2.81385
952,3.46933,-2.81385
953,3.46933,-2.81385
954,3.46933,-2.81385
955,3.46933,-2.81385
956,3.45721,-2.82598
957,3.45721,-2.82598
958,3.45721,-2.82598
959,3.45721,-2.82598
960,3.45721,-2.82598
961,3.45721,-2.82598
962,3.45721,-2.82598
963,3.45721,-2.82598
964,3.45721,-2.82598
965,3.45721,-2.82598
966,3.45721,-2.82598
967,3.45721,-2.82598
968,3.45721,-2.82598
969,3.45721,-2.82598
970,3.45721,-2.82598
971,3.45721,-2.82598
972,3.45721,-2.82598
973,3.45721,-2.82598
974,3.45721,-2.82598
975,3.45721,-2.82598
976,3.45721,-2.82598
977,3.45721,-2.82598
978,3.45721,-2.82598
979,3.45721,-2.82598
980,3.45721,-2.82598
981,3.45721,-2.82598
982,3.45721,-2.82598
983,3.45721,-2.82598
984,3.45721,-2.82598
985,3.45721,-2.82598
986,3.45721,-2.82598
987,3.45721,-2.82598
988,3.45721,-2.82598
989,3.45721,-2.82598
990,3.5221,-2.76109
991,3.5221,-2.76109
992,3.5221,-2.76109
993,3.5221,-2.76109
994,3.44009,-2.84309
995,3.44009,-2.84309
996,3.44009,-2.84309
997,3.44009,-2.84309
998,3.44009,-2.84309
999,3.44009,-2.84309
1000,3.44009,-2.84309
1001,3.44009,-2.84309
1002,3.44009,-2.84309
1003,3.44009,-2.84309
1004,3.44009,-2.84309
1005,3.44009,-2.84309
1006,3.44009,-2.84309
1007,3.44009,-2.84309
1008,3.44009,-2.84309
1009,3.44009,-2.84309
1010,3.44009,-2.84309
1011,3.44009,-2.84309
1012,3.44009,-2.84309
1013,2.81984,2.81984
1014,2.81984,2.81984
1015,2.81984,2.81984
1016,3.78509,-2.49809
1017,3.78509,-2.49809
1018,3.78509,-2.49809
1019,3.78509,-2.49809
1020,3.78509,-2.49809
1021,3.78509,-2.49809
1022,3.68201,-2.60117
1023,3.68201,-2.60117
1024,3.47827,-2.80492
1025,3.47827,-2.80492
1026,3.47827,-2.80492
1027,3.47827,-2.80492
1028,3.47827,-2.80492
1029,3.47827,-2.80492
1030,3.47827,-2.80492
1031,3.47827,-2.80492
1032,3.47827,-2.80492
1033,3.47827,-2.80492
1034,3.47827,-2.80492
1035,3.47827,-2.80492
1036,3.47827,-2.80492
1037,3.47827,-2.80492
1038,3.47827,-2.80492
1039,3.47827,-2.80492
1040,3.47827,-2.80492
1041,3.47827,-2.80492
1042,3.47827,-2.80492
1043,3.47827,-2.80492
1044,3.47827,-2.80492
1045,3.47827,-2.80492
1046,3.47827,-2.80492
1047,3.47827,-2.80492
1048,3.47827,-2.80492
1049,3.47827,-2.80492
1050,3.47827,-2.80492
1051,3.47827,-2.80492
1052,3.45449,-2.82869
1053,3.45449,-2.82869
1054,3.45449,-2.82869
1055,3.45449,-2.82869
1056,3.45449,-2.82869
1057,3.45449,-2.82869
1058,3.45449,-2.82869
1059,3.45449,-2.82869
1060,3.45449,-2.82869
1061,3.45449,-2.82869
1062,3.45449,-2.82869
1063,3.45449,-2.82869
1064,3.45449,-2.82869
1065,3.45449,-2.82869
1066,3.45449,-2.82869
1067,3.45449,-2.82869
1068,3.45449,-2.82869
1069,3.45449,-2.82869
1070,3.45449,-2.82869
1071,3.45449,-2.82869
1072,3.45449,-2.82869
1073,3.45449,-2.82869
1074,3.45449,-2.82869
1075,3.45449,-2.82869
1076,3.45449,-2.82869
1077,3.45449,-2.82869
1078,3.45449,-2.82869
1079,3.45449,-2.82869
1080,3.45449,-2.82869
1081,3.45449,-2.82869
1082,3.45449,-2.82869
1083,3.45449,-2.82869
1084,3.45449,-2.82869
1085,3.45449,-2.82869
1086,3.45449,-2.82869
1087,3.45449,-2.82869
1088,3.45449,-2.82869
1089,3.45449,-2.82869
1090,3.45449,-2.82869
1091,3.45449,-2.82869
1092,3.45449,-2.82869
1093,3.45449,-2.82869
1094,3.45449,-2.82869
1095,3.45449,-2.82869
1096,3.45449,-2.82869
1097,3.45449,-2.82869
1098,2.2143,2.2143
1099,2.2143,2.2143
1100,2.2143,2.2143
1101,2.2143,2.2143
1102,2.2143,2.2143
1103,2.2143,2.2143
1104,2.52134,2.52134
1105,2.52134,2.52134
1106,2.52134,2.52134
1107,2.52134,2.52134
1108,2.52134,2.52134
1109,2.52134,2.52134
1110,2.52134,2.52134
1111,2.86329,2.86329
1112,2.86329,2.86329
1113,2.86329,2.86329
1114,2.86329,2.86329
1115,2.86329,2.86329
1116,2.86329,2.86329
1117,3.38657,-2.89661
1118,3.38657,-2.89661
1119,3.38657,-2.89661
1120,5.49779,-0.785398
1121,5.49779,-0.785398
1122,3.68201,-2.60117
1123,3.68201,-2.60117
1124,3.68201,-2.60117
1125,3.68201,-2.60117
1126,3.68201,-2.60117
1127,3.78509,-2.49809
1128,3.78509,-2.49809
1129,3.78509,-2.49809
1130,3.78509,-2.49809
1131,3.78509,-2.49809
1132,3.78509,-2.49809
1133,2.49809,2.49809
1134,2.49809,2.49809
1135,2.49809,2.49809
1136,2.49809,2.49809
1137,2.49809,2.49809
1138,2.60117,2.60117
1139,2.60117,2.60117
1140,2.76109,2.76109
1141,2.76109,2.76109
1142,2.76109,2.76109
1143,2.76109,2.76109
1144,2.49809,2.49809
1145,2.49809,2.49809
1146,2.49809,2.49809
1147,2.49809,2.49809
1148,2.49809,2.49809
1149,2.81984,2.81984
1150,2.81984,2.81984
1151,2.81984,2.81984
1152,2.60117,2.60117
1153,2.60117,2.60117
1154,2.60117,2.60117
1155,2.60117,2.60117
1156,2.60117,2.60117
1157,2.76109,2.76109
1158,3.07029,3.07029
1159,3.07029,3.07029
1160,3.07029,3.07029
1161,3.07029,3.07029
1162,3.07029,3.07029
1163,3.07029,3.07029
1164,3.07029,3.07029
1165,3.2129,-3.07029
1166,3.2129,-3.07029
1167,3.2129,-3.07029
1168,3.2129,-3.07029
1169,3.2129,-3.07029
1170,3.2129,-3.07029
1171,3.2129,-3.07029
1172,3.55982,-2.72337
1173,3.55982,-2.72337
1174,3.55982,-2.72337
1175,3.55982,-2.72337
1176,3.55982,-2.72337
1177,3.55982,-2.72337
1178,3.55982,-2.72337
1179,3.55982,-2.72337
1180,3.55982,-2.72337
1181,3.55982,-2.72337
1182,3.18702,-3.09617
1183,3.18702,-3.09617
1184,3.18702,-3.09617
1185,3.18702,-3.09617
1186,3.18702,-3.09617
1187,3.18702,-3.09617
1188,3.18702,-3.09617
1189,3.18702,-3.09617
1190,3.18702,-3.09617
1191,3.18702,-3.09617
1192,3.18702,-3.09617
1193,3.09617,3.09617
1194,3.09617,3.09617
1195,3.09617,3.09617
1196,3.09617,3.09617
1197,3.09617,3.09617
1198,3.09617,3.09617
1199,3.09617,3.09617
1200,3.09617,3.09617
1201,3.09617,3.09617
1202,3.09617,3.09617
1203,3.09617,3.09617
1204,2.86329,2.86329
1205,2.86329,2.86329
1206,2.86329,2.86329
1207,2.86329,2.86329
1208,2.86329,2.86329
1209,2.86329,2.86329
1210,2.86329,2.86329
1211,2.86329,2.86329
1212,2.86329,2.86329
1213,1.89255,1.89255
1214,1.89255,1.89255
1215,1.24905,1.24905
1216,1.24905,1.24905
1217,1.24905,1.24905
1218,2.55359,2.55359
1219,2.55359,2.55359
1220,3.01724,3.01724
1221,3.01724,3.01724
1222,3.01724,3.01724
1223,3.01724,3.01724
1224,3.01724,3.01724
1225,3.01724,3.01724
1226,3.01724,3.01724
1227,3.01724,3.01724
1228,2.03444,2.03444
1229,2.03444,2.03444
1230,2.86329,2.86329
1231,2.86329,2.86329
1232,2.86329,2.86329
1233,2.86329,2.86329
1234,3.06482,3.06482
1235,3.06482,3.06482
1236,3.06482,3.06482
1237,3.06482,3.06482
1238,3.06482,3.06482
1239,3.06482,3.06482
1240,3.06482,3.06482
1241,3.06482,3.06482
1242,3.06482,3.06482
1243,3.06482,3.06482
1244,3.06482,3.06482
1245,3.06482,3.06482
1246,3.06482,3.06482
1247,2.46685,2.46685
1248,2.46685,2.46685
1249,2.46685,2.46685
1250,2.24554,2.24554
1251,2.24554,2.24554
1252,2.24554,2.24554
1253,1.89255,1.89255
1254,1.89255,1.89255
1255,1.89255,1.89255
1256,2.1588,2.1588
1257,2.55359,2.55359
1258,2.89661,2.89661
1259,2.89661,2.89661
1260,3.38657,-2.89661
1261,3.38657,-2.89661
1262,3.83633,-2.44685
1263,3.83633,-2.44685
1264,3.83633,-2.44685
1265,3.83633,-2.44685
1266,3.83633,-2.44685
1267,3.83633,-2.44685
1268,3.83633,-2.44685
1269,3.83633,-2.44685
1270,3.83633,-2.44685
1271,3.83633,-2.44685
1272,3.83633,-2.44685
1273,3.83633,-2.44685
1274,4.12439,-2.1588
1275,4.12439,-2.1588
1276,4.12439,-2.1588
1277,3.33899,-2.9442
1278,3.33899,-2.9442
1279,3.33899,-2.9442
1280,2.9442,2.9442
1281,2.9442,2.9442
1282,2.49809,2.49809
1283,2.49809,2.49809
1284,2.49809,2.49809
1285,2.49809,2.49809
1286,2.49809,2.49809
1287,2.49809,2.49809
1288,2.49809,2.49809
1289,2.49809,2.49809
1290,2.49809,2.49809
1291,2.49809,2.49809
1292,2.49809,2.49809
1293,2.49809,2.49809
1294,2.9442,2.9442
1295,2.9442,2.9442
1296,2.9442,2.9442
1297,3.30674,-2.97644
1298,3.30674,-2.97644
1299,3.30674,-2.97644
1300,3.30674,-2.97644
1301,3.30674,-2.97644
1302,3.30674,-2.97644
1303,3.30674,-2.97644
1304,3.30674,-2.97644
1305,3.30674,-2.97644
1306,3.30674,-2.97644
1307,3.30674,-2.97644
1308,2.9442,2.9442
1309,2.9442,2.9442
1310,2.9442,2.9442
1311,2.9442,2.9442
1312,3.33899,-2.9442
1313,3.33899,-2.9442
1314,3.44009,-2.84309
1315,3.44009,-2.84309
1316,3.44009,-2.84309
1317,3.44009,-2.84309
1318,3.44009,-2.84309
1319,3.44009,-2.84309
1320,3.44009,-2.84309
1321,3.44009,-2.84309
1322,3.44009,-2.84309
1323,3.44009,-2.84309
1324,3.44009,-2.84309
1325,3.44009,-2.84309
1326,3.44009,-2.84309
1327,3.30674,-2.97644
1328,3.30674,-2.97644
1329,3.30674,-2.97644
1330,3.30674,-2.97644
1331,3.30674,-2.97644
1332,3.30674,-2.97644
1333,3.41989,-2.86329
1334,3.41989,-2.86329
1335,3.41989,-2.86329
1336,3.41989,-2.86329
1337,3.41989,-2.86329
1338,3.36839,-2.91479
1339,3.36839,-2.91479
1340,3.36839,-2.91479
1341,3.36839,-2.91479
1342,3.36839,-2.91479
1343,3.36839,-2.91479
1344,3.36839,-2.91479
1345,3.36839,-2.91479
1346,3.36839,-2.91479
1347,3.36839,-2.91479
1348,3.39204,-2.89115
1349,3.39204,-2.89115
1350,3.39204,-2.89115
1351,3.39204,-2.89115
1352,3.39204,-2.89115
1353,3.39204,-2.89115
1354,3.39204,-2.89115
1355,3.39204,-2.89115
1356,3.39204,-2.89115
1357,3.39204,-2.89115
1358,3.39204,-2.89115
1359,3.39204,-2.89115
1360,3.39204,-2.89115
1361,3.39204,-2.89115
1362,3.39204,-2.89115
1363,3.39204,-2.89115
1364,3.39204,-2.89115
1365,3.39204,-2.89115
1366,3.39204,-2.89115
1367,3.39204,-2.89115
1368,3.39204,-2.89115
1369,3.39204,-2.89115
1370,3.39204,-2.89115
1371,3.39204,-2.89115
1372,3.39204,-2.89115
1373,3.39204,-2.89115
1374,3.39204,-2.89115
1375,3.39204,-2.89115
1376,3.39204,-2.89115
1377,3.39204,-2.89115
1378,3.39204,-2.89115
1379,3.39204,-2.89115
1380,3.39204,-2.89115
1381,3.39204,-2.89115
1382,3.39204,-2.89115
1383,3.39204,-2.89115
1384,3.39204,-2.89115
1385,3.39204,-2.89115
1386,3.39204,-2.89115
1387,3.39204,-2.89115
1388,3.39204,-2.89115
1389,3.39204,-2.89115
1390,3.39204,-2.89115
1391,3.39204,-2.89115
1392,3.39204,-2.89115
1393,3.39204,-2.89115
1394,3.39204,-2.89115
1395,3.39204,-2.89115
1396,3.39204,-2.89115
1397,3.39204,-2.89115
1398,3.39204,-2.89115
1399,3.39204,-2.89115
1400,3.39204,-2.89115
1401,3.39204,-2.89115
1402,3.39204,-2.89115
1403,3.39204,-2.89115
1404,3.39204,-2.89115
1405,3.39204,-2.89115
1406,3.39204,-2.89115
1407,3.39204,-2.89115
1408,3.39204,-2.89115
1409,3.39204,-2.89115
1410,3.39204,-2.89115
1411,3.39204,-2.89115
1412,3.36026,-2.92292
1413,3.36026,-2.92292
1414,3.36026,-2.92292
1415,3.36026,-2.92292
1416,3.36026,-2.92292
1417,3.36026,-2.92292
1418,3.36026,-2.92292
1419,3.36026,-2.92292
1420,3.4022,-2.88099
1421,3.4022,-2.88099
1422,3.4022,-2.88099
1423,3.4022,-2.88099
1424,3.4022,-2.88099
1425,3.4022,-2.88099
1426,3.4022,-2.88099
1427,3.4022,-2.88099
1428,3.4022,-2.88099
1429,3.4022,-2.88099
1430,3.4022,-2.88099
1431,3.4022,-2.88099
1432,3.4022,-2.88099
1433,3.4022,-2.88099
1434,3.4022,-2.88099
1435,3.4022,-2.88099
1436,3.4022,-2.88099
1437,3.4022,-2.88099
1438,3.4022,-2.88099
1439,3.4022,-2.88099
1440,3.4022,-2.88099
1441,3.4022,-2.88099
1442,3.4022,-2.88099
1443,3.4022,-2.88099
1444,3.4022,-2.88099
1445,3.4022,-2.88099
1446,3.24126,-3.04192
1447,3.24126,-3.04192
1448,3.24126,-3.04192
1449,3.24126,-3.04192
1450,3.24126,-3.04192
1451,3.04192,3.04192
1452,3.04192,3.04192
1453,3.04192,3.04192
1454,3.04192,3.04192
1455,3.04192,3.04192
1456,2.92292,2.92292
1457,2.92292,2.92292
1458,2.92292,2.92292
1459,2.87534,2.87534
1460,2.87534,2.87534
1461,2.87534,2.87534
1462,2.87534,2.87534
1463,2.78282,2.78282
1464,2.78282,2.78282
1465,2.78282,2.78282
1466,2.78282,2.78282
1467,2.60117,2.60117
1468,2.44685,2.44685
1469,2.44685,2.44685
1470,2.44685,2.44685
1471,2.44685,2.44685
1472,2.26553,2.26553
1473,2.26553,2.26553
1474,2.26553,2.26553
1475,2.26553,2.26553
1476,2.17634,2.17634
1477,2.17634,2.17634
1478,2.17634,2.17634
1479,2.17634,2.17634
1480,2.17634,2.17634
1481,2.17634,2.17634
1482,2.17634,2.17634
1483,2.17634,2.17634
1484,2.14213,2.14213
1485,2.14213,2.14213
1486,2.14213,2.14213
1487,2.14213,2.14213
1488,2.14213,2.14213
1489,2.14213,2.14213
1490,2.14213,2.14213
1491,2.14213,2.14213
1492,2.14213,2.14213
1493,2.14213,2.14213
1494,2.14213,2.14213
1495,2.14213,2.14213
1496,2.14213,2.14213
1497,2.14213,2.14213
1498,2.14213,2.14213
1499,2.19105,2.19105
1500,2.19105,2.19105
1501,2.19105,2.19105
1502,2.19105,2.19105
1503,2.19105,2.19105
1504,2.19105,2.19105
1505,2.19105,2.19105
1506,2.11122,2.11122
1507,2.11122,2.11122
1508,2.11122,2.11122
1509,2.11122,2.11122
1510,2.11122,2.11122
1511,2.11122,2.11122
1512,2.11122,2.11122
1513,2.11122,2.11122
1514,2.11122,2.11122
1515,2.11122,2.11122
1516,2.11122,2.11122
1517,2.11122,2.11122
1518,2.11122,2.11122
1519,2.19105,2.19105
1520,2.19105,2.19105
1521,2.19105,2.19105
1522,2.19105,2.19105
1523,2.19105,2.19105
1524,2.19105,2.19105
1525,2.19105,2.19105
1526,2.19105,2.19105
1527,2.12245,2.12245
1528,2.12245,2.12245
1529,2.12245,2.12245
1530,2.12245,2.12245
1531,2.12245,2.12245
1532,2.12245,2.12245
1533,2.12245,2.12245
1534,2.12245,2.12245
1535,2.12245,2.12245
1536,2.12245,2.12245
1537,2.12245,2.12245
1538,2.12245,2.12245
1539,2.12245,2.12245
1540,2.12245,2.12245
1541,2.12245,2.12245
1542,2.13753,2.13753
1543,2.13753,2.13753
1544,2.13753,2.13753
1545,2.13753,2.13753
1546,2.13753,2.13753
1547,2.18152,2.18152
1548,2.18152,2.18152
1549,2.18152,2.18152
1550,2.18152,2.18152
1551,2.18152,2.18152
1552,2.18152,2.18152
1553,2.18152,2.18152
1554,2.18152,2.18152
1555,2.18152,2.18152
1556,2.18152,2.18152
1557,2.11122,2.11122
1558,2.11122,2.11122
1559,2.11122,2.11122
1560,2.11122,2.11122
1561,2.11122,2.11122
1562,2.11122,2.11122
1563,2.11122,2.11122
1564,2.11122,2.11122
1565,2.11122,2.11122
1566,2.11122,2.11122
1567,2.9442,2.9442
1568,2.9442,2.9442
1569,2.9442,2.9442
1570,3.33899,-2.9442
1571,3.33899,-2.9442
1572,3.54648,-2.7367
1573,3.54648,-2.7367
1574,3.54648,-2.7367
1575,3.66074,-2.62245
1576,3.66074,-2.62245
1577,3.66074,-2.62245
1578,3.70019,-2.58299
1579,3.70019,-2.58299
1580,3.70019,-2.58299
1581,3.70019,-2.58299
1582,3.70019,-2.58299
1583,3.70019,-2.58299
1584,4.12439,-2.1588
1585,4.58803,-1.69515
1586,4.58803,-1.69515
1587,4.58803,-1.69515
1588,4.58803,-1.69515
1589,4.84494,-1.43824
1590,4.84494,-1.43824
1591,4.84494,-1.43824
1592,4.84494,-1.43824
1593,4.84494,-1.43824
1594,4.84494,-1.43824
1595,4.84494,-1.43824
1596,4.84494,-1.43824
1597,4.84494,-1.43824
1598,4.84494,-1.43824
1599,4.84494,-1.43824
1600,4.84494,-1.43824
1601,4.93106,-1.35213
1602,4.93106,-1.35213
1603,4.93106,-1.35213
1604,4.93106,-1.35213
1605,4.93106,-1.35213
1606,4.93106,-1.35213
1607,4.86504,-1.41815
1608,4.86504,-1.41815
1609,4.86504,-1.41815
1610,4.86504,-1.41815
1611,4.86504,-1.41815
1612,4.86504,-1.41815
1613,4.86504,-1.41815
1614,4.86504,-1.41815
1615,4.86504,-1.41815
1616,4.86504,-1.41815
1617,4.86504,-1.41815
1618,4.86504,-1.41815
1619,4.86504,-1.41815
1620,4.86504,-1.41815
1621,4.89224,-1.39094
1622,4.89224,-1.39094
1623,4.89224,-1.39094
1624,4.89224,-1.39094
1625,4.89224,-1.39094
1626,4.89224,-1.39094
1627,4.99069,-1.2925
1628,4.99069,-1.2925
1629,4.99069,-1.2925
1630,4.99069,-1.2925
1631,4.99069,-1.2925
1632,4.87754,-1.40565
1633,4.87754,-1.40565
1634,4.87754,-1.40565
1635,4.87754,-1.40565
1636,4.87754,-1.40565
1637,4.87754,-1.40565
1638,4.93106,-1.35213
1639,4.93106,-1.35213
1640,4.93106,-1.35213
1641,4.93106,-1.35213
1642,4.93106,-1.35213
1643,4.93106,-1.35213
1644,4.86504,-1.41815
1645,4.86504,-1.41815
1646,4.86504,-1.41815
1647,4.86504,-1.41815
1648,4.86504,-1.41815
1649,4.86504,-1.41815
1650,4.86504,-1.41815
1651,4.86504,-1.41815
1652,4.86504,-1.41815
1653,4.86504,-1.41815
1654,4.86504,-1.41815
1655,4.86504,-1.41815
1656,4.86504,-1.41815
1657,4.86504,-1.41815
1658,4.93106,-1.35213
1659,4.93106,-1.35213
1660,4.93106,-1.35213
1661,4.97864,-1.30454
1662,4.97864,-1.30454
1663,4.97864,-1.30454
1664,4.97864,-1.30454
1665,4.97864,-1.30454
1666,4.97864,-1.30454
1667,5.96143,-0.321751
1668,5.96143,-0.321751
1669,5.96143,-0.321751
1670,5.69518,-0.588003
1671,5.69518,-0.588003
1672,5.69518,-0.588003
1673,3.32981,-2.95337
1674,3.32981,-2.95337
1675,3.32981,-2.95337
1676,3.32981,-2.95337
1677,3.32981,-2.95337
1678,3.32981,-2.95337
1679,3.32981,-2.95337
1680,3.32981,-2.95337
1681,3.32981,-2.95337
1682,3.32981,-2.95337
1683,3.32981,-2.95337
1684,3.32981,-2.95337
1685,3.32981,-2.95337
1686,3.32981,-2.95337
1687,3.32981,-2.95337
1688,3.32981,-2.95337
1689,3.32981,-2.95337
1690,3.32981,-2.95337
1691,3.32981,-2.95337
1692,3.32981,-2.95337
1693,3.32981,-2.95337
1694,3.32981,-2.95337
1695,3.32981,-2.95337
1696,3.32981,-2.95337
1697,3.32981,-2.95337
1698,3.24126,-3.04192
1699,3.24126,-3.04192
1700,3.24126,-3.04192
1701,3.24126,-3.04192
1702,3.24126,-3.04192
1703,3.24126,-3.04192
1704,3.24126,-3.04192
1705,3.24126,-3.04192
1706,3.24126,-3.04192
1707,3.24126,-3.04192
1708,3.32145,-2.96174
1709,3.32145,-2.96174
1710,3.32145,-2.96174
1711,3.35269,-2.9305
1712,3.35269,-2.9305
1713,3.35269,-2.9305
1714,3.35269,-2.9305
1715,3.35269,-2.9305
1716,3.35269,-2.9305
1717,3.35269,-2.9305
1718,3.35269,-2.9305
1719,3.5221,-2.76109
1720,3.5221,-2.76109
1721,3.5221,-2.76109
1722,3.5221,-2.76109
1723,6.19253,-0.0906599
1724,6.19253,-0.0906599
1725,6.19253,-0.0906599
1726,6.19253,-0.0906599
1727,6.19253,-0.0906599
1728,6.19253,-0.0906599
1729,0.0906599,0.0906599
1730,0.0906599,0.0906599
1731,0.0906599,0.0906599
1732,0.0906599,0.0906599
1733,0.0906599,0.0906599
1734,0.152649,0.152649
1735,0.152649,0.152649
1736,0.152649,0.152649
1737,0.152649,0.152649
1738,0.176709,0.176709
1739,0.176709,0.176709
1740,0.176709,0.176709
1741,0.176709,0.176709
1742,0.176709,0.176709
1743,0.176709,0.176709
1744,0.176709,0.176709
1745,0.176709,0.176709
1746,0.176709,0.176709
1747,0.176709,0.176709
1748,0.176709,0.176709
1749,0.176709,0.176709
1750,0.176709,0.176709
1751,0.176709,0.176709
1752,0.176709,0.176709
1753,0.176709,0.176709
1754,0.176709,0.176709
1755,0.176709,0.176709
1756,0.176709,0.176709
1757,0.176709,0.176709
1758,0.176709,0.176709
1759,0.176709,0.176709
1760,0.176709,0.176709
1761,0.141897,0.141897
1762,0.141897,0.141897
1763,0.141897,0.141897
1764,0.141897,0.141897
1765,6.14129,-0.141897
1766,6.14129,-0.141897
1767,6.14129,-0.141897
1768,4.90978,-1.3734
1769,4.90978,-1.3734
1770,4.90978,-1.3734
1771,4.90978,-1.3734
1772,4.90978,-1.3734
1773,5.11728,-1.1659
1774,5.11728,-1.1659
1775,5.11728,-1.1659
1776,5.23154,-1.05165
1777,5.23154,-1.05165
1778,5.23154,-1.05165
1779,5.38713,-0.896055
1780,5.38713,-0.896055
1781,5.38713,-0.896055
1782,5.60844,-0.674741
1783,5.60844,-0.674741
1784,5.60844,-0.674741
1785,5.74277,-0.54042
1786,5.74277,-0.54042
1787,5.90268,-0.380506
1788,6.00489,-0.2783
1789,6.00489,-0.2783
1790,6.00489,-0.2783
1791,6.00489,-0.2783
1792,6.00489,-0.2783
1793,6.00489,-0.2783
1794,5.92441,-0.358771
1795,5.92441,-0.358771
1796,5.92441,-0.358771
1797,5.92441,-0.358771
1798,5.74277,-0.54042
1799,5.74277,-0.54042
1800,5.74277,-0.54042
1801,5.74277,-0.54042
1802,6.03821,-0.244979
1803,6.03821,-0.244979
1804,6.03821,-0.244979
1805,6.03821,-0.244979
1806,6.03821,-0.244979
1807,3.46334,-2.81984
1808,3.46334,-2.81984
1809,3.46334,-2.81984
1810,3.7296,-2.55359
1811,3.7296,-2.55359
1812,3.7296,-2.55359
1813,5.81954,-0.463648
1814,0.2783,0.2783
1815,0.2783,0.2783
1816,0.2783,0.2783
1817,0.2783,0.2783
1818,0.2783,0.2783
1819,0.2783,0.2783
1820,0.141897,0.141897
1821,0.141897,0.141897
1822,0.141897,0.141897
1823,0.141897,0.141897
1824,6.14129,-0.141897
1825,6.14129,-0.141897
1826,6.14129,-0.141897
1827,5.69518,-0.588003
1828,5.69518,-0.588003
1829,5.69518,-0.588003
1830,5.69518,-0.588003
1831,1.10715,1.10715
1832,2.03444,2.03444
1833,2.03444,2.03444
1834,2.03444,2.03444
1835,1.10715,1.10715
1836,0.244979,0.244979
1837,0.244979,0.244979
1838,6.03821,-0.244979
1839,6.03821,-0.244979
1840,5.17604,-1.10715
1841,5.17604,-1.10715
1842,5.17604,-1.10715
1843,0.0996687,0.0996687
1844,0.0996687,0.0996687
1845,0.0996687,0.0996687
1846,0.0996687,0.0996687
1847,0.0996687,0.0996687
1848,0.0996687,0.0996687
1849,6.18352,-0.0996687
1850,6.18352,-0.0996687
1851,6.18352,-0.0996687
1852,6.18352,-0.0996687
1853,6.18352,-0.0996687
1854,5.90268,-0.380506
1855,5.90268,-0.380506
1856,5.90268,-0.380506
1857,5.90268,-0.380506
1858,6.23776,-0.0454233
1859,6.23776,-0.0454233
1860,6.23776,-0.0454233
1861,6.23776,-0.0454233
1862,6.23776,-0.0454233
1863,6.23776,-0.0454233
1864,6.23776,-0.0454233
1865,6.23776,-0.0454233
1866,6.23776,-0.0454233
1867,6.23776,-0.0454233
1868,6.23776,-0.0454233
1869,6.23776,-0.0454233
1870,6.23776,-0.0454233
1871,6.23776,-0.0454233
1872,6.23776,-0.0454233
1873,6.23776,-0.0454233
1874,6.23776,-0.0454233
1875,6.23776,-0.0454233
1876,6.23776,-0.0454233
1877,6.23776,-0.0454233
1878,6.23776,-0.0454233
1879,6.23776,-0.0454233
1880,6.18823,-0.0949517
1881,6.18823,-0.0949517
1882,6.18823,-0.0949517
1883,6.18823,-0.0949517
1884,6.18823,-0.0949517
1885,6.18823,-0.0949517
1886,6.18823,-0.0949517
1887,6.18823,-0.0949517
1888,6.18823,-0.0949517
1889,6.18823,-0.0949517
1890,6.18823,-0.0949517
1891,6.18823,-0.0949517
1892,6.25616,-0.0270204
1893,6.25616,-0.0270204
1894,6.25616,-0.0270204
1895,6.25616,-0.0270204
1896,6.25616,-0.0270204
1897,6.25616,-0.0270204
1898,6.25616,-0.0270204
1899,6.25616,-0.0270204
1900,6.25616,-0.0270204
1901,6.25616,-0.0270204
1902,6.25616,-0.0270204
1903,6.25616,-0.0270204
1904,6.25616,-0.0270204
1905,6.25616,-0.0270204
1906,6.25616,-0.0270204
1907,6.25616,-0.0270204
1908,6.25616,-0.0270204
1909,6.25616,-0.0270204
1910,6.25616,-0.0270204
1911,6.25616,-0.0270204
1912,6.25616,-0.0270204
1913,6.25616,-0.0270204
1914,6.25616,-0.0270204
1915,6.25616,-0.0270204
1916,6.25616,-0.0270204
1917,6.25616,-0.0270204
1918,6.25616,-0.0270204
1919,6.25616,-0.0270204
1920,6.25616,-0.0270204
1921,6.25616,-0.0270204
1922,6.25616,-0.0270204
1923,6.25616,-0.0270204
1924,6.25616,-0.0270204
1925,6.25616,-0.0270204
1926,6.25616,-0.0270204
1927,6.25616,-0.0270204
1928,6.25616,-0.0270204
1929,6.16608,-0.117109
1930,6.16608,-0.117109
1931,6.16608,-0.117109
1932,6.16608,-0.117109
1933,6.16608,-0.117109
1934,6.16608,-0.117109
1935,6.16608,-0.117109
1936,6.16608,-0.117109
1937,6.16608,-0.117109
1938,6.16608,-0.117109
1939,3.32145,-2.96174
1940,3.32145,-2.96174
1941,3.32145,-2.96174
1942,3.32145,-2.96174
1943,3.32145,-2.96174
1944,3.32145,-2.96174
1945,3.28349,-2.9997
1946,3.28349,-2.9997
1947,3.28349,-2.9997
1948,3.28349,-2.9997
1949,3.28349,-2.9997
1950,3.28349,-2.9997
1951,3.28349,-2.9997
1952,3.36026,-2.92292
1953,3.36026,-2.92292
1954,3.36026,-2.92292
1955,3.36026,-2.92292
1956,3.36026,-2.92292
1957,3.36026,-2.92292
1958,3.28349,-2.9997
1959,3.28349,-2.9997
1960,3.28349,-2.9997
1961,3.28349,-2.9997
1962,3.28349,-2.9997
1963,3.28349,-2.9997
1964,3.28349,-2.9997
1965,3.36026,-2.92292
1966,3.36026,-2.92292
1967,3.36026,-2.92292
1968,3.36026,-2.92292
1969,3.36026,-2.92292
1970,3.36026,-2.92292
1971,3.31626,-2.96692
1972,3.31626,-2.96692
1973,3.31626,-2.96692
1974,3.31626,-2.96692
1975,3.31626,-2.96692
1976,3.31626,-2.96692
1977,3.31626,-2.96692
1978,3.31626,-2.96692
1979,3.31626,-2.96692
1980,3.31626,-2.96692
1981,3.31626,-2.96692
1982,3.31626,-2.96692
1983,3.31626,-2.96692
1984,3.31626,-2.96692
1985,3.31626,-2.96692
1986,3.31626,-2.96692
1987,3.31626,-2.96692
1988,3.31626,-2.96692
1989,3.31626,-2.96692
1990,3.31626,-2.96692
1991,3.26595,-3.01724
1992,3.26595,-3.01724
1993,3.26595,-3.01724
1994,3.26595,-3.01724
1995,3.26595,-3.01724
1996,3.26595,-3.01724
1997,3.26595,-3.01724
1998,3.26595,-3.01724
1999,3.36026,-2.92292
2000,3.36026,-2.92292
2001,3.36026,-2.92292
2002,3.36026,-2.92292
2003,3.36026,-2.92292
2004,3.36026,-2.92292
2005,3.30674,-2.97644
2006,3.30674,-2.97644
2007,3.30674,-2.97644
2008,2.97644,2.97644
2009,2.97644,2.97644
2010,2.97644,2.97644
2011,2.97644,2.97644
2012,2.97644,2.97644
2013,3.5221,-2.76109
2014,3.5221,-2.76109
2015,3.5221,-2.76109
2016,3.5221,-2.76109
2017,3.5221,-2.76109
2018,3.36026,-2.92292
2019,3.36026,-2.92292
2020,3.36026,-2.92292
2021,3.36026,-2.92292
2022,3.36026,-2.92292
2023,3.29424,-2.98894
2024,3.29424,-2.98894
2025,3.29424,-2.98894
2026,3.29424,-2.98894
2027,3.29424,-2.98894
2028,3.29424,-2.98894
2029,3.29424,-2.98894
2030,3.23225,-3.05093
2031,3.23225,-3.05093
2032,3.23225,-3.05093
2033,3.23225,-3.05093
2034,3.23225,-3.05093
2035,3.23225,-3.05093
2036,3.23225,-3.05093
2037,3.23225,-3.05093
2038,3.23225,-3.05093
2039,3.23225,-3.05093
2040,3.23225,-3.05093
2041,3.2587,-3.02448
2042,3.2587,-3.02448
2043,3.2587,-3.02448
2044,3.2587,-3.02448
2045,3.2587,-3.02448
2046,3.2587,-3.02448
2047,3.2587,-3.02448
2048,3.2587,-3.02448
2049,3.2587,-3.02448
2050,3.36026,-2.92292
2051,3.36026,-2.92292
2052,3.36026,-2.92292
2053,3.40784,-2.87534
2054,3.40784,-2.87534
2055,3.43305,-2.85014
2056,3.43305,-2.85014
2057,3.43305,-2.85014
2058,3.43305,-2.85014
2059,3.43305,-2.85014
2060,3.43305,-2.85014
2061,3.43305,-2.85014
2062,3.43305,-2.85014
2063,3.43305,-2.85014
2064,3.31378,-2.9694
2065,3.31378,-2.9694
2066,3.31378,-2.9694
2067,3.31378,-2.9694
2068,3.31378,-2.9694
2069,3.31378,-2.9694
2070,3.31378,-2.9694
2071,3.31378,-2.9694
2072,3.31378,-2.9694
2073,3.31378,-2.9694
2074,3.31378,-2.9694
2075,3.31378,-2.9694
2076,3.31378,-2.9694
2077,3.31378,-2.9694
2078,3.31378,-2.9694
2079,3.31378,-2.9694
2080,3.31378,-2.9694
2081,3.31378,-2.9694
2082,3.31378,-2.9694
2083,3.31378,-2.9694
2084,3.31378,-2.9694
2085,3.31378,-2.9694
2086,3.31378,-2.9694
2087,3.31378,-2.9694
2088,3.31378,-2.9694
2089,3.31378,-2.9694
2090,3.36026,-2.92292
2091,3.36026,-2.92292
2092,3.36026,-2.92292
2093,3.36026,-2.92292
2094,3.36026,-2.92292
2095,3.36026,-2.92292
2096,3.28349,-2.9997
2097,3.28349,-2.9997
2098,3.28349,-2.9997
2099,3.28349,-2.9997
2100,3.28349,-2.9997
2101,3.28349,-2.9997
2102,3.28349,-2.9997
2103,3.31626,-2.96692
2104,3.31626,-2.96692
2105,3.31626,-2.96692
2106,3.31626,-2.96692
2107,3.31626,-2.96692
2108,3.31626,-2.96692
2109,3.31626,-2.96692
2110,3.31626,-2.96692
2111,3.31626,-2.96692
2112,3.31626,-2.96692
2113,3.31626,-2.96692
2114,3.29424,-2.98894
2115,3.29424,-2.98894
2116,3.29424,-2.98894
2117,3.24126,-3.04192
2118,3.24126,-3.04192
2119,3.24126,-3.04192
2120,3.24126,-3.04192
2121,3.24126,-3.04192
2122,3.24126,-3.04192
2123,3.24126,-3.04192
2124,3.24126,-3.04192
2125,3.24126,-3.04192
2126,3.24126,-3.04192
2127,3.36026,-2.92292
2128,3.36026,-2.92292
2129,3.36026,-2.92292
2130,3.36026,-2.92292
2131,3.36026,-2.92292
2132,3.36026,-2.92292
2133,3.26595,-3.01724
2134,3.26595,-3.01724
2135,3.26595,-3.01724
2136,3.26595,-3.01724
2137,3.26595,-3.01724
2138,3.26595,-3.01724
2139,3.26595,-3.01724
2140,3.26595,-3.01724
2141,3.26595,-3.01724
2142,3.26595,-3.01724
2143,3.26595,-3.01724
2144,2.81984,2.81984
2145,2.55359,2.55359
2146,2.1588,2.1588
2147,1.81577,1.81577
2148,1.81577,1.81577
2149,1.81577,1.81577
2150,1.81577,1.81577
2151,2.1588,2.1588
2152,2.55359,2.55359
2153,2.97644,2.97644
2154,2.97644,2.97644
2155,2.97644,2.97644
2156,3.30674,-2.97644
2157,3.30674,-2.97644
2158,3.30674,-2.97644
2159,3.41989,-2.86329
2160,3.41989,-2.86329
2161,3.41989,-2.86329
2162,3.41989,-2.86329
2163,3.41989,-2.86329
2164,3.36026,-2.92292
2165,3.36026,-2.92292
2166,3.36026,-2.92292
2167,3.36026,-2.92292
2168,3.36026,-2.92292
2169,3.36026,-2.92292
2170,3.36026,-2.92292
2171,3.36026,-2.92292
2172,3.36026,-2.92292
2173,3.36026,-2.92292
2174,3.66074,-2.62245
2175,3.66074,-2.62245
2176,3.66074,-2.62245
2177,3.66074,-2.62245
2178,3.66074,-2.62245
2179,3.66074,-2.62245
2180,3.66074,-2.62245
2181,3.66074,-2.62245
2182,3.66074,-2.62245
2183,3.66074,-2.62245
2184,3.66074,-2.62245
2185,3.78509,-2.49809
2186,3.78509,-2.49809
2187,4.06889,-2.2143
2188,4.06889,-2.2143
2189,4.06889,-2.2143
2190,5.30039,-0.982794
2191,5.30039,-0.982794
2192,5.69518,-0.588003
2193,5.69518,-0.588003
2194,0.141897,0.141897
2195,0.141897,0.141897
2196,0.141897,0.141897
2197,0.141897,0.141897
2198,0.141897,0.141897
2199,0.141897,0.141897
2200,0.141897,0.141897
2201,0.141897,0.141897
2202,0.141897,0.141897
2203,0.141897,0.141897
2204,0.141897,0.141897
2205,5.81954,-0.463648
2206,5.81954,-0.463648
2207,3.5221,-2.76109
2208,3.5221,-2.76109
2209,3.5221,-2.76109
2210,3.5221,-2.76109
2211,3.5221,-2.76109
2212,3.5221,-2.76109
2213,4.24874,-2.03444
2214,4.24874,-2.03444
2215,3.30674,-2.97644
2216,3.30674,-2.97644
2217,3.30674,-2.97644
2218,3.30674,-2.97644
2219,3.30674,-2.97644
2220,3.30674,-2.97644
2221,3.78509,-2.49809
2222,3.78509,-2.49809
2223,3.78509,-2.49809
2224,3.78509,-2.49809
2225,3.78509,-2.49809
