n,tangent,t2
0,0.463648,0.463648
1,0.463648,0.463648
2,0.463648,0.463648
3,5.63968,-0.643501
4,5.63968,-0.643501
5,5.63968,-0.643501
6,5.63968,-0.643501
7,5.63968,-0.643501
8,5.63968,-0.643501
9,5.63968,-0.643501
10,5.63968,-0.643501
11,5.63968,-0.643501
12,5.63968,-0.643501
13,5.33264,-0.950547
14,5.33264,-0.950547
15,5.33264,-0.950547
16,5.33264,-0.950547
17,5.33264,-0.950547
18,5.33264,-0.950547
19,5.33264,-0.950547
20,5.33264,-0.950547
21,4.24874,-2.03444
22,4.24874,-2.03444
23,4.24874,-2.03444
24,5.17604,-1.10715
25,5.69518,-0.588003
26,5.69518,-0.588003
27,5.69518,-0.588003
28,5.69518,-0.588003
29,5.69518,-0.588003
30,4.51499,-1.76819
31,4.51499,-1.76819
32,4.51499,-1.76819
33,4.51499,-1.76819
34,4.90978,-1.3734
35,4.90978,-1.3734
36,5.0929,-1.19029
37,5.0929,-1.19029
38,5.25281,-1.03038
39,5.38713,-0.896055
40,5.38713,-0.896055
41,5.38713,-0.896055
42,5.38713,-0.896055
43,5.38713,-0.896055
44,5.38713,-0.896055
45,5.38713,-0.896055
46,5.25281,-1.03038
47,5.25281,-1.03038
48,5.25281,-1.03038
49,5.25281,-1.03038
50,4.12439,-2.1588
51,4.12439,-2.1588
52,4.12439,-2.1588
53,4.12439,-2.1588
54,4.65363,-1.62955
55,4.65363,-1.62955
56,4.65363,-1.62955
57,4.65363,-1.62955
58,4.65363,-1.62955
59,4.65363,-1.62955
60,4.65363,-1.62955
61,4.65363,-1.62955
62,4.65363,-1.62955
63,4.65363,-1.62955
64,4.65363,-1.62955
65,4.65363,-1.62955
66,4.65363,-1.62955
67,4.65363,-1.62955
68,4.65363,-1.62955
69,4.65363,-1.62955
70,4.65363,-1.62955
71,4.65363,-1.62955
72,4.65363,-1.62955
73,4.65363,-1.62955
74,4.65363,-1.62955
75,4.65363,-1.62955
76,4.65363,-1.62955
77,4.81206,-1.47113
78,4.81206,-1.47113
79,4.81206,-1.47113
80,4.81206,-1.47113
81,4.81206,-1.47113
82,4.81206,-1.47113
83,4.81206,-1.47113
84,4.81206,-1.47113
85,4.39064,-1.89255
86,4.39064,-1.89255
87,4.39064,-1.89255
88,4.39064,-1.89255
89,5.0929,-1.19029
90,5.0929,-1.19029
91,5.0929,-1.19029
92,5.0929,-1.19029
93,5.81954,-0.463648
94,5.81954,-0.463648
95,4.74179,-1.54139
96,4.74179,-1.54139
97,4.74179,-1.54139
98,4.74179,-1.54139
99,4.74179,-1.54139
100,4.74179,-1.54139
101,4.74179,-1.54139
102,4.74179,-1.54139
103,4.74179,-1.54139
104,4.74179,-1.54139
105,4.74179,-1.54139
106,4.74179,-1.54139
107,4.74179,-1.54139
108,4.74179,-1.54139
109,4.74179,-1.54139
110,4.74179,-1.54139
111,4.74179,-1.54139
112,4.68299,-1.6002
113,4.68299,-1.6002
114,4.68299,-1.6002
115,4.68299,-1.6002
116,4.68299,-1.6002
117,4.68299,-1.6002
118,4.68299,-1.6002
119,4.68299,-1.6002
120,4.68299,-1.6002
121,4.68299,-1.6002
122,4.68299,-1.6002
123,4.68299,-1.6002
124,4.68299,-1.6002
125,4.68299,-1.6002
126,4.68299,-1.6002
127,4.68299,-1.6002
128,4.68299,-1.6002
129,4.59528,-1.68791
130,4.59528,-1.68791
131,4.59528,-1.68791
132,4.59528,-1.68791
133,4.59528,-1.68791
134,4.59528,-1.68791
135,4.59528,-1.68791
136,4.59528,-1.68791
137,4.59528,-1.68791
138,3.7296,-2.55359
139,3.7296,-2.55359
140,3.7296,-2.55359
141,4.12439,-2.1588
142,4.43409,-1.8491
143,4.43409,-1.8491
144,4.43409,-1.8491
145,4.43409,-1.8491
146,4.54724,-1.73595
147,4.54724,-1.73595
148,4.54724,-1.73595
149,4.75584,-1.52735
150,4.75584,-1.52735
151,4.75584,-1.52735
152,4.75584,-1.52735
153,4.75584,-1.52735
154,4.75584,-1.52735
155,4.75584,-1.52735
156,4.75584,-1.52735
157,4.75584,-1.52735
158,4.75584,-1.52735
159,4.75584,-1.52735
160,4.75584,-1.52735
161,4.75584,-1.52735
162,4.75584,-1.52735
163,4.75584,-1.52735
164,4.75584,-1.52735
165,4.67241,-1.61078
166,4.67241,-1.61078
167,4.67241,-1.61078
168,4.67241,-1.61078
169,4.67241,-1.61078
170,4.67241,-1.61078
171,4.67241,-1.61078
172,4.67241,-1.61078
173,4.67241,-1.61078
174,4.67241,-1.61078
175,4.67241,-1.61078
176,4.67241,-1.61078
177,4.67241,-1.61078
178,4.67241,-1.61078
179,4.67241,-1.61078
180,4.67241,-1.61078
181,4.67241,-1.61078
182,4.67241,-1.61078
183,4.67241,-1.61078
184,4.67241,-1.61078
185,4.67241,-1.61078
186,4.67241,-1.61078
187,4.67241,-1.61078
188,4.67241,-1.61078
189,4.67241,-1.61078
190,4.67241,-1.61078
191,4.67241,-1.61078
192,4.67241,-1.61078
193,4.67241,-1.61078
194,4.67241,-1.61078
195,4.67241,-1.61078
196,4.67241,-1.61078
197,4.67241,-1.61078
198,4.67241,-1.61078
199,4.67241,-1.61078
200,4.67241,-1.61078
201,4.67241,-1.61078
202,4.67241,-1.61078
203,4.67241,-1.61078
204,4.67241,-1.61078
205,4.78916,-1.49402
206,4.78916,-1.49402
207,4.78916,-1.49402
208,4.78916,-1.49402
209,4.78916,-1.49402
210,4.78916,-1.49402
211,4.78916,-1.49402
212,4.78916,-1.49402
213,4.78916,-1.49402
214,4.78916,-1.49402
215,4.78916,-1.49402
216,4.78916,-1.49402
217,4.78916,-1.49402
218,4.78916,-1.49402
219,4.78916,-1.49402
220,4.78916,-1.49402
221,4.78916,-1.49402
222,4.17197,-2.11122
223,4.17197,-2.11122
224,4.17197,-2.11122
225,4.17197,-2.11122
226,3.97957,-2.30361
227,3.97957,-2.30361
228,3.97957,-2.30361
229,3.97957,-2.30361
230,3.97957,-2.30361
231,3.97957,-2.30361
232,3.97957,-2.30361
233,3.97957,-2.30361
234,3.87441,-2.40878
235,3.87441,-2.40878
236,3.87441,-2.40878
237,3.87441,-2.40878
238,3.87441,-2.40878
239,3.87441,-2.40878
240,3.87441,-2.40878
241,3.87441,-2.40878
242,3.87441,-2.40878
243,3.87441,-2.40878
244,4.51499,-1.76819
245,4.51499,-1.76819
246,4.51499,-1.76819
247,4.93106,-1.35213
248,4.93106,-1.35213
249,4.93106,-1.35213
250,4.93106,-1.35213
251,4.93106,-1.35213
252,4.93106,-1.35213
253,4.93106,-1.35213
254,6.25462,-0.0285637
255,6.25462,-0.0285637
256,6.25462,-0.0285637
257,6.25462,-0.0285637
258,6.25462,-0.0285637
259,6.25462,-0.0285637
260,6.25462,-0.0285637
261,6.25462,-0.0285637
262,6.25462,-0.0285637
263,6.25462,-0.0285637
264,6.25462,-0.0285637
265,6.25462,-0.0285637
266,6.25462,-0.0285637
267,6.25462,-0.0285637
268,6.25462,-0.0285637
269,6.25462,-0.0285637
270,6.25462,-0.0285637
271,6.25462,-0.0285637
272,6.25462,-0.0285637
273,6.25462,-0.0285637
274,6.25462,-0.0285637
275,6.25462,-0.0285637
276,6.25462,-0.0285637
277,6.25462,-0.0285637
278,6.25462,-0.0285637
279,6.25462,-0.0285637
280,6.25462,-0.0285637
281,6.25462,-0.0285637
282,6.25462,-0.0285637
283,6.25462,-0.0285637
284,6.25462,-0.0285637
285,6.25462,-0.0285637
286,6.25462,-0.0285637
287,6.25462,-0.0285637
288,6.25462,-0.0285637
289,6.13054,-0.152649
290,6.13054,-0.152649
291,6.13054,-0.152649
292,6.13054,-0.152649
293,6.13054,-0.152649
294,6.13054,-0.152649
295,6.13054,-0.152649
296,4.86504,-1.41815
297,4.86504,-1.41815
298,4.86504,-1.41815
299,4.86504,-1.41815
300,4.86504,-1.41815
301,4.86504,-1.41815
302,4.86504,-1.41815
303,4.86504,-1.41815
304,4.86504,-1.41815
305,4.86504,-1.41815
306,4.86504,-1.41815
307,4.88706,-1.39612
308,4.88706,-1.39612
309,4.88706,-1.39612
310,4.88706,-1.39612
311,4.88706,-1.39612
312,4.88706,-1.39612
313,4.88706,-1.39612
314,4.88706,-1.39612
315,4.88706,-1.39612
316,4.88706,-1.39612
317,4.88706,-1.39612
318,4.88706,-1.39612
319,4.39064,-1.89255
320,3.17606,-3.10712
321,3.17606,-3.10712
322,3.17606,-3.10712
323,3.17606,-3.10712
324,3.17606,-3.10712
325,3.17606,-3.10712
326,3.17606,-3.10712
327,3.17606,-3.10712
328,3.17606,-3.10712
329,3.17606,-3.10712
330,3.17606,-3.10712
331,3.17606,-3.10712
332,3.17606,-3.10712
333,3.17606,-3.10712
334,3.17606,-3.10712
335,3.17606,-3.10712
336,3.17606,-3.10712
337,3.17606,-3.10712
338,3.17606,-3.10712
339,3.17606,-3.10712
340,3.17606,-3.10712
341,3.17606,-3.10712
342,3.17606,-3.10712
343,3.17606,-3.10712
344,3.17606,-3.10712
345,3.17606,-3.10712
346,3.17606,-3.10712
347,3.17606,-3.10712
348,3.17606,-3.10712
349,4.39064,-1.89255
350,4.39064,-1.89255
351,4.39064,-1.89255
352,4.12439,-2.1588
353,3.7296,-2.55359
354,3.7296,-2.55359
355,3.7296,-2.55359
356,3.7296,-2.55359
357,5.69518,-0.588003
358,5.69518,-0.588003
359,6.2493,-0.0338853
360,6.2493,-0.0338853
361,6.2493,-0.0338853
362,6.2493,-0.0338853
363,6.2493,-0.0338853
364,6.2493,-0.0338853
365,6.2493,-0.0338853
366,6.2493,-0.0338853
367,6.2493,-0.0338853
368,6.2493,-0.0338853
369,6.2493,-0.0338853
370,6.2493,-0.0338853
371,6.2493,-0.0338853
372,6.2493,-0.0338853
373,6.2493,-0.0338853
374,6.2493,-0.0338853
375,6.2493,-0.0338853
376,6.2493,-0.0338853
377,6.2493,-0.0338853
378,6.2493,-0.0338853
379,6.2493,-0.0338853
380,6.2493,-0.0338853
381,6.2493,-0.0338853
382,6.2493,-0.0338853
383,6.2493,-0.0338853
384,6.2493,-0.0338853
385,6.2493,-0.0338853
386,6.2493,-0.0338853
387,6.2493,-0.0338853
388,6.2493,-0.0338853
389,6.2493,-0.0338853
390,6.2493,-0.0338853
391,6.2493,-0.0338853
392,6.2493,-0.0338853
393,6.2493,-0.0338853
394,6.2493,-0.0338853
395,6.2493,-0.0338853
396,6.2493,-0.0338853
397,6.2493,-0.0338853
398,6.2493,-0.0338853
399,6.2493,-0.0338853
400,6.2493,-0.0338853
401,6.2493,-0.0338853
402,6.2493,-0.0338853
403,6.2493,-0.0338853
404,6.2493,-0.0338853
405,6.2493,-0.0338853
406,6.2493,-0.0338853
407,6.2493,-0.0338853
408,6.2493,-0.0338853
409,6.2493,-0.0338853
410,6.2493,-0.0338853
411,6.2493,-0.0338853
412,6.2493,-0.0338853
413,6.2493,-0.0338853
414,6.2493,-0.0338853
415,6.2493,-0.0338853
416,6.2493,-0.0338853
417,6.2493,-0.0338853
418,6.2493,-0.0338853
419,6.2493,-0.0338853
420,6.25688,-0.0263097
421,6.25688,-0.0263097
422,6.25688,-0.0263097
423,6.25688,-0.0263097
424,6.25688,-0.0263097
425,6.25688,-0.0263097
426,6.25688,-0.0263097
427,6.25688,-0.0263097
428,6.25688,-0.0263097
429,6.25688,-0.0263097
430,6.25688,-0.0263097
431,6.25688,-0.0263097
432,6.25688,-0.0263097
433,6.25688,-0.0263097
434,6.25688,-0.0263097
435,6.25688,-0.0263097
436,6.25688,-0.0263097
437,6.25688,-0.0263097
438,6.25688,-0.0263097
439,6.25688,-0.0263097
440,6.25688,-0.0263097
441,6.25688,-0.0263097
442,6.25688,-0.0263097
443,6.25688,-0.0263097
444,6.25688,-0.0263097
445,6.25688,-0.0263097
446,6.25688,-0.0263097
447,6.25688,-0.0263097
448,6.25688,-0.0263097
449,6.25688,-0.0263097
450,6.25688,-0.0263097
451,6.25688,-0.0263097
452,6.25688,-0.0263097
453,6.25688,-0.0263097
454,6.25688,-0.0263097
455,6.25688,-0.0263097
456,6.25688,-0.0263097
457,6.25688,-0.0263097
458,6.25145,-0.0317354
459,6.25145,-0.0317354
460,6.25145,-0.0317354
461,6.25145,-0.0317354
462,6.25145,-0.0317354
463,6.25145,-0.0317354
464,6.25145,-0.0317354
465,6.25145,-0.0317354
466,6.25145,-0.0317354
467,6.25145,-0.0317354
468,6.25145,-0.0317354
469,6.25145,-0.0317354
470,6.25145,-0.0317354
471,6.25145,-0.0317354
472,6.25145,-0.0317354
473,6.25145,-0.0317354
474,6.25145,-0.0317354
475,6.25145,-0.0317354
476,6.25145,-0.0317354
477,6.25145,-0.0317354
478,6.25145,-0.0317354
479,6.25145,-0.0317354
480,6.25145,-0.0317354
481,6.25145,-0.0317354
482,6.25145,-0.0317354
483,6.25145,-0.0317354
484,6.25145,-0.0317354
485,6.25145,-0.0317354
486,6.25145,-0.0317354
487,6.25145,-0.0317354
488,6.25145,-0.0317354
489,6.25145,-0.0317354
490,6.25145,-0.0317354
491,6.25145,-0.0317354
492,6.25145,-0.0317354
493,6.25145,-0.0317354
494,6.25145,-0.0317354
495,6.25145,-0.0317354
496,6.25145,-0.0317354
497,0.0906599,0.0906599
498,0.0906599,0.0906599
499,0.0906599,0.0906599
500,0.0906599,0.0906599
501,0.0906599,0.0906599
502,0.2783,0.2783
503,0.2783,0.2783
504,0.2783,0.2783
505,0.2783,0.2783
506,0.643501,0.643501
507,0.643501,0.643501
508,0.643501,0.643501
509,0.643501,0.643501
510,0.643501,0.643501
511,0.0831412,0.0831412
512,0.0831412,0.0831412
513,0.0831412,0.0831412
514,0.0831412,0.0831412
515,0.0831412,0.0831412
516,0.0831412,0.0831412
517,6.20004,-0.0831412
518,6.20004,-0.0831412
519,6.20004,-0.0831412
520,6.20004,-0.0831412
521,6.20004,-0.0831412
522,6.20004,-0.0831412
523,5.58845,-0.694738
524,5.58845,-0.694738
525,5.58845,-0.694738
526,5.58845,-0.694738
527,5.58845,-0.694738
528,5.58845,-0.694738
529,5.58845,-0.694738
530,5.58845,-0.694738
531,5.58845,-0.694738
532,6.26467,-0.0185164
533,6.26467,-0.0185164
534,6.26467,-0.0185164
535,6.26467,-0.0185164
536,6.26467,-0.0185164
537,6.26467,-0.0185164
538,6.26467,-0.0185164
539,6.26467,-0.0185164
540,6.26467,-0.0185164
541,6.26467,-0.0185164
542,6.26467,-0.0185164
543,6.26467,-0.0185164
544,6.26467,-0.0185164
545,6.26467,-0.0185164
546,6.26467,-0.0185164
547,6.26467,-0.0185164
548,6.26467,-0.0185164
549,6.26467,-0.0185164
550,6.26467,-0.0185164
551,6.26467,-0.0185164
552,6.26467,-0.0185164
553,6.26467,-0.0185164
554,6.26467,-0.0185164
555,6.26467,-0.0185164
556,6.26467,-0.0185164
557,6.26467,-0.0185164
558,6.26467,-0.0185164
559,0.0169475,0.0169475
560,0.0169475,0.0169475
561,0.0169475,0.0169475
562,0.0169475,0.0169475
563,0.0169475,0.0169475
564,0.0169475,0.0169475
565,0.0169475,0.0169475
566,0.0169475,0.0169475
567,0.0169475,0.0169475
568,0.0169475,0.0169475
569,0.0169475,0.0169475
570,0.0169475,0.0169475
571,0.0169475,0.0169475
572,0.0169475,0.0169475
573,0.0169475,0.0169475
574,0.0169475,0.0169475
575,0.0169475,0.0169475
576,0.0169475,0.0169475
577,0.0169475,0.0169475
578,0.0169475,0.0169475
579,0.0169475,0.0169475
580,0.0169475,0.0169475
581,0.0169475,0.0169475
582,0.0169475,0.0169475
583,0.0169475,0.0169475
584,0.0169475,0.0169475
585,0.0169475,0.0169475
586,0.0169475,0.0169475
587,0.0169475,0.0169475
588,0.0169475,0.0169475
589,0.0169475,0.0169475
590,0.0169475,0.0169475
591,0.0169475,0.0169475
592,0.0169475,0.0169475
593,0.0169475,0.0169475
594,0.0169475,0.0169475
595,0.0169475,0.0169475
596,0.0169475,0.0169475
597,0.0169475,0.0169475
598,0.0169475,0.0169475
599,0.0169475,0.0169475
600,0.0169475,0.0169475
601,0.0169475,0.0169475
602,0.0169475,0.0169475
603,0.0169475,0.0169475
604,0.0169475,0.0169475
605,0.0169475,0.0169475
606,0.0169475,0.0169475
607,0.0169475,0.0169475
608,0.0169475,0.0169475
609,0.0169475,0.0169475
610,0.0169475,0.0169475
611,0.0169475,0.0169475
612,0.0169475,0.0169475
613,0.0169475,0.0169475
614,0.0169475,0.0169475
615,0.0169475,0.0169475
616,0.0169475,0.0169475
617,0.0169475,0.0169475
618,0.0169475,0.0169475
619,0.0169475,0.0169475
620,0.0169475,0.0169475
621,0.0169475,0.0169475
622,0.0169475,0.0169475
623,0.0169475,0.0169475
624,0.0169475,0.0169475
625,0.0169475,0.0169475
626,0.0169475,0.0169475
627,0.0169475,0.0169475
628,0.0169475,0.0169475
629,0.0169475,0.0169475
630,0.0169475,0.0169475
631,0.0169475,0.0169475
632,0.0169475,0.0169475
633,0.0169475,0.0169475
634,0.0169475,0.0169475
635,0.0169475,0.0169475
636,0.0169475,0.0169475
637,0.0169475,0.0169475
638,0.0169475,0.0169475
639,0.0169475,0.0169475
640,0.0169475,0.0169475
641,0.0169475,0.0169475
642,0.0169475,0.0169475
643,0.0169475,0.0169475
644,0.0169475,0.0169475
645,0.0169475,0.0169475
646,0.380506,0.380506
647,0.380506,0.380506
648,0.54042,0.54042
649,0.54042,0.54042
650,0.54042,0.54042
651,0.54042,0.54042
652,0.0554985,0.0554985
653,0.0554985,0.0554985
654,0.0554985,0.0554985
655,0.0554985,0.0554985
656,0.0554985,0.0554985
657,0.0554985,0.0554985
658,0.0554985,0.0554985
659,0.0554985,0.0554985
660,0.0554985,0.0554985
661,6.22769,-0.0554985
662,6.22769,-0.0554985
663,6.22769,-0.0554985
664,6.22769,-0.0554985
665,6.22769,-0.0554985
666,6.22769,-0.0554985
667,6.22769,-0.0554985
668,6.22769,-0.0554985
669,6.22769,-0.0554985
670,5.63968,-0.643501
671,5.63968,-0.643501
672,5.63968,-0.643501
673,5.63968,-0.643501
674,5.63968,-0.643501
675,6.22918,-0.0540015
676,6.22918,-0.0540015
677,6.22918,-0.0540015
678,6.22918,-0.0540015
679,6.22918,-0.0540015
680,6.22918,-0.0540015
681,6.22918,-0.0540015
682,6.22918,-0.0540015
683,6.22918,-0.0540015
684,6.22918,-0.0540015
685,6.22918,-0.0540015
686,6.22918,-0.0540015
687,6.22918,-0.0540015
688,6.22918,-0.0540015
689,6.22918,-0.0540015
690,6.22918,-0.0540015
691,6.22918,-0.0540015
692,6.22918,-0.0540015
693,6.22918,-0.0540015
694,6.26396,-0.0192284
695,6.26396,-0.0192284
696,6.26396,-0.0192284
697,6.26396,-0.0192284
698,6.26396,-0.0192284
699,6.26396,-0.0192284
700,6.26396,-0.0192284
701,6.26396,-0.0192284
702,6.26396,-0.0192284
703,6.26396,-0.0192284
704,6.26396,-0.0192284
705,6.26396,-0.0192284
706,6.26396,-0.0192284
707,6.26396,-0.0192284
708,6.26396,-0.0192284
709,6.26396,-0.0192284
710,6.26396,-0.0192284
711,6.26396,-0.0192284
712,6.26396,-0.0192284
713,6.26396,-0.0192284
714,6.26396,-0.0192284
715,6.26396,-0.0192284
716,6.26396,-0.0192284
717,6.26396,-0.0192284
718,6.26396,-0.0192284
719,6.26396,-0.0192284
720,6.26396,-0.0192284
721,6.26396,-0.0192284
722,6.26396,-0.0192284
723,6.26396,-0.0192284
724,6.26396,-0.0192284
725,6.26396,-0.0192284
726,6.26396,-0.0192284
727,6.26396,-0.0192284
728,6.26396,-0.0192284
729,6.26396,-0.0192284
730,6.26396,-0.0192284
731,6.26396,-0.0192284
732,6.26396,-0.0192284
733,6.26396,-0.0192284
734,6.26396,-0.0192284
735,6.26396,-0.0192284
736,6.26396,-0.0192284
737,6.26396,-0.0192284
738,6.26396,-0.0192284
739,6.26396,-0.0192284
740,6.26396,-0.0192284
741,6.26396,-0.0192284
742,6.26396,-0.0192284
743,6.26396,-0.0192284
744,6.26396,-0.0192284
745,6.26396,-0.0192284
746,6.26396,-0.0192284
747,6.26396,-0.0192284
748,6.26396,-0.0192284
749,6.26396,-0.0192284
750,6.26396,-0.0192284
751,6.26396,-0.0192284
752,6.26396,-0.0192284
753,0.0906599,0.0906599
754,0.0906599,0.0906599
755,0.0906599,0.0906599
756,0.0906599,0.0906599
757,0.0906599,0.0906599
758,0.132552,0.132552
759,0.132552,0.132552
760,0.132552,0.132552
761,0.132552,0.132552
762,0.132552,0.132552
763,0.132552,0.132552
764,0.132552,0.132552
765,0.132552,0.132552
766,0.132552,0.132552
767,0.0302938,0.0302938
768,0.0302938,0.0302938
769,0.0302938,0.0302938
770,0.0302938,0.0302938
771,0.0302938,0.0302938
772,0.0302938,0.0302938
773,0.0302938,0.0302938
774,0.0302938,0.0302938
775,0.0302938,0.0302938
776,0.0302938,0.0302938
777,0.0302938,0.0302938
778,0.0302938,0.0302938
779,0.0302938,0.0302938
780,0.0302938,0.0302938
781,0.0302938,0.0302938
782,0.0302938,0.0302938
783,0.0302938,0.0302938
784,0.0302938,0.0302938
785,0.0302938,0.0302938
786,0.0302938,0.0302938
787,0.0302938,0.0302938
788,0.0302938,0.0302938
789,0.0302938,0.0302938
790,0.0302938,0.0302938
791,0.0302938,0.0302938
792,0.0302938,0.0302938
793,0.0302938,0.0302938
794,0.0302938,0.0302938
795,0.0302938,0.0302938
796,0.0302938,0.0302938
797,0.0302938,0.0302938
798,0.0302938,0.0302938
799,0.0302938,0.0302938
800,0.588003,0.588003
801,0.982794,0.982794
802,1.44644,1.44644
803,1.44644,1.44644
804,1.44644,1.44644
805,1.44644,1.44644
806,1.69515,1.69515
807,1.69515,1.69515
808,1.69515,1.69515
809,1.69515,1.69515
810,2.86329,2.86329
811,2.86329,2.86329
812,2.86329,2.86329
813,2.86329,2.86329
814,2.97644,2.97644
815,2.97644,2.97644
816,2.97644,2.97644
817,2.97644,2.97644
818,2.97644,2.97644
819,2.97644,2.97644
820,2.97644,2.97644
821,2.97644,2.97644
822,2.97644,2.97644
823,3.33899,-2.9442
824,3.33899,-2.9442
825,3.33899,-2.9442
826,3.33899,-2.9442
827,3.33899,-2.9442
828,3.33899,-2.9442
829,3.07502,3.07502
830,3.07502,3.07502
831,3.07502,3.07502
832,3.07502,3.07502
833,3.07502,3.07502
834,3.07502,3.07502
835,3.07502,3.07502
836,3.07502,3.07502
837,3.07502,3.07502
838,3.07502,3.07502
839,3.07502,3.07502
840,3.07502,3.07502
841,3.07502,3.07502
842,3.07502,3.07502
843,3.07502,3.07502
844,3.07502,3.07502
845,3.07502,3.07502
846,3.07502,3.07502
847,2.03444,2.03444
848,1.46014,1.46014
849,1.46014,1.46014
850,1.46014,1.46014
851,1.46014,1.46014
852,1.46014,1.46014
853,1.46014,1.46014
854,1.46014,1.46014
855,1.68145,1.68145
856,1.68145,1.68145
857,1.68145,1.68145
858,1.68145,1.68145
859,1.68145,1.68145
860,1.68145,1.68145
861,1.68145,1.68145
862,1.68145,1.68145
863,1.68145,1.68145
864,1.4289,1.4289
865,1.4289,1.4289
866,1.4289,1.4289
867,0.110657,0.110657
868,0.110657,0.110657
869,0.110657,0.110657
870,0.110657,0.110657
871,0.110657,0.110657
872,6.17253,-0.110657
873,6.17253,-0.110657
874,6.17253,-0.110657
875,6.17253,-0.110657
876,5.17604,-1.10715
877,5.17604,-1.10715
878,5.81954,-0.463648
879,0.244979,0.244979
880,0.244979,0.244979
881,0.244979,0.244979
882,0.244979,0.244979
883,6.03821,-0.244979
884,6.03821,-0.244979
885,6.03821,-0.244979
886,6.03821,-0.244979
887,0.0767719,0.0767719
888,0.0767719,0.0767719
889,0.0767719,0.0767719
890,0.0767719,0.0767719
891,0.0767719,0.0767719
892,0.0767719,0.0767719
893,0.0767719,0.0767719
894,0.0767719,0.0767719
895,0.0767719,0.0767719
896,0.0767719,0.0767719
897,0.0767719,0.0767719
898,0.0767719,0.0767719
899,0.0767719,0.0767719
900,0.0767719,0.0767719
901,0.0767719,0.0767719
902,1.10715,1.10715
903,2.1588,2.1588
904,2.1588,2.1588
905,2.1588,2.1588
906,2.1588,2.1588
907,2.1588,2.1588
908,0.0227234,0.0227234
909,0.0227234,0.0227234
910,0.0227234,0.0227234
911,0.0227234,0.0227234
912,0.0227234,0.0227234
913,0.0227234,0.0227234
914,0.0227234,0.0227234
915,0.0227234,0.0227234
916,0.0227234,0.0227234
917,0.0227234,0.0227234
918,0.0227234,0.0227234
919,0.0227234,0.0227234
920,0.0227234,0.0227234
921,0.0227234,0.0227234
922,0.0227234,0.0227234
923,0.0227234,0.0227234
924,0.0227234,0.0227234
925,0.0227234,0.0227234
926,0.0227234,0.0227234
927,0.0227234,0.0227234
928,0.0227234,0.0227234
929,0.0227234,0.0227234
930,0.0227234,0.0227234
931,0.0227234,0.0227234
932,0.0227234,0.0227234
933,0.0227234,0.0227234
934,0.0227234,0.0227234
935,0.0227234,0.0227234
936,0.0227234,0.0227234
937,0.0227234,0.0227234
938,0.0227234,0.0227234
939,0.0227234,0.0227234
940,0.0227234,0.0227234
941,0.0227234,0.0227234
942,0.0227234,0.0227234
943,0.0227234,0.0227234
944,0.0227234,0.0227234
945,0.0227234,0.0227234
946,0.0227234,0.0227234
947,0.0227234,0.0227234
948,0.0227234,0.0227234
949,0.0227234,0.0227234
950,0.0227234,0.0227234
951,0.0227234,0.0227234
952,1.44644,1.44644
953,1.44644,1.44644
954,1.44644,1.44644
955,1.44644,1.44644
956,1.69515,1.69515
957,1.69515,1.69515
958,1.69515,1.69515
959,1.69515,1.69515
960,2.24554,2.24554
961,2.24554,2.24554
962,2.24554,2.24554
963,2.46685,2.46685
964,2.46685,2.46685
965,2.46685,2.46685
966,2.46685,2.46685
967,2.46685,2.46685
968,2.46685,2.46685
969,2.46685,2.46685
970,2.46685,2.46685
971,2.24554,2.24554
972,2.24554,2.24554
973,2.24554,2.24554
974,1.89255,1.89255
975,1.89255,1.89255
976,1.89255,1.89255
977,1.89255,1.89255
978,1.89255,1.89255
979,1.55262,1.55262
980,1.55262,1.55262
981,1.55262,1.55262
982,1.55262,1.55262
983,1.55262,1.55262
984,1.55262,1.55262
985,1.55262,1.55262
986,1.55262,1.55262
987,1.55262,1.55262
988,1.55262,1.55262
989,1.55262,1.55262
990,1.55262,1.55262
991,1.55262,1.55262
992,1.55262,1.55262
993,1.55262,1.55262
994,1.55262,1.55262
995,1.55262,1.55262
996,1.55262,1.55262
997,1.55262,1.55262
998,1.55262,1.55262
999,1.55262,1.55262
1000,1.55262,1.55262
1001,1.55262,1.55262
1002,1.55262,1.55262
1003,1.55262,1.55262
1004,1.55262,1.55262
1005,1.55262,1.55262
1006,1.55262,1.55262
1007,1.55262,1.55262
1008,1.55262,1.55262
1009,1.55262,1.55262
1010,1.55262,1.55262
1011,1.55262,1.55262
1012,1.55262,1.55262
1013,1.55262,1.55262
1014,1.55262,1.55262
1015,1.55262,1.55262
1016,1.55262,1.55262
1017,1.55262,1.55262
1018,1.55262,1.55262
1019,1.55262,1.55262
1020,1.55262,1.55262
1021,1.55262,1.55262
1022,1.55262,1.55262
1023,1.55262,1.55262
1024,1.55262,1.55262
1025,1.55262,1.55262
1026,1.55262,1.55262
1027,1.55262,1.55262
1028,1.55262,1.55262
1029,1.55262,1.55262
1030,1.55262,1.55262
1031,1.55262,1.55262
1032,1.55262,1.55262
1033,1.55262,1.55262
1034,1.55262,1.55262
1035,1.55262,1.55262
1036,0.0277706,0.0277706
1037,0.0277706,0.0277706
1038,0.0277706,0.0277706
1039,0.0277706,0.0277706
1040,0.0277706,0.0277706
1041,0.0277706,0.0277706
1042,0.0277706,0.0277706
1043,0.0277706,0.0277706
1044,0.0277706,0.0277706
1045,0.0277706,0.0277706
1046,0.0277706,0.0277706
1047,0.0277706,0.0277706
1048,0.0277706,0.0277706
1049,0.0277706,0.0277706
1050,0.0277706,0.0277706
1051,0.0277706,0.0277706
1052,0.0277706,0.0277706
1053,0.0277706,0.0277706
1054,0.0277706,0.0277706
1055,0.0277706,0.0277706
1056,0.0277706,0.0277706
1057,0.0277706,0.0277706
1058,0.0277706,0.0277706
1059,0.0277706,0.0277706
1060,0.0277706,0.0277706
1061,0.0277706,0.0277706
1062,0.0277706,0.0277706
1063,0.0277706,0.0277706
1064,0.0277706,0.0277706
1065,0.0277706,0.0277706
1066,0.0277706,0.0277706
1067,0.0277706,0.0277706
1068,0.0277706,0.0277706
1069,0.0277706,0.0277706
1070,0.0277706,0.0277706
1071,0.0277706,0.0277706
1072,0.0277706,0.0277706
1073,2.81984,2.81984
1074,2.81984,2.81984
1075,2.81984,2.81984
1076,1.89255,1.89255
1077,1.89255,1.89255
1078,1.89255,1.89255
1079,3.1113,3.1113
1080,3.1113,3.1113
1081,3.1113,3.1113
1082,3.1113,3.1113
1083,3.1113,3.1113
1084,3.1113,3.1113
1085,3.1113,3.1113
1086,3.1113,3.1113
1087,3.1113,3.1113
1088,3.1113,3.1113
1089,3.1113,3.1113
1090,3.1113,3.1113
1091,3.1113,3.1113
1092,3.1113,3.1113
1093,3.1113,3.1113
1094,3.1113,3.1113
1095,3.1113,3.1113
1096,3.1113,3.1113
1097,3.1113,3.1113
1098,3.1113,3.1113
1099,3.1113,3.1113
1100,3.1113,3.1113
1101,3.1113,3.1113
1102,3.1113,3.1113
1103,3.1113,3.1113
1104,3.1113,3.1113
1105,3.1113,3.1113
1106,3.1113,3.1113
1107,3.1113,3.1113
1108,3.1113,3.1113
1109,3.1113,3.1113
1110,3.1113,3.1113
1111,3.1113,3.1113
1112,1.76819,1.76819
1113,1.76819,1.76819
1114,1.76819,1.76819
1115,1.76819,1.76819
1116,1.76819,1.76819
1117,2.67795,2.67795
1118,2.67795,2.67795
1119,1.66146,1.66146
1120,1.66146,1.66146
1121,1.66146,1.66146
1122,1.66146,1.66146
1123,1.66146,1.66146
1124,1.66146,1.66146
1125,1.55262,1.55262
1126,1.55262,1.55262
1127,1.55262,1.55262
1128,1.55262,1.55262
1129,1.55262,1.55262
1130,1.55262,1.55262
1131,1.55262,1.55262
1132,1.55262,1.55262
1133,1.55262,1.55262
1134,1.55262,1.55262
1135,1.55262,1.55262
1136,1.55262,1.55262
1137,1.55262,1.55262
1138,1.55262,1.55262
1139,1.55262,1.55262
1140,1.55262,1.55262
1141,1.55262,1.55262
1142,1.55262,1.55262
1143,1.55262,1.55262
1144,1.55262,1.55262
1145,1.55262,1.55262
1146,1.55262,1.55262
1147,1.55262,1.55262
1148,1.55262,1.55262
1149,1.55262,1.55262
1150,1.55262,1.55262
1151,1.55262,1.55262
1152,1.55262,1.55262
1153,1.55262,1.55262
1154,1.55262,1.55262
1155,1.55262,1.55262
1156,1.55262,1.55262
1157,1.55262,1.55262
1158,1.55262,1.55262
1159,1.55262,1.55262
1160,1.55262,1.55262
1161,1.55262,1.55262
1162,1.55262,1.55262
1163,1.55262,1.55262
1164,1.55262,1.55262
1165,1.55262,1.55262
1166,1.55262,1.55262
1167,1.55262,1.55262
1168,1.55262,1.55262
1169,1.55262,1.55262
1170,1.55262,1.55262
1171,1.55262,1.55262
1172,1.55262,1.55262
1173,1.55262,1.55262
1174,1.55262,1.55262
1175,1.55262,1.55262
1176,1.55262,1.55262
1177,1.55262,1.55262
1178,1.55262,1.55262
1179,1.55262,1.55262
1180,1.55262,1.55262
1181,1.55262,1.55262
1182,1.55262,1.55262
1183,1.55262,1.55262
1184,1.55262,1.55262
1185,1.55262,1.55262
1186,1.55262,1.55262
1187,1.55262,1.55262
1188,1.68145,1.68145
1189,1.68145,1.68145
1190,1.68145,1.68145
1191,1.68145,1.68145
1192,1.68145,1.68145
1193,1.68145,1.68145
1194,1.46014,1.46014
1195,1.46014,1.46014
1196,1.46014,1.46014
1197,1.46014,1.46014
1198,0.982794,0.982794
1199,0.982794,0.982794
1200,0.982794,0.982794
1201,1.24905,1.24905
1202,1.24905,1.24905
1203,1.24905,1.24905
1204,0.141897,0.141897
1205,0.141897,0.141897
1206,0.141897,0.141897
1207,0.141897,0.141897
1208,0.141897,0.141897
1209,0.141897,0.141897
1210,0.141897,0.141897
1211,1.24905,1.24905
1212,1.24905,1.24905
1213,1.24905,1.24905
1214,0.110657,0.110657
1215,0.110657,0.110657
1216,0.110657,0.110657
1217,0.110657,0.110657
1218,0.110657,0.110657
1219,0.110657,0.110657
1220,0.110657,0.110657
1221,0.110657,0.110657
1222,0.110657,0.110657
1223,1.3734,1.3734
1224,1.3734,1.3734
1225,1.3734,1.3734
1226,1.76819,1.76819
1227,1.76819,1.76819
1228,2.9997,2.9997
1229,2.9997,2.9997
1230,2.9997,2.9997
1231,2.9997,2.9997
1232,2.9997,2.9997
1233,2.9997,2.9997
1234,2.9997,2.9997
1235,2.03444,2.03444
1236,1.10715,1.10715
1237,0.244979,0.244979
1238,0.244979,0.244979
1239,0.244979,0.244979
1240,0.244979,0.244979
1241,1.10715,1.10715
1242,2.1588,2.1588
1243,2.1588,2.1588
1244,2.55359,2.55359
1245,2.86329,2.86329
1246,2.86329,2.86329
1247,2.86329,2.86329
1248,2.86329,2.86329
1249,2.86329,2.86329
1250,2.86329,2.86329
1251,2.86329,2.86329
1252,2.86329,2.86329
1253,2.86329,2.86329
1254,2.86329,2.86329
1255,2.86329,2.86329
1256,2.86329,2.86329
1257,2.86329,2.86329
1258,2.86329,2.86329
1259,2.86329,2.86329
1260,2.86329,2.86329
1261,2.86329,2.86329
1262,2.76109,2.76109
1263,2.76109,2.76109
1264,2.76109,2.76109
1265,1.5904,1.5904
1266,1.5904,1.5904
1267,1.5904,1.5904
1268,1.5904,1.5904
1269,1.5904,1.5904
1270,1.5904,1.5904
1271,1.5904,1.5904
1272,1.5904,1.5904
1273,1.5904,1.5904
1274,1.5904,1.5904
1275,1.5904,1.5904
1276,1.5904,1.5904
1277,1.5904,1.5904
1278,1.5904,1.5904
1279,1.5904,1.5904
1280,1.5904,1.5904
1281,1.5904,1.5904
1282,1.5904,1.5904
1283,1.5904,1.5904
1284,1.5904,1.5904
1285,1.5904,1.5904
1286,1.5904,1.5904
1287,1.5904,1.5904
1288,1.5904,1.5904
1289,1.5904,1.5904
1290,1.5904,1.5904
1291,1.5904,1.5904
1292,1.5904,1.5904
1293,1.5904,1.5904
1294,1.5904,1.5904
1295,1.5904,1.5904
1296,1.5904,1.5904
1297,1.5904,1.5904
1298,1.5904,1.5904
1299,1.5904,1.5904
1300,1.5904,1.5904
1301,1.5904,1.5904
1302,1.5904,1.5904
1303,1.5904,1.5904
1304,1.5904,1.5904
1305,1.5904,1.5904
1306,1.5904,1.5904
1307,1.5904,1.5904
1308,1.5904,1.5904
1309,1.5904,1.5904
1310,1.5904,1.5904
1311,1.5904,1.5904
1312,1.5904,1.5904
1313,1.5904,1.5904
1314,1.5904,1.5904
1315,1.5904,1.5904
1316,2.1588,2.1588
1317,2.55359,2.55359
1318,2.81984,2.81984
1319,2.81984,2.81984
1320,3.46334,-2.81984
1321,4.68299,-1.6002
1322,4.68299,-1.6002
1323,4.68299,-1.6002
1324,4.68299,-1.6002
1325,4.68299,-1.6002
1326,4.68299,-1.6002
1327,4.68299,-1.6002
1328,4.68299,-1.6002
1329,4.68299,-1.6002
1330,4.68299,-1.6002
1331,4.68299,-1.6002
1332,4.68299,-1.6002
1333,4.68299,-1.6002
1334,4.68299,-1.6002
1335,4.68299,-1.6002
1336,4.68299,-1.6002
1337,4.68299,-1.6002
1338,4.68299,-1.6002
1339,4.68299,-1.6002
1340,4.68299,-1.6002
1341,4.68299,-1.6002
1342,4.68299,-1.6002
1343,4.68299,-1.6002
1344,4.68299,-1.6002
1345,4.68299,-1.6002
1346,4.68299,-1.6002
1347,4.68299,-1.6002
1348,4.68299,-1.6002
1349,4.68299,-1.6002
1350,4.68299,-1.6002
1351,4.68299,-1.6002
1352,4.68299,-1.6002
1353,4.68299,-1.6002
1354,4.68299,-1.6002
1355,4.65186,-1.63133
1356,4.65186,-1.63133
1357,4.65186,-1.63133
1358,4.65186,-1.63133
1359,4.65186,-1.63133
1360,4.65186,-1.63133
1361,4.65186,-1.63133
1362,4.65186,-1.63133
1363,4.65186,-1.63133
1364,4.65186,-1.63133
1365,4.65186,-1.63133
1366,4.65186,-1.63133
1367,4.65186,-1.63133
1368,4.65186,-1.63133
1369,4.65186,-1.63133
1370,4.65186,-1.63133
1371,4.65186,-1.63133
1372,3.38657,-2.89661
1373,3.38657,-2.89661
1374,2.9442,2.9442
1375,2.9442,2.9442
1376,2.9442,2.9442
1377,2.9442,2.9442
1378,2.9442,2.9442
1379,2.9442,2.9442
1380,2.9442,2.9442
1381,2.9442,2.9442
1382,2.86329,2.86329
1383,2.86329,2.86329
1384,2.86329,2.86329
1385,2.86329,2.86329
1386,1.81577,1.81577
1387,1.81577,1.81577
1388,1.81577,1.81577
1389,1.81577,1.81577
1390,2.86329,2.86329
1391,2.86329,2.86329
1392,2.86329,2.86329
1393,2.86329,2.86329
1394,2.86329,2.86329
1395,2.86329,2.86329
1396,3.38657,-2.89661
1397,3.38657,-2.89661
1398,4.46741,-1.81577
1399,4.46741,-1.81577
1400,4.46741,-1.81577
1401,4.46741,-1.81577
1402,3.46334,-2.81984
1403,3.46334,-2.81984
1404,3.04192,3.04192
1405,3.04192,3.04192
1406,3.04192,3.04192
1407,3.04192,3.04192
1408,3.04192,3.04192
1409,3.04192,3.04192
1410,3.04192,3.04192
1411,3.04192,3.04192
1412,3.04192,3.04192
1413,3.04192,3.04192
1414,3.04192,3.04192
1415,3.04192,3.04192
1416,3.00904,3.00904
1417,3.00904,3.00904
1418,3.00904,3.00904
1419,3.00904,3.00904
1420,3.00904,3.00904
1421,3.00904,3.00904
1422,3.00904,3.00904
1423,3.00904,3.00904
1424,3.00904,3.00904
1425,3.03094,3.03094
1426,3.03094,3.03094
1427,3.03094,3.03094
1428,3.03094,3.03094
1429,3.03094,3.03094
1430,3.03094,3.03094
1431,3.03094,3.03094
1432,3.03094,3.03094
1433,3.03094,3.03094
1434,2.96174,2.96174
1435,2.96174,2.96174
1436,2.96174,2.96174
1437,2.96174,2.96174
1438,2.96174,2.96174
1439,2.96174,2.96174
1440,1.63322,1.63322
1441,1.63322,1.63322
1442,1.63322,1.63322
1443,1.63322,1.63322
1444,1.63322,1.63322
1445,1.63322,1.63322
1446,1.63322,1.63322
1447,1.63322,1.63322
1448,1.50838,1.50838
1449,1.50838,1.50838
1450,1.50838,1.50838
1451,1.50838,1.50838
1452,1.50838,1.50838
1453,1.50838,1.50838
1454,1.50838,1.50838
1455,1.50838,1.50838
1456,0.141897,0.141897
1457,0.141897,0.141897
1458,0.141897,0.141897
1459,0.141897,0.141897
1460,0.141897,0.141897
1461,0.141897,0.141897
1462,0.141897,0.141897
1463,1.10715,1.10715
1464,2.03444,2.03444
1465,3.03094,3.03094
1466,3.03094,3.03094
1467,3.03094,3.03094
1468,3.03094,3.03094
1469,3.03094,3.03094
1470,3.03094,3.03094
1471,3.03094,3.03094
1472,3.03094,3.03094
1473,3.03094,3.03094
1474,2.92292,2.92292
1475,2.92292,2.92292
1476,2.92292,2.92292
1477,2.92292,2.92292
1478,2.92292,2.92292
1479,2.92292,2.92292
1480,2.92292,2.92292
1481,3.46334,-2.81984
1482,3.46334,-2.81984
1483,3.46334,-2.81984
1484,3.02216,3.02216
1485,3.02216,3.02216
1486,3.02216,3.02216
1487,3.02216,3.02216
1488,3.02216,3.02216
1489,3.02216,3.02216
1490,3.02216,3.02216
1491,3.02216,3.02216
1492,3.02216,3.02216
1493,3.02216,3.02216
1494,3.02216,3.02216
1495,3.02216,3.02216
1496,3.02216,3.02216
1497,3.02216,3.02216
1498,3.02216,3.02216
1499,3.02216,3.02216
1500,3.02216,3.02216
1501,3.02216,3.02216
1502,3.02216,3.02216
1503,3.02216,3.02216
1504,3.03672,3.03672
1505,3.03672,3.03672
1506,3.03672,3.03672
1507,3.03672,3.03672
1508,3.03672,3.03672
1509,3.03672,3.03672
1510,3.03672,3.03672
1511,3.03672,3.03672
1512,3.03672,3.03672
1513,3.03672,3.03672
1514,3.03672,3.03672
1515,3.03672,3.03672
1516,3.03672,3.03672
1517,3.03672,3.03672
1518,3.03672,3.03672
1519,3.03672,3.03672
1520,3.03672,3.03672
1521,3.03672,3.03672
1522,3.03672,3.03672
1523,3.03672,3.03672
1524,2.9927,2.9927
1525,2.9927,2.9927
1526,2.9927,2.9927
1527,2.9927,2.9927
1528,2.9927,2.9927
1529,2.9927,2.9927
1530,2.9927,2.9927
1531,2.9927,2.9927
1532,2.9927,2.9927
1533,2.9927,2.9927
1534,2.9927,2.9927
1535,2.9927,2.9927
1536,3.00904,3.00904
1537,3.00904,3.00904
1538,3.00904,3.00904
1539,3.00904,3.00904
1540,3.02448,3.02448
1541,3.02448,3.02448
1542,3.02448,3.02448
1543,3.02448,3.02448
1544,3.02448,3.02448
1545,3.02448,3.02448
1546,3.02448,3.02448
1547,3.02448,3.02448
1548,3.02448,3.02448
1549,3.02448,3.02448
1550,3.02448,3.02448
1551,3.02448,3.02448
1552,3.02448,3.02448
1553,3.02448,3.02448
1554,3.02448,3.02448
1555,3.02448,3.02448
1556,3.02448,3.02448
1557,3.02448,3.02448
1558,2.98894,2.98894
1559,2.98894,2.98894
1560,2.98894,2.98894
1561,2.98894,2.98894
1562,2.98894,2.98894
1563,2.98894,2.98894
1564,2.98894,2.98894
1565,1.67046,1.67046
1566,1.67046,1.67046
1567,1.67046,1.67046
1568,1.67046,1.67046
1569,1.67046,1.67046
1570,1.67046,1.67046
1571,1.67046,1.67046
1572,1.67046,1.67046
1573,1.67046,1.67046
1574,1.67046,1.67046
1575,2.1588,2.1588
1576,2.55359,2.55359
1577,2.55359,2.55359
1578,3.60524,-2.67795
1579,4.61272,-1.67046
1580,4.61272,-1.67046
1581,4.61272,-1.67046
1582,4.61272,-1.67046
1583,4.61272,-1.67046
1584,4.61272,-1.67046
1585,4.61272,-1.67046
1586,4.61272,-1.67046
1587,4.61272,-1.67046
1588,4.61272,-1.67046
1589,3.25225,-3.03094
1590,3.25225,-3.03094
1591,3.25225,-3.03094
1592,3.25225,-3.03094
1593,3.25225,-3.03094
1594,3.03094,3.03094
1595,3.03094,3.03094
1596,3.03094,3.03094
1597,3.03094,3.03094
1598,2.86329,2.86329
1599,2.86329,2.86329
1600,2.86329,2.86329
1601,2.86329,2.86329
1602,2.03444,2.03444
1603,2.03444,2.03444
1604,2.03444,2.03444
1605,3.22473,-3.05845
1606,3.22473,-3.05845
1607,3.22473,-3.05845
1608,3.22473,-3.05845
1609,3.22473,-3.05845
1610,3.22473,-3.05845
1611,3.22473,-3.05845
1612,3.05845,3.05845
1613,3.05845,3.05845
1614,3.05845,3.05845
1615,3.05845,3.05845
1616,3.05845,3.05845
1617,3.05845,3.05845
1618,3.04664,3.04664
1619,3.04664,3.04664
1620,3.04664,3.04664
1621,3.04664,3.04664
1622,3.04664,3.04664
1623,3.04664,3.04664
1624,3.03851,3.03851
1625,3.03851,3.03851
1626,3.03851,3.03851
1627,3.03851,3.03851
1628,3.03851,3.03851
1629,3.03851,3.03851
1630,3.03851,3.03851
1631,3.03851,3.03851
1632,3.03851,3.03851
1633,3.03851,3.03851
1634,3.03851,3.03851
1635,3.03851,3.03851
1636,3.03851,3.03851
1637,3.03851,3.03851
1638,3.03851,3.03851
1639,2.98894,2.98894
1640,2.98894,2.98894
1641,2.98894,2.98894
1642,2.98894,2.98894
1643,2.98894,2.98894
1644,2.98894,2.98894
1645,2.98894,2.98894
1646,2.98894,2.98894
1647,3.02448,3.02448
1648,3.02448,3.02448
1649,3.02448,3.02448
1650,3.02448,3.02448
1651,3.02448,3.02448
1652,3.02448,3.02448
1653,3.02448,3.02448
1654,3.02448,3.02448
1655,3.02448,3.02448
1656,3.04192,3.04192
1657,3.04192,3.04192
1658,3.04192,3.04192
1659,3.04192,3.04192
1660,3.04192,3.04192
1661,3.04192,3.04192
1662,3.04192,3.04192
1663,3.04192,3.04192
1664,3.04192,3.04192
1665,3.04192,3.04192
1666,3.04192,3.04192
1667,3.04192,3.04192
1668,3.04192,3.04192
1669,3.04192,3.04192
1670,3.04192,3.04192
1671,3.04192,3.04192
1672,3.04192,3.04192
1673,3.04192,3.04192
1674,3.04192,3.04192
1675,3.04192,3.04192
1676,3.04192,3.04192
1677,3.00904,3.00904
1678,3.00904,3.00904
1679,3.00904,3.00904
1680,3.00904,3.00904
1681,3.00904,3.00904
1682,3.00904,3.00904
1683,3.00904,3.00904
1684,3.00904,3.00904
1685,3.00904,3.00904
1686,3.02097,3.02097
1687,3.02097,3.02097
1688,3.02097,3.02097
1689,3.02097,3.02097
1690,3.02097,3.02097
1691,3.02097,3.02097
1692,3.02097,3.02097
1693,3.02097,3.02097
1694,3.02097,3.02097
1695,3.02097,3.02097
1696,3.02097,3.02097
1697,3.02097,3.02097
1698,3.02097,3.02097
1699,3.02097,3.02097
1700,3.02097,3.02097
1701,3.02097,3.02097
1702,3.02097,3.02097
1703,3.02097,3.02097
1704,3.02097,3.02097
1705,3.02097,3.02097
1706,3.02097,3.02097
1707,3.02097,3.02097
1708,3.02097,3.02097
1709,3.02097,3.02097
1710,3.02097,3.02097
1711,3.02097,3.02097
1712,3.02097,3.02097
1713,3.02097,3.02097
1714,3.02097,3.02097
1715,3.02097,3.02097
1716,3.02097,3.02097
1717,3.02097,3.02097
1718,3.02097,3.02097
1719,3.02097,3.02097
1720,3.02097,3.02097
1721,3.02097,3.02097
1722,3.02097,3.02097
1723,3.05093,3.05093
1724,3.05093,3.05093
1725,3.05093,3.05093
1726,3.05093,3.05093
1727,3.05093,3.05093
1728,3.05093,3.05093
1729,3.05093,3.05093
1730,3.05093,3.05093
1731,3.05093,3.05093
1732,3.05093,3.05093
1733,3.05093,3.05093
1734,2.98894,2.98894
1735,2.98894,2.98894
1736,2.98894,2.98894
1737,2.98894,2.98894
1738,2.98894,2.98894
1739,2.98894,2.98894
1740,2.98894,2.98894
1741,2.98894,2.98894
1742,3.05845,3.05845
1743,3.05845,3.05845
1744,3.05845,3.05845
1745,3.05845,3.05845
1746,3.05845,3.05845
1747,3.05845,3.05845
1748,3.05845,3.05845
1749,3.05845,3.05845
1750,3.05845,3.05845
1751,3.05845,3.05845
1752,3.05845,3.05845
1753,3.05845,3.05845
1754,3.02448,3.02448
1755,3.02448,3.02448
1756,3.02448,3.02448
1757,3.02448,3.02448
1758,3.02448,3.02448
1759,3.02448,3.02448
1760,3.02448,3.02448
1761,3.02448,3.02448
1762,3.02448,3.02448
1763,3.02448,3.02448
1764,3.06176,3.06176
1765,3.06176,3.06176
1766,3.06176,3.06176
1767,3.06176,3.06176
1768,3.06176,3.06176
1769,3.06176,3.06176
1770,3.06176,3.06176
1771,3.06176,3.06176
1772,3.06176,3.06176
1773,3.06176,3.06176
1774,3.06176,3.06176
1775,3.06176,3.06176
1776,3.06176,3.06176
1777,3.11937,3.11937
1778,3.11937,3.11937
1779,3.11937,3.11937
1780,3.11937,3.11937
1781,3.11937,3.11937
1782,3.11937,3.11937
1783,3.11937,3.11937
1784,3.11937,3.11937
1785,3.11937,3.11937
1786,3.11937,3.11937
1787,3.11937,3.11937
1788,3.11937,3.11937
1789,3.11937,3.11937
1790,3.11937,3.11937
1791,3.11937,3.11937
1792,3.11937,3.11937
1793,3.11937,3.11937
1794,3.11937,3.11937
1795,3.11937,3.11937
1796,3.11937,3.11937
1797,3.11937,3.11937
1798,3.11937,3.11937
1799,3.11937,3.11937
1800,3.16381,-3.11937
1801,3.16381,-3.11937
1802,3.16381,-3.11937
1803,3.16381,-3.11937
1804,3.16381,-3.11937
1805,3.16381,-3.11937
1806,3.16381,-3.11937
1807,3.16381,-3.11937
1808,3.16381,-3.11937
1809,3.16381,-3.11937
1810,3.16381,-3.11937
1811,3.16381,-3.11937
1812,3.16381,-3.11937
1813,3.16381,-3.11937
1814,3.16381,-3.11937
1815,3.16381,-3.11937
1816,3.16381,-3.11937
1817,3.16381,-3.11937
1818,3.16381,-3.11937
1819,3.16381,-3.11937
1820,3.16381,-3.11937
1821,3.16381,-3.11937
1822,3.22833,-3.05485
1823,3.22833,-3.05485
1824,3.22833,-3.05485
1825,3.22833,-3.05485
1826,3.22833,-3.05485
1827,3.22833,-3.05485
1828,3.22833,-3.05485
1829,3.22833,-3.05485
1830,3.22833,-3.05485
1831,3.22833,-3.05485
1832,3.22833,-3.05485
1833,3.22833,-3.05485
1834,3.36026,-2.92292
1835,3.36026,-2.92292
1836,3.36026,-2.92292
1837,3.36026,-2.92292
1838,3.36026,-2.92292
1839,3.36026,-2.92292
1840,3.30674,-2.97644
1841,3.30674,-2.97644
1842,3.30674,-2.97644
1843,3.30674,-2.97644
1844,3.30674,-2.97644
1845,3.30674,-2.97644
1846,3.36026,-2.92292
1847,3.36026,-2.92292
1848,3.36026,-2.92292
1849,3.36026,-2.92292
1850,3.36026,-2.92292
1851,3.7296,-2.55359
1852,3.7296,-2.55359
1853,3.7296,-2.55359
1854,5.69518,-0.588003
1855,5.69518,-0.588003
1856,6.15883,-0.124355
1857,6.15883,-0.124355
1858,6.15883,-0.124355
1859,6.15883,-0.124355
1860,6.15883,-0.124355
1861,6.15883,-0.124355
1862,6.15883,-0.124355
1863,6.15883,-0.124355
1864,4.83674,-1.44644
1865,4.83674,-1.44644
1866,4.83674,-1.44644
1867,4.83674,-1.44644
1868,4.58803,-1.69515
1869,4.58803,-1.69515
1870,4.58803,-1.69515
1871,4.58803,-1.69515
1872,4.12439,-2.1588
1873,3.7296,-2.55359
1874,3.17606,-3.10712
1875,3.17606,-3.10712
1876,3.17606,-3.10712
1877,3.17606,-3.10712
1878,3.17606,-3.10712
1879,3.17606,-3.10712
1880,3.17606,-3.10712
1881,3.17606,-3.10712
1882,3.17606,-3.10712
1883,3.17606,-3.10712
1884,3.17606,-3.10712
1885,3.17606,-3.10712
1886,3.17606,-3.10712
1887,3.17606,-3.10712
1888,3.17606,-3.10712
1889,3.17606,-3.10712
1890,3.17606,-3.10712
1891,3.17606,-3.10712
1892,3.17606,-3.10712
1893,3.17606,-3.10712
1894,3.17606,-3.10712
1895,3.17606,-3.10712
1896,3.17606,-3.10712
1897,3.17606,-3.10712
1898,3.17606,-3.10712
1899,3.17606,-3.10712
1900,3.17606,-3.10712
1901,3.17606,-3.10712
1902,3.17606,-3.10712
1903,3.23654,-3.04664
1904,3.23654,-3.04664
1905,3.23654,-3.04664
1906,3.23654,-3.04664
1907,3.23654,-3.04664
1908,3.23654,-3.04664
1909,3.23654,-3.04664
1910,3.23654,-3.04664
1911,3.23654,-3.04664
1912,3.23654,-3.04664
1913,3.23654,-3.04664
1914,3.32145,-2.96174
1915,3.32145,-2.96174
1916,3.32145,-2.96174
1917,3.35269,-2.9305
1918,3.35269,-2.9305
1919,3.35269,-2.9305
1920,3.35269,-2.9305
1921,3.35269,-2.9305
1922,3.35269,-2.9305
1923,3.35269,-2.9305
1924,3.35269,-2.9305
1925,3.35269,-2.9305
1926,3.30674,-2.97644
1927,3.30674,-2.97644
1928,3.30674,-2.97644
1929,3.30674,-2.97644
1930,3.30674,-2.97644
1931,3.30674,-2.97644
1932,3.36026,-2.92292
1933,3.36026,-2.92292
1934,3.36026,-2.92292
1935,3.40784,-2.87534
1936,3.40784,-2.87534
1937,3.40784,-2.87534
1938,3.40784,-2.87534
1939,3.40784,-2.87534
1940,3.40784,-2.87534
1941,3.40784,-2.87534
1942,3.40784,-2.87534
1943,3.40784,-2.87534
1944,3.40784,-2.87534
1945,3.40784,-2.87534
1946,3.50877,-2.77442
1947,3.50877,-2.77442
1948,3.50877,-2.77442
1949,3.50877,-2.77442
1950,3.50877,-2.77442
1951,3.50877,-2.77442
1952,3.50877,-2.77442
1953,3.50877,-2.77442
1954,3.50877,-2.77442
1955,3.50877,-2.77442
1956,3.50877,-2.77442
1957,3.50877,-2.77442
1958,3.50877,-2.77442
1959,3.50877,-2.77442
1960,3.50877,-2.77442
1961,3.50877,-2.77442
1962,3.50877,-2.77442
1963,3.50877,-2.77442
1964,3.50877,-2.77442
1965,3.50877,-2.77442
1966,3.50877,-2.77442
1967,3.50877,-2.77442
1968,3.30674,-2.97644
1969,3.30674,-2.97644
1970,3.30674,-2.97644
1971,3.30674,-2.97644
1972,3.30674,-2.97644
1973,3.30674,-2.97644
1974,3.85022,-2.43297
1975,3.85022,-2.43297
1976,3.85022,-2.43297
1977,3.85022,-2.43297
1978,3.85022,-2.43297
1979,4.00376,-2.27942
1980,4.00376,-2.27942
1981,4.00376,-2.27942
1982,4.00376,-2.27942
1983,4.00376,-2.27942
1984,4.00376,-2.27942
1985,4.00376,-2.27942
