#Grabcut execution time: 0s 337ms 337050us 
0.0000              23.2369             
1.0000              2.2262              
2.0000              1.5268              
3.0000              1.3365              
4.0000              1.2138              
5.0000              1.0954              
6.0000              0.9920              
7.0000              0.9053              
8.0000              0.8282              
9.0000              0.7754              
10.0000             0.7307              
11.0000             0.6932              
12.0000             0.6751              
13.0000             0.6446              
14.0000             0.6243              
15.0000             0.6128              
16.0000             0.6006              
17.0000             0.5876              
18.0000             0.5776              
19.0000             0.5711              
20.0000             0.5646              
21.0000             0.5537              
22.0000             0.5466              
23.0000             0.5375              
24.0000             0.5332              
25.0000             0.5316              
26.0000             0.5231              
27.0000             0.5154              
28.0000             0.5132              
29.0000             0.5123              
30.0000             0.5052              
31.0000             0.5052              
#Execution time: 26s 26436ms 26436327us 
