#Grabcut execution time: 0s 344ms 344863us 
0.0000              34.1572             
1.0000              2.1551              
2.0000              1.5659              
3.0000              1.3873              
4.0000              1.2470              
5.0000              1.1717              
6.0000              1.0780              
7.0000              1.0307              
8.0000              0.9950              
9.0000              0.9960              
10.0000             0.9415              
11.0000             0.9245              
12.0000             0.9145              
13.0000             0.9013              
14.0000             0.8813              
15.0000             0.8499              
16.0000             0.8488              
17.0000             0.8283              
18.0000             0.8213              
19.0000             0.8154              
20.0000             0.7887              
21.0000             0.7889              
22.0000             0.7743              
23.0000             0.7704              
24.0000             0.7726              
25.0000             0.7661              
26.0000             0.7680              
27.0000             0.7504              
28.0000             0.7393              
29.0000             0.7275              
30.0000             0.7284              
31.0000             0.7284              
#Execution time: 30s 30809ms 30809567us 
