#Grabcut execution time: 0s 337ms 337744us 
0.0000              57.4181             
1.0000              5.0436              
2.0000              3.3183              
3.0000              2.8548              
4.0000              2.5582              
5.0000              2.2712              
6.0000              2.0203              
7.0000              1.8099              
8.0000              1.6237              
9.0000              1.4967              
10.0000             1.3896              
11.0000             1.3001              
12.0000             1.2580              
13.0000             1.1858              
14.0000             1.1390              
15.0000             1.1132              
16.0000             1.0859              
17.0000             1.0567              
18.0000             1.0342              
19.0000             1.0209              
20.0000             1.0068              
21.0000             0.9827              
22.0000             0.9677              
23.0000             0.9478              
24.0000             0.9395              
25.0000             0.9376              
26.0000             0.9189              
27.0000             0.9024              
28.0000             0.8993              
29.0000             0.8990              
30.0000             0.8839              
31.0000             0.8839              
#Execution time: 26s 26671ms 26671004us 
