#Grabcut execution time: 0s 347ms 347604us 
0.0000              57.8224             
1.0000              57.8948             
2.0000              57.8333             
3.0000              58.0997             
4.0000              58.2582             
5.0000              58.3714             
6.0000              58.4889             
7.0000              58.7069             
8.0000              58.8249             
9.0000              58.9377             
10.0000             59.0738             
11.0000             59.2064             
12.0000             59.3430             
13.0000             59.4813             
14.0000             59.6125             
15.0000             59.7610             
16.0000             59.8921             
17.0000             60.0133             
18.0000             60.1449             
19.0000             60.2623             
20.0000             60.3827             
21.0000             60.5022             
22.0000             60.6203             
23.0000             60.7276             
24.0000             60.8498             
25.0000             60.9570             
26.0000             61.0659             
27.0000             61.1755             
28.0000             61.2809             
29.0000             61.3896             
30.0000             61.5027             
31.0000             61.5027             
#Execution time: 154s 154500ms 154500396us 
