#Grabcut execution time: 0s 347ms 347708us 
0.0000              311.0739            
1.0000              132.9151            
2.0000              127.7650            
3.0000              124.4907            
4.0000              123.1079            
5.0000              122.0345            
6.0000              121.3304            
7.0000              120.9866            
8.0000              120.2029            
9.0000              119.6199            
10.0000             119.8316            
11.0000             119.6788            
12.0000             119.3985            
13.0000             119.4661            
14.0000             119.3672            
15.0000             119.3028            
16.0000             119.4090            
17.0000             119.3122            
18.0000             119.2479            
19.0000             119.2902            
20.0000             119.1088            
21.0000             119.0143            
22.0000             119.0287            
23.0000             119.0196            
24.0000             119.1382            
25.0000             119.0588            
26.0000             118.7933            
27.0000             118.8925            
28.0000             118.8962            
29.0000             118.8964            
30.0000             118.9834            
31.0000             118.9834            
#Execution time: 13s 13276ms 13276007us 
