n,tangent,t2
0,5.35589,-0.927295
1,5.35589,-0.927295
2,5.35589,-0.927295
3,5.35589,-0.927295
4,5.35589,-0.927295
5,5.35589,-0.927295
6,5.35589,-0.927295
7,5.25281,-1.03038
8,5.25281,-1.03038
9,5.25281,-1.03038
10,5.25281,-1.03038
11,5.25281,-1.03038
12,5.35589,-0.927295
13,5.35589,-0.927295
14,5.35589,-0.927295
15,5.35589,-0.927295
16,5.35589,-0.927295
17,5.23154,-1.05165
18,5.23154,-1.05165
19,5.23154,-1.05165
20,5.11728,-1.1659
21,5.11728,-1.1659
22,5.11728,-1.1659
23,4.95737,-1.32582
24,4.95737,-1.32582
25,4.95737,-1.32582
26,4.95737,-1.32582
27,5.0929,-1.19029
28,5.0929,-1.19029
29,5.0929,-1.19029
30,5.0929,-1.19029
31,4.99069,-1.2925
32,4.99069,-1.2925
33,4.99069,-1.2925
34,4.99069,-1.2925
35,4.99069,-1.2925
36,4.99069,-1.2925
37,4.99069,-1.2925
38,4.99069,-1.2925
39,4.99069,-1.2925
40,4.86504,-1.41815
41,4.86504,-1.41815
42,4.86504,-1.41815
43,4.86504,-1.41815
44,4.86504,-1.41815
45,4.86504,-1.41815
46,4.86504,-1.41815
47,4.80305,-1.48014
48,4.80305,-1.48014
49,4.80305,-1.48014
50,4.80305,-1.48014
51,4.80305,-1.48014
52,4.80305,-1.48014
53,4.80305,-1.48014
54,4.80305,-1.48014
55,4.80305,-1.48014
56,4.80305,-1.48014
57,4.80305,-1.48014
58,4.84494,-1.43824
59,4.84494,-1.43824
60,4.84494,-1.43824
61,4.84494,-1.43824
62,4.84494,-1.43824
63,4.84494,-1.43824
64,4.84494,-1.43824
65,4.84494,-1.43824
66,5.30039,-0.982794
67,5.30039,-0.982794
68,5.30039,-0.982794
69,4.95737,-1.32582
70,4.95737,-1.32582
71,4.95737,-1.32582
72,4.95737,-1.32582
73,5.07116,-1.21203
74,5.07116,-1.21203
75,5.07116,-1.21203
76,5.07116,-1.21203
77,5.07116,-1.21203
78,5.07116,-1.21203
79,4.99069,-1.2925
80,4.99069,-1.2925
81,4.90978,-1.3734
82,4.90978,-1.3734
83,4.90978,-1.3734
84,4.90978,-1.3734
85,4.90978,-1.3734
86,5.0929,-1.19029
87,5.0929,-1.19029
88,5.0929,-1.19029
89,5.0929,-1.19029
90,4.90978,-1.3734
91,4.90978,-1.3734
92,4.90978,-1.3734
93,4.90978,-1.3734
94,4.90978,-1.3734
95,5.30039,-0.982794
96,5.30039,-0.982794
97,5.30039,-0.982794
98,5.05541,-1.22777
99,5.05541,-1.22777
100,5.05541,-1.22777
101,5.05541,-1.22777
102,5.05541,-1.22777
103,5.05541,-1.22777
104,5.05541,-1.22777
105,5.05541,-1.22777
106,5.05541,-1.22777
107,5.05541,-1.22777
108,5.05541,-1.22777
109,5.05541,-1.22777
110,5.05541,-1.22777
111,5.05541,-1.22777
112,5.05541,-1.22777
113,5.05541,-1.22777
114,5.05541,-1.22777
115,5.01089,-1.2723
116,5.01089,-1.2723
117,5.01089,-1.2723
118,5.01089,-1.2723
119,5.01089,-1.2723
120,5.01089,-1.2723
121,5.01089,-1.2723
122,5.01089,-1.2723
123,5.01089,-1.2723
124,5.01089,-1.2723
125,5.0929,-1.19029
126,5.0929,-1.19029
127,5.25281,-1.03038
128,5.25281,-1.03038
129,5.25281,-1.03038
130,5.25281,-1.03038
131,4.93919,-1.344
132,4.93919,-1.344
133,4.93919,-1.344
134,4.93919,-1.344
135,4.93919,-1.344
136,4.93919,-1.344
137,4.93919,-1.344
138,4.93919,-1.344
139,4.93919,-1.344
140,4.93919,-1.344
141,4.77114,-1.51204
142,4.77114,-1.51204
143,4.77114,-1.51204
144,4.77114,-1.51204
145,4.77114,-1.51204
146,4.77114,-1.51204
147,4.77114,-1.51204
148,4.77114,-1.51204
149,4.77114,-1.51204
150,4.77114,-1.51204
151,4.77114,-1.51204
152,4.77114,-1.51204
153,4.77114,-1.51204
154,4.77114,-1.51204
155,4.77114,-1.51204
156,4.77114,-1.51204
157,4.77114,-1.51204
158,4.99069,-1.2925
159,4.99069,-1.2925
160,4.99069,-1.2925
161,4.99069,-1.2925
162,5.35589,-0.927295
163,5.35589,-0.927295
164,5.35589,-0.927295
165,5.35589,-0.927295
166,5.35589,-0.927295
167,4.84209,-1.44109
168,4.84209,-1.44109
169,4.84209,-1.44109
170,4.84209,-1.44109
171,4.84209,-1.44109
172,4.84209,-1.44109
173,4.84209,-1.44109
174,4.84209,-1.44109
175,4.84209,-1.44109
176,4.84209,-1.44109
177,4.84209,-1.44109
178,4.84209,-1.44109
179,4.84209,-1.44109
180,4.82727,-1.45592
181,4.82727,-1.45592
182,4.82727,-1.45592
183,4.82727,-1.45592
184,4.82727,-1.45592
185,4.82727,-1.45592
186,4.82727,-1.45592
187,4.82727,-1.45592
188,4.82727,-1.45592
189,4.81727,-1.46592
190,4.81727,-1.46592
191,4.81727,-1.46592
192,4.81727,-1.46592
193,4.81727,-1.46592
194,4.73162,-1.55157
195,4.73162,-1.55157
196,4.73162,-1.55157
197,4.73162,-1.55157
198,4.73162,-1.55157
199,4.73162,-1.55157
200,4.73162,-1.55157
201,4.73162,-1.55157
202,4.73162,-1.55157
203,4.73162,-1.55157
204,4.73162,-1.55157
205,4.73162,-1.55157
206,4.73162,-1.55157
207,4.73162,-1.55157
208,4.73162,-1.55157
209,4.73162,-1.55157
210,4.73162,-1.55157
211,4.73162,-1.55157
212,4.73162,-1.55157
213,4.73162,-1.55157
214,4.73162,-1.55157
215,4.73162,-1.55157
216,4.73162,-1.55157
217,4.73162,-1.55157
218,4.73162,-1.55157
219,4.73162,-1.55157
220,4.69316,-1.59002
221,4.69316,-1.59002
222,4.69316,-1.59002
223,4.69316,-1.59002
224,4.69316,-1.59002
225,4.69316,-1.59002
226,4.69316,-1.59002
227,4.69316,-1.59002
228,4.69316,-1.59002
229,4.69316,-1.59002
230,4.69316,-1.59002
231,4.69316,-1.59002
232,4.69316,-1.59002
233,4.69316,-1.59002
234,4.69316,-1.59002
235,4.69316,-1.59002
236,4.69316,-1.59002
237,4.69316,-1.59002
238,4.69316,-1.59002
239,4.69316,-1.59002
240,4.69316,-1.59002
241,4.69316,-1.59002
242,4.69316,-1.59002
243,4.69316,-1.59002
244,4.69316,-1.59002
245,4.69316,-1.59002
246,4.69316,-1.59002
247,4.69316,-1.59002
248,4.69316,-1.59002
249,4.69316,-1.59002
250,4.69316,-1.59002
251,4.85429,-1.4289
252,4.85429,-1.4289
253,4.85429,-1.4289
254,4.85429,-1.4289
255,4.85429,-1.4289
256,4.85429,-1.4289
257,4.85429,-1.4289
258,4.54724,-1.73595
259,4.54724,-1.73595
260,4.54724,-1.73595
261,4.54724,-1.73595
262,4.54724,-1.73595
263,5.63968,-0.643501
264,5.63968,-0.643501
265,5.63968,-0.643501
266,5.63968,-0.643501
267,5.63968,-0.643501
268,5.63968,-0.643501
269,5.17604,-1.10715
270,5.17604,-1.10715
271,5.90268,-0.380506
272,5.90268,-0.380506
273,5.90268,-0.380506
274,6.03821,-0.244979
275,6.03821,-0.244979
276,0.244979,0.244979
277,0.244979,0.244979
278,0.432408,0.432408
279,0.432408,0.432408
280,0.432408,0.432408
281,0.432408,0.432408
282,0.432408,0.432408
283,0.432408,0.432408
284,0.432408,0.432408
285,0.432408,0.432408
286,0.432408,0.432408
287,0.432408,0.432408
288,0.432408,0.432408
289,0.432408,0.432408
290,0.432408,0.432408
291,0.432408,0.432408
292,0.432408,0.432408
293,0.432408,0.432408
294,0.432408,0.432408
295,0.432408,0.432408
296,0.432408,0.432408
297,0.588003,0.588003
298,0.588003,0.588003
299,0.588003,0.588003
300,0.321751,0.321751
301,0.321751,0.321751
302,0.321751,0.321751
303,0.643501,0.643501
304,0.643501,0.643501
305,0.927295,0.927295
306,0.927295,0.927295
307,1.49949,1.49949
308,1.49949,1.49949
309,1.49949,1.49949
310,1.49949,1.49949
311,1.49949,1.49949
312,1.49949,1.49949
313,1.49949,1.49949
314,1.63965,1.63965
315,1.63965,1.63965
316,1.63965,1.63965
317,1.63965,1.63965
318,1.63965,1.63965
319,1.63965,1.63965
320,1.63965,1.63965
321,1.63965,1.63965
322,1.63965,1.63965
323,1.63965,1.63965
324,1.63965,1.63965
325,1.63965,1.63965
326,1.63965,1.63965
327,1.63965,1.63965
328,1.63965,1.63965
329,1.63965,1.63965
330,1.63965,1.63965
331,1.63965,1.63965
332,1.63965,1.63965
333,1.63965,1.63965
334,1.63965,1.63965
335,1.63965,1.63965
336,1.63965,1.63965
337,1.62955,1.62955
338,1.62955,1.62955
339,1.62955,1.62955
340,1.62955,1.62955
341,1.62955,1.62955
342,1.62955,1.62955
343,1.62955,1.62955
344,1.62955,1.62955
345,1.62955,1.62955
346,1.62955,1.62955
347,1.62955,1.62955
348,1.62955,1.62955
349,1.62955,1.62955
350,1.62955,1.62955
351,1.62955,1.62955
352,1.62955,1.62955
353,1.62955,1.62955
354,1.64474,1.64474
355,1.64474,1.64474
356,1.64474,1.64474
357,1.64474,1.64474
358,1.64474,1.64474
359,1.64474,1.64474
360,1.64474,1.64474
361,1.64474,1.64474
362,1.64474,1.64474
363,1.64474,1.64474
364,1.64474,1.64474
365,1.64474,1.64474
366,1.64474,1.64474
367,1.64474,1.64474
368,1.64474,1.64474
369,1.59207,1.59207
370,1.59207,1.59207
371,1.59207,1.59207
372,1.59207,1.59207
373,1.59207,1.59207
374,1.59207,1.59207
375,1.59207,1.59207
376,1.59207,1.59207
377,1.59207,1.59207
378,1.59207,1.59207
379,1.59207,1.59207
380,1.59207,1.59207
381,1.59207,1.59207
382,1.59207,1.59207
383,1.59207,1.59207
384,1.59207,1.59207
385,1.59207,1.59207
386,1.59207,1.59207
387,1.59207,1.59207
388,1.59207,1.59207
389,1.59207,1.59207
390,1.59207,1.59207
391,1.59207,1.59207
392,1.59207,1.59207
393,1.54952,1.54952
394,1.54952,1.54952
395,1.54952,1.54952
396,1.54952,1.54952
397,1.54952,1.54952
398,1.54952,1.54952
399,1.54952,1.54952
400,1.54952,1.54952
401,1.54952,1.54952
402,1.54952,1.54952
403,1.54952,1.54952
404,1.54952,1.54952
405,1.54952,1.54952
406,1.54952,1.54952
407,1.54952,1.54952
408,1.54952,1.54952
409,1.54952,1.54952
410,1.54952,1.54952
411,1.54952,1.54952
412,1.54952,1.54952
413,1.54952,1.54952
414,1.54952,1.54952
415,1.54952,1.54952
416,1.39094,1.39094
417,1.39094,1.39094
418,1.39094,1.39094
419,1.39094,1.39094
420,1.39094,1.39094
421,1.39094,1.39094
422,1.2925,1.2925
423,1.2925,1.2925
424,1.2925,1.2925
425,1.2925,1.2925
426,1.2925,1.2925
427,1.50838,1.50838
428,1.50838,1.50838
429,1.50838,1.50838
430,1.50838,1.50838
431,1.50838,1.50838
432,1.50838,1.50838
433,1.50838,1.50838
434,1.50838,1.50838
435,1.63322,1.63322
436,1.63322,1.63322
437,1.63322,1.63322
438,1.63322,1.63322
439,1.63322,1.63322
440,1.63322,1.63322
441,1.63322,1.63322
442,1.63322,1.63322
443,1.78947,1.78947
444,1.78947,1.78947
445,1.78947,1.78947
446,1.78947,1.78947
447,1.78947,1.78947
448,1.78947,1.78947
449,1.64757,1.64757
450,1.64757,1.64757
451,1.64757,1.64757
452,1.64757,1.64757
453,1.64757,1.64757
454,1.64757,1.64757
455,1.64757,1.64757
456,1.49402,1.49402
457,1.49402,1.49402
458,1.49402,1.49402
459,1.49402,1.49402
460,1.49402,1.49402
461,1.49402,1.49402
462,0.982794,0.982794
463,0.982794,0.982794
464,0.982794,0.982794
465,0.982794,0.982794
466,0.982794,0.982794
467,0.982794,0.982794
468,0.588003,0.588003
469,0.358771,0.358771
470,0.358771,0.358771
471,0.358771,0.358771
472,0.358771,0.358771
473,0.358771,0.358771
474,0.358771,0.358771
475,0.358771,0.358771
476,0.358771,0.358771
477,0.358771,0.358771
478,0.2783,0.2783
479,0.2783,0.2783
480,0.0767719,0.0767719
481,0.0767719,0.0767719
482,0.0767719,0.0767719
483,0.0767719,0.0767719
484,0.0767719,0.0767719
485,0.0767719,0.0767719
486,0.0767719,0.0767719
487,6.21662,-0.0665682
488,6.21662,-0.0665682
489,6.21662,-0.0665682
490,6.21662,-0.0665682
491,6.21662,-0.0665682
492,6.21662,-0.0665682
493,6.21662,-0.0665682
494,6.21662,-0.0665682
495,6.21662,-0.0665682
496,6.21662,-0.0665682
497,6.21662,-0.0665682
498,6.21662,-0.0665682
499,6.21662,-0.0665682
500,6.21662,-0.0665682
501,6.21662,-0.0665682
502,6.21662,-0.0665682
503,6.21662,-0.0665682
504,6.21662,-0.0665682
505,6.21662,-0.0665682
506,6.21662,-0.0665682
507,6.21662,-0.0665682
508,6.21662,-0.0665682
509,5.90268,-0.380506
510,5.90268,-0.380506
511,5.90268,-0.380506
512,5.90268,-0.380506
513,5.90268,-0.380506
514,5.90268,-0.380506
515,5.90268,-0.380506
516,5.90268,-0.380506
517,5.90268,-0.380506
518,5.74277,-0.54042
519,5.58845,-0.694738
520,5.58845,-0.694738
521,5.58845,-0.694738
522,5.58845,-0.694738
523,5.40713,-0.876058
524,5.40713,-0.876058
525,5.40713,-0.876058
526,5.40713,-0.876058
527,4.90978,-1.3734
528,4.90978,-1.3734
529,4.90978,-1.3734
530,4.90978,-1.3734
531,4.90978,-1.3734
532,5.00385,-1.27934
533,5.00385,-1.27934
534,5.00385,-1.27934
535,5.00385,-1.27934
536,5.06116,-1.22203
537,5.06116,-1.22203
538,5.06116,-1.22203
539,5.06116,-1.22203
540,5.11728,-1.1659
541,5.11728,-1.1659
542,5.11728,-1.1659
543,5.11728,-1.1659
544,5.11728,-1.1659
545,5.11728,-1.1659
546,5.11728,-1.1659
547,4.79913,-1.48406
548,4.79913,-1.48406
549,4.79913,-1.48406
550,4.79913,-1.48406
551,4.79913,-1.48406
552,4.79913,-1.48406
553,4.79913,-1.48406
554,4.79913,-1.48406
555,4.79913,-1.48406
556,4.79913,-1.48406
557,4.79913,-1.48406
558,4.79913,-1.48406
559,4.74179,-1.54139
560,4.74179,-1.54139
561,4.74179,-1.54139
562,4.74179,-1.54139
563,4.74179,-1.54139
564,4.74179,-1.54139
565,4.74179,-1.54139
566,4.74179,-1.54139
567,4.74179,-1.54139
568,4.74179,-1.54139
569,4.74179,-1.54139
570,4.74179,-1.54139
571,4.74179,-1.54139
572,4.74179,-1.54139
573,4.74179,-1.54139
574,4.74179,-1.54139
575,4.74179,-1.54139
576,4.68299,-1.6002
577,4.68299,-1.6002
578,4.68299,-1.6002
579,4.68299,-1.6002
580,4.68299,-1.6002
581,4.68299,-1.6002
582,4.68299,-1.6002
583,4.68299,-1.6002
584,4.68299,-1.6002
585,4.68299,-1.6002
586,4.68299,-1.6002
587,4.68299,-1.6002
588,4.68299,-1.6002
589,4.68299,-1.6002
590,4.68299,-1.6002
591,4.68299,-1.6002
592,4.68299,-1.6002
593,4.33188,-1.9513
594,4.33188,-1.9513
595,4.33188,-1.9513
596,4.33188,-1.9513
597,4.54724,-1.73595
598,4.54724,-1.73595
599,4.54724,-1.73595
600,4.54724,-1.73595
601,4.54724,-1.73595
602,4.54724,-1.73595
603,4.54724,-1.73595
604,4.54724,-1.73595
605,4.54724,-1.73595
606,4.54724,-1.73595
607,4.54724,-1.73595
608,4.54724,-1.73595
609,4.54724,-1.73595
610,4.12439,-2.1588
611,4.12439,-2.1588
612,4.12439,-2.1588
613,4.45507,-1.82812
614,4.45507,-1.82812
615,4.45507,-1.82812
616,4.45507,-1.82812
617,4.45507,-1.82812
618,4.45507,-1.82812
619,4.45507,-1.82812
620,4.45507,-1.82812
621,4.45507,-1.82812
622,4.45507,-1.82812
623,4.45507,-1.82812
624,4.45507,-1.82812
625,4.45507,-1.82812
626,4.45507,-1.82812
627,4.45507,-1.82812
628,4.45507,-1.82812
629,4.45507,-1.82812
630,4.45507,-1.82812
631,4.45507,-1.82812
632,4.45507,-1.82812
633,4.45507,-1.82812
634,4.45507,-1.82812
635,4.45507,-1.82812
636,4.45507,-1.82812
637,4.61272,-1.67046
638,4.61272,-1.67046
639,4.61272,-1.67046
640,4.61272,-1.67046
641,4.61272,-1.67046
642,4.61272,-1.67046
643,4.61272,-1.67046
644,4.61272,-1.67046
645,4.61272,-1.67046
646,4.61272,-1.67046
647,4.43409,-1.8491
648,4.43409,-1.8491
649,4.43409,-1.8491
650,4.43409,-1.8491
651,4.43409,-1.8491
652,4.57049,-1.71269
653,4.57049,-1.71269
654,4.57049,-1.71269
655,4.57049,-1.71269
656,4.85429,-1.4289
657,4.85429,-1.4289
658,4.85429,-1.4289
659,4.93919,-1.344
660,4.93919,-1.344
661,4.93919,-1.344
662,4.93919,-1.344
663,4.93919,-1.344
664,4.93919,-1.344
665,4.93919,-1.344
666,4.93919,-1.344
667,4.93919,-1.344
668,4.93919,-1.344
669,4.93919,-1.344
670,4.77481,-1.50838
671,4.77481,-1.50838
672,4.77481,-1.50838
673,4.77481,-1.50838
674,4.77481,-1.50838
675,4.77481,-1.50838
676,4.77481,-1.50838
677,4.77481,-1.50838
678,4.77481,-1.50838
679,4.77481,-1.50838
680,4.77481,-1.50838
681,4.77481,-1.50838
682,4.77481,-1.50838
683,4.77481,-1.50838
684,4.77481,-1.50838
685,4.77481,-1.50838
686,5.40713,-0.876058
687,5.40713,-0.876058
688,5.40713,-0.876058
689,5.40713,-0.876058
690,5.58845,-0.694738
691,5.58845,-0.694738
692,5.58845,-0.694738
693,5.58845,-0.694738
694,5.77609,-0.507099
695,5.77609,-0.507099
696,5.77609,-0.507099
697,5.77609,-0.507099
698,5.77609,-0.507099
699,5.86496,-0.418224
700,5.86496,-0.418224
701,5.86496,-0.418224
702,5.86496,-0.418224
703,6.07209,-0.211093
704,6.07209,-0.211093
705,6.07209,-0.211093
706,6.07209,-0.211093
707,6.07209,-0.211093
708,6.07209,-0.211093
709,6.07209,-0.211093
710,6.07209,-0.211093
711,6.10333,-0.179853
712,6.10333,-0.179853
713,6.10333,-0.179853
714,6.20641,-0.0767719
715,6.20641,-0.0767719
716,6.20641,-0.0767719
717,6.20641,-0.0767719
718,6.20641,-0.0767719
719,6.20641,-0.0767719
720,6.20641,-0.0767719
721,0.0767719,0.0767719
722,0.0767719,0.0767719
723,0.0767719,0.0767719
724,0.0767719,0.0767719
725,0.0767719,0.0767719
726,0.0767719,0.0767719
727,0.2783,0.2783
728,0.2783,0.2783
729,0.2783,0.2783
730,0.2783,0.2783
731,0.507099,0.507099
732,0.507099,0.507099
733,0.507099,0.507099
734,0.507099,0.507099
735,0.507099,0.507099
736,0.507099,0.507099
737,0.507099,0.507099
738,0.507099,0.507099
739,0.418224,0.418224
740,0.418224,0.418224
741,0.418224,0.418224
742,0.418224,0.418224
743,0.358771,0.358771
744,0.358771,0.358771
745,0.2783,0.2783
746,0.2783,0.2783
747,0.2783,0.2783
748,0.2783,0.2783
749,6.03821,-0.244979
750,6.03821,-0.244979
751,5.90268,-0.380506
752,5.90268,-0.380506
753,5.74277,-0.54042
754,5.56436,-0.71883
755,5.56436,-0.71883
756,5.56436,-0.71883
757,5.56436,-0.71883
758,5.56436,-0.71883
759,5.56436,-0.71883
760,5.56436,-0.71883
761,5.56436,-0.71883
762,5.56436,-0.71883
763,5.56436,-0.71883
764,5.56436,-0.71883
765,5.56436,-0.71883
766,5.56436,-0.71883
767,5.66294,-0.620249
768,5.66294,-0.620249
769,5.66294,-0.620249
770,5.72459,-0.558599
771,5.72459,-0.558599
772,5.76404,-0.519146
773,5.76404,-0.519146
774,5.76404,-0.519146
775,5.87829,-0.404892
776,5.87829,-0.404892
777,5.87829,-0.404892
778,6.14129,-0.141897
779,6.14129,-0.141897
780,6.14129,-0.141897
781,6.14129,-0.141897
782,0.141897,0.141897
783,0.141897,0.141897
784,0.141897,0.141897
785,0.291457,0.291457
786,0.291457,0.291457
787,0.291457,0.291457
788,0.291457,0.291457
789,0.348771,0.348771
790,0.348771,0.348771
791,0.348771,0.348771
792,0.348771,0.348771
793,0.348771,0.348771
794,0.348771,0.348771
795,0.54042,0.54042
796,0.71883,0.71883
797,0.71883,0.71883
798,0.71883,0.71883
799,0.71883,0.71883
800,0.71883,0.71883
801,0.71883,0.71883
802,0.851966,0.851966
803,0.851966,0.851966
804,0.851966,0.851966
805,0.851966,0.851966
806,0.851966,0.851966
807,0.851966,0.851966
808,0.950547,0.950547
809,0.950547,0.950547
810,0.950547,0.950547
811,0.950547,0.950547
812,0.950547,0.950547
813,0.950547,0.950547
814,0.950547,0.950547
815,0.896055,0.896055
816,0.896055,0.896055
817,0.896055,0.896055
818,0.674741,0.674741
819,0.674741,0.674741
820,0.674741,0.674741
821,0.124355,0.124355
822,0.124355,0.124355
823,0.124355,0.124355
824,0.124355,0.124355
825,6.15883,-0.124355
826,6.15883,-0.124355
827,6.15883,-0.124355
828,6.15883,-0.124355
829,5.90268,-0.380506
830,5.90268,-0.380506
831,5.74277,-0.54042
832,5.74277,-0.54042
833,5.30039,-0.982794
834,5.30039,-0.982794
835,5.30039,-0.982794
836,5.69518,-0.588003
837,5.69518,-0.588003
838,5.69518,-0.588003
839,5.30039,-0.982794
840,5.30039,-0.982794
841,5.30039,-0.982794
842,5.30039,-0.982794
843,5.76404,-0.519146
844,5.76404,-0.519146
845,5.76404,-0.519146
846,5.76404,-0.519146
847,5.87829,-0.404892
848,5.87829,-0.404892
849,5.87829,-0.404892
850,6.15883,-0.124355
851,6.15883,-0.124355
852,6.15883,-0.124355
853,6.15883,-0.124355
854,0.0713075,0.0713075
855,0.0713075,0.0713075
856,0.0713075,0.0713075
857,0.0713075,0.0713075
858,0.0713075,0.0713075
859,0.0713075,0.0713075
860,0.0713075,0.0713075
861,0.0713075,0.0713075
862,0.0713075,0.0713075
863,0.0713075,0.0713075
864,0.0713075,0.0713075
865,0.0713075,0.0713075
866,0.0713075,0.0713075
867,0.0713075,0.0713075
868,0.0713075,0.0713075
869,0.0713075,0.0713075
870,0.0713075,0.0713075
871,0.0713075,0.0713075
872,0.0713075,0.0713075
873,0.380506,0.380506
874,0.380506,0.380506
875,0.54042,0.54042
876,0.674741,0.674741
877,0.674741,0.674741
878,0.674741,0.674741
879,0.674741,0.674741
880,0.674741,0.674741
881,0.674741,0.674741
882,0.674741,0.674741
883,0.674741,0.674741
884,0.674741,0.674741
885,0.674741,0.674741
886,0.674741,0.674741
887,0.927295,0.927295
888,0.927295,0.927295
889,1.05165,1.05165
890,1.05165,1.05165
891,1.05165,1.05165
892,1.1659,1.1659
893,1.1659,1.1659
894,1.1659,1.1659
895,1.1659,1.1659
896,1.1659,1.1659
897,1.92957,1.92957
898,1.92957,1.92957
899,1.92957,1.92957
900,1.92957,1.92957
901,1.92957,1.92957
902,1.92957,1.92957
903,1.92957,1.92957
904,1.92957,1.92957
905,1.92957,1.92957
906,1.92957,1.92957
907,1.92957,1.92957
908,1.8491,1.8491
909,1.8491,1.8491
910,1.6421,1.6421
911,1.6421,1.6421
912,1.6421,1.6421
913,1.6421,1.6421
914,1.6421,1.6421
915,1.6421,1.6421
916,1.6421,1.6421
917,1.49949,1.49949
918,1.49949,1.49949
919,1.49949,1.49949
920,1.49949,1.49949
921,1.49949,1.49949
922,1.49949,1.49949
923,1.49949,1.49949
924,1.344,1.344
925,1.344,1.344
926,1.344,1.344
927,1.344,1.344
928,1.344,1.344
929,1.344,1.344
930,1.344,1.344
931,1.344,1.344
932,1.344,1.344
933,1.344,1.344
934,1.344,1.344
935,1.43824,1.43824
936,1.43824,1.43824
937,1.43824,1.43824
938,1.43824,1.43824
939,1.43824,1.43824
940,1.43824,1.43824
941,1.43824,1.43824
942,1.43824,1.43824
943,1.52321,1.52321
944,1.52321,1.52321
945,1.52321,1.52321
946,1.52321,1.52321
947,1.52321,1.52321
948,1.52321,1.52321
949,1.52321,1.52321
950,1.52321,1.52321
951,1.52321,1.52321
952,1.52321,1.52321
953,1.52321,1.52321
954,1.61838,1.61838
955,1.61838,1.61838
956,1.61838,1.61838
957,1.61838,1.61838
958,1.61838,1.61838
959,1.61838,1.61838
960,1.61838,1.61838
961,1.61838,1.61838
962,1.61838,1.61838
963,1.61838,1.61838
964,1.8491,1.8491
965,1.8491,1.8491
966,1.8491,1.8491
967,1.8491,1.8491
968,1.8491,1.8491
969,1.8491,1.8491
970,1.8491,1.8491
971,1.8491,1.8491
972,1.8491,1.8491
973,1.8491,1.8491
974,1.8491,1.8491
975,1.8491,1.8491
976,1.8491,1.8491
977,1.8491,1.8491
978,1.75065,1.75065
979,1.75065,1.75065
980,1.75065,1.75065
981,1.75065,1.75065
982,1.75065,1.75065
983,1.75065,1.75065
984,1.71269,1.71269
985,1.71269,1.71269
986,1.71269,1.71269
987,1.71269,1.71269
988,1.71269,1.71269
989,1.71269,1.71269
990,1.71269,1.71269
991,1.75065,1.75065
992,1.75065,1.75065
993,1.75065,1.75065
994,1.75065,1.75065
995,1.75065,1.75065
996,1.75065,1.75065
997,1.92957,1.92957
998,1.92957,1.92957
999,1.92957,1.92957
1000,1.92957,1.92957
1001,1.92957,1.92957
1002,1.92957,1.92957
1003,1.8491,1.8491
1004,1.8491,1.8491
1005,1.73595,1.73595
1006,1.73595,1.73595
1007,1.73595,1.73595
1008,1.73595,1.73595
1009,1.73595,1.73595
1010,1.73595,1.73595
1011,1.8491,1.8491
1012,1.8491,1.8491
1013,1.8491,1.8491
1014,1.8491,1.8491
1015,1.8491,1.8491
1016,1.8491,1.8491
1017,1.8491,1.8491
1018,1.8491,1.8491
1019,1.8491,1.8491
1020,1.8491,1.8491
1021,1.8491,1.8491
1022,1.8491,1.8491
1023,1.8491,1.8491
1024,1.8491,1.8491
1025,1.70335,1.70335
1026,1.70335,1.70335
1027,1.70335,1.70335
1028,1.70335,1.70335
1029,1.70335,1.70335
1030,1.70335,1.70335
1031,1.70335,1.70335
1032,1.70335,1.70335
1033,1.61622,1.61622
1034,1.61622,1.61622
1035,1.61622,1.61622
1036,1.61622,1.61622
1037,1.61622,1.61622
1038,1.61622,1.61622
1039,1.61622,1.61622
1040,1.61622,1.61622
1041,1.61622,1.61622
1042,1.61622,1.61622
1043,1.61622,1.61622
1044,1.52537,1.52537
1045,1.52537,1.52537
1046,1.52537,1.52537
1047,1.52537,1.52537
1048,1.52537,1.52537
1049,1.52537,1.52537
1050,1.52537,1.52537
1051,1.52537,1.52537
1052,1.52537,1.52537
1053,1.52537,1.52537
1054,1.52537,1.52537
1055,1.49097,1.49097
1056,1.49097,1.49097
1057,1.49097,1.49097
1058,1.49097,1.49097
1059,1.49097,1.49097
1060,1.49097,1.49097
1061,1.49097,1.49097
1062,1.49097,1.49097
1063,1.49097,1.49097
1064,1.49097,1.49097
1065,1.49097,1.49097
1066,1.49097,1.49097
1067,1.49097,1.49097
1068,1.2925,1.2925
1069,1.2925,1.2925
1070,1.21203,1.21203
1071,1.21203,1.21203
1072,1.21203,1.21203
1073,1.21203,1.21203
1074,1.21203,1.21203
1075,1.21203,1.21203
1076,1.21203,1.21203
1077,1.21203,1.21203
1078,1.2925,1.2925
1079,1.2925,1.2925
1080,1.2925,1.2925
1081,1.2925,1.2925
1082,1.2925,1.2925
1083,1.2925,1.2925
1084,1.19029,1.19029
1085,1.19029,1.19029
1086,1.19029,1.19029
1087,1.19029,1.19029
1088,1.35213,1.35213
1089,1.35213,1.35213
1090,1.35213,1.35213
1091,1.35213,1.35213
1092,1.35213,1.35213
1093,1.35213,1.35213
1094,1.35213,1.35213
1095,1.35213,1.35213
1096,1.30454,1.30454
1097,1.30454,1.30454
1098,1.30454,1.30454
1099,1.30454,1.30454
1100,1.30454,1.30454
1101,1.30454,1.30454
1102,1.30454,1.30454
1103,1.3734,1.3734
1104,1.3734,1.3734
1105,1.3734,1.3734
1106,1.3734,1.3734
1107,1.3734,1.3734
1108,0.982794,0.982794
1109,0.982794,0.982794
1110,0.982794,0.982794
1111,1.2925,1.2925
1112,1.2925,1.2925
1113,1.2925,1.2925
1114,1.2925,1.2925
1115,1.47113,1.47113
1116,1.47113,1.47113
1117,1.47113,1.47113
1118,1.47113,1.47113
1119,1.47113,1.47113
1120,1.47113,1.47113
1121,1.47113,1.47113
1122,1.47113,1.47113
1123,1.47113,1.47113
1124,1.47113,1.47113
1125,1.35213,1.35213
1126,1.35213,1.35213
1127,1.35213,1.35213
1128,1.35213,1.35213
1129,1.35213,1.35213
1130,0.982794,0.982794
1131,0.982794,0.982794
1132,0.982794,0.982794
1133,1.24905,1.24905
1134,1.24905,1.24905
1135,1.24905,1.24905
1136,1.03038,1.03038
1137,1.03038,1.03038
1138,1.03038,1.03038
1139,1.03038,1.03038
1140,1.03038,1.03038
1141,1.03038,1.03038
1142,1.03038,1.03038
1143,1.03038,1.03038
1144,1.03038,1.03038
1145,1.03038,1.03038
1146,1.03038,1.03038
1147,1.17601,1.17601
1148,1.17601,1.17601
1149,1.17601,1.17601
1150,1.17601,1.17601
1151,1.17601,1.17601
1152,1.17601,1.17601
1153,1.17601,1.17601
1154,1.17601,1.17601
1155,1.17601,1.17601
1156,1.17601,1.17601
1157,1.17601,1.17601
1158,1.17601,1.17601
1159,1.17601,1.17601
1160,1.17601,1.17601
1161,1.17601,1.17601
1162,1.17601,1.17601
1163,1.17601,1.17601
1164,1.2925,1.2925
1165,1.2925,1.2925
1166,1.2925,1.2925
1167,1.2925,1.2925
1168,1.2925,1.2925
1169,1.2925,1.2925
1170,1.21203,1.21203
1171,1.21203,1.21203
1172,1.1659,1.1659
1173,1.1659,1.1659
1174,1.1659,1.1659
1175,1.05165,1.05165
1176,1.05165,1.05165
1177,1.05165,1.05165
1178,0.927295,0.927295
1179,0.927295,0.927295
1180,0.643501,0.643501
1181,0.643501,0.643501
1182,0.643501,0.643501
1183,0.643501,0.643501
1184,0.643501,0.643501
1185,0.643501,0.643501
1186,6.17253,-0.110657
1187,6.17253,-0.110657
1188,6.17253,-0.110657
1189,6.17253,-0.110657
1190,6.17253,-0.110657
1191,6.17253,-0.110657
1192,6.17253,-0.110657
1193,6.17253,-0.110657
1194,6.17253,-0.110657
1195,6.17253,-0.110657
1196,5.87829,-0.404892
1197,5.87829,-0.404892
1198,5.87829,-0.404892
1199,5.76404,-0.519146
1200,5.76404,-0.519146
1201,5.76404,-0.519146
1202,5.63968,-0.643501
1203,5.63968,-0.643501
1204,5.35589,-0.927295
1205,5.35589,-0.927295
1206,5.10718,-1.17601
1207,5.10718,-1.17601
1208,5.10718,-1.17601
1209,5.10718,-1.17601
1210,5.10718,-1.17601
1211,5.10718,-1.17601
1212,5.10718,-1.17601
1213,5.10718,-1.17601
1214,5.10718,-1.17601
1215,5.10718,-1.17601
1216,5.10718,-1.17601
1217,5.10718,-1.17601
1218,5.10718,-1.17601
1219,5.10718,-1.17601
1220,5.10718,-1.17601
1221,5.10718,-1.17601
1222,5.10718,-1.17601
1223,5.10718,-1.17601
1224,5.10718,-1.17601
1225,5.10718,-1.17601
1226,5.10718,-1.17601
1227,5.10718,-1.17601
1228,5.25281,-1.03038
1229,5.25281,-1.03038
1230,5.25281,-1.03038
1231,5.25281,-1.03038
1232,5.25281,-1.03038
1233,5.25281,-1.03038
1234,5.25281,-1.03038
1235,5.25281,-1.03038
1236,5.25281,-1.03038
1237,5.38713,-0.896055
1238,5.38713,-0.896055
1239,5.38713,-0.896055
1240,5.38713,-0.896055
1241,5.38713,-0.896055
1242,5.38713,-0.896055
1243,5.38713,-0.896055
1244,5.32311,-0.96007
1245,5.32311,-0.96007
1246,5.32311,-0.96007
1247,5.32311,-0.96007
1248,5.32311,-0.96007
1249,5.27912,-1.00407
1250,5.27912,-1.00407
1251,5.27912,-1.00407
1252,5.27912,-1.00407
1253,5.27912,-1.00407
1254,5.27912,-1.00407
1255,5.27912,-1.00407
1256,5.27912,-1.00407
1257,5.27912,-1.00407
1258,5.27912,-1.00407
1259,5.27912,-1.00407
1260,5.27912,-1.00407
1261,5.27912,-1.00407
1262,5.03414,-1.24905
1263,5.03414,-1.24905
1264,5.03414,-1.24905
1265,5.30039,-0.982794
1266,5.30039,-0.982794
1267,5.30039,-0.982794
1268,4.95737,-1.32582
1269,4.95737,-1.32582
1270,4.95737,-1.32582
1271,4.95737,-1.32582
1272,5.13902,-1.14417
1273,5.13902,-1.14417
1274,5.13902,-1.14417
1275,5.13902,-1.14417
1276,5.13902,-1.14417
1277,5.13902,-1.14417
1278,5.13902,-1.14417
1279,5.13902,-1.14417
1280,5.13902,-1.14417
1281,5.13902,-1.14417
1282,5.13902,-1.14417
1283,5.13902,-1.14417
1284,5.13902,-1.14417
1285,4.96971,-1.31347
1286,4.96971,-1.31347
1287,4.96971,-1.31347
1288,4.96971,-1.31347
1289,4.96971,-1.31347
1290,4.96971,-1.31347
1291,4.96971,-1.31347
1292,4.96971,-1.31347
1293,4.96971,-1.31347
1294,4.96971,-1.31347
1295,4.96971,-1.31347
1296,4.96971,-1.31347
1297,4.96971,-1.31347
1298,4.96971,-1.31347
1299,4.96971,-1.31347
1300,4.96971,-1.31347
1301,4.96971,-1.31347
1302,4.94348,-1.33971
1303,4.94348,-1.33971
1304,4.94348,-1.33971
1305,4.94348,-1.33971
1306,4.94348,-1.33971
1307,4.94348,-1.33971
1308,4.94348,-1.33971
1309,4.94348,-1.33971
1310,4.94348,-1.33971
1311,4.94348,-1.33971
1312,4.94348,-1.33971
1313,4.94348,-1.33971
1314,5.01527,-1.26791
1315,5.01527,-1.26791
1316,5.01527,-1.26791
1317,5.01527,-1.26791
1318,5.01527,-1.26791
1319,5.01527,-1.26791
1320,5.01527,-1.26791
1321,5.01527,-1.26791
1322,5.01527,-1.26791
1323,5.01527,-1.26791
1324,5.01527,-1.26791
1325,5.01527,-1.26791
1326,5.01527,-1.26791
1327,5.01527,-1.26791
1328,5.01527,-1.26791
1329,5.01527,-1.26791
1330,5.01527,-1.26791
1331,4.90978,-1.3734
1332,4.90978,-1.3734
1333,4.90978,-1.3734
1334,4.90978,-1.3734
1335,4.90978,-1.3734
1336,5.07116,-1.21203
1337,5.07116,-1.21203
1338,5.07116,-1.21203
1339,5.07116,-1.21203
1340,5.07116,-1.21203
1341,5.07116,-1.21203
1342,4.99069,-1.2925
1343,4.99069,-1.2925
1344,4.83674,-1.44644
1345,4.83674,-1.44644
1346,4.83674,-1.44644
1347,4.83674,-1.44644
1348,4.58803,-1.69515
1349,4.58803,-1.69515
1350,4.58803,-1.69515
1351,4.58803,-1.69515
1352,4.12439,-2.1588
1353,4.12439,-2.1588
1354,4.12439,-2.1588
1355,4.44614,-1.83705
1356,4.44614,-1.83705
1357,4.44614,-1.83705
1358,4.44614,-1.83705
1359,4.44614,-1.83705
1360,4.44614,-1.83705
1361,4.44614,-1.83705
1362,4.49372,-1.78947
1363,4.49372,-1.78947
1364,4.54724,-1.73595
1365,4.54724,-1.73595
1366,4.54724,-1.73595
1367,4.87754,-1.40565
1368,4.87754,-1.40565
1369,4.87754,-1.40565
1370,4.93106,-1.35213
1371,4.93106,-1.35213
1372,4.93106,-1.35213
1373,4.93106,-1.35213
1374,4.93106,-1.35213
1375,5.11728,-1.1659
1376,5.11728,-1.1659
1377,5.11728,-1.1659
1378,5.23154,-1.05165
1379,5.23154,-1.05165
1380,5.23154,-1.05165
1381,5.35589,-0.927295
1382,5.35589,-0.927295
1383,5.63968,-0.643501
1384,5.63968,-0.643501
1385,5.63968,-0.643501
1386,5.63968,-0.643501
1387,5.30039,-0.982794
1388,5.30039,-0.982794
1389,5.30039,-0.982794
1390,5.69518,-0.588003
1391,6.03821,-0.244979
1392,6.03821,-0.244979
1393,0.244979,0.244979
1394,0.244979,0.244979
1395,0.643501,0.643501
1396,0.643501,0.643501
1397,0.927295,0.927295
1398,0.927295,0.927295
1399,1.03038,1.03038
1400,1.03038,1.03038
1401,1.19029,1.19029
1402,1.46014,1.46014
1403,1.46014,1.46014
1404,1.46014,1.46014
1405,1.46014,1.46014
1406,1.46014,1.46014
1407,1.46014,1.46014
1408,1.46014,1.46014
1409,1.46014,1.46014
1410,1.46014,1.46014
1411,1.19029,1.19029
1412,1.19029,1.19029
1413,1.19029,1.19029
1414,1.19029,1.19029
1415,1.40565,1.40565
1416,1.40565,1.40565
1417,1.40565,1.40565
1418,1.40565,1.40565
1419,1.40565,1.40565
1420,1.40565,1.40565
1421,1.40565,1.40565
1422,1.40565,1.40565
1423,1.40565,1.40565
1424,1.62075,1.62075
1425,1.62075,1.62075
1426,1.62075,1.62075
1427,1.62075,1.62075
1428,1.62075,1.62075
1429,1.62075,1.62075
1430,1.62075,1.62075
1431,1.62075,1.62075
1432,1.62075,1.62075
1433,1.62075,1.62075
1434,1.62075,1.62075
1435,1.62075,1.62075
1436,1.52084,1.52084
1437,1.52084,1.52084
1438,1.52084,1.52084
1439,1.52084,1.52084
1440,1.52084,1.52084
1441,1.52084,1.52084
1442,1.52084,1.52084
1443,1.52084,1.52084
1444,1.52084,1.52084
1445,1.52084,1.52084
1446,1.35213,1.35213
1447,1.35213,1.35213
1448,1.35213,1.35213
1449,1.35213,1.35213
1450,1.35213,1.35213
1451,1.15257,1.15257
1452,1.15257,1.15257
1453,1.15257,1.15257
1454,1.15257,1.15257
1455,1.15257,1.15257
1456,1.0637,1.0637
1457,1.0637,1.0637
1458,1.0637,1.0637
1459,1.0637,1.0637
1460,1.0637,1.0637
1461,1.0637,1.0637
1462,1.0637,1.0637
1463,1.19029,1.19029
1464,1.19029,1.19029
1465,1.19029,1.19029
1466,1.19029,1.19029
1467,1.19029,1.19029
1468,1.19029,1.19029
1469,1.19029,1.19029
1470,1.51026,1.51026
1471,1.51026,1.51026
1472,1.51026,1.51026
1473,1.51026,1.51026
1474,1.51026,1.51026
1475,1.51026,1.51026
1476,1.51026,1.51026
1477,1.51026,1.51026
1478,1.51026,1.51026
1479,1.51026,1.51026
1480,1.51026,1.51026
1481,1.51026,1.51026
1482,1.51026,1.51026
1483,1.51026,1.51026
1484,1.51026,1.51026
1485,1.51026,1.51026
1486,1.51026,1.51026
1487,1.52915,1.52915
1488,1.52915,1.52915
1489,1.52915,1.52915
1490,1.52915,1.52915
1491,1.52915,1.52915
1492,1.52915,1.52915
1493,1.52915,1.52915
1494,1.52915,1.52915
1495,1.52915,1.52915
1496,1.52915,1.52915
1497,1.52915,1.52915
1498,1.52915,1.52915
1499,1.61244,1.61244
1500,1.61244,1.61244
1501,1.61244,1.61244
1502,1.61244,1.61244
1503,1.61244,1.61244
1504,1.61244,1.61244
1505,1.61244,1.61244
1506,1.61244,1.61244
1507,1.61244,1.61244
1508,1.61244,1.61244
1509,1.61244,1.61244
1510,1.61244,1.61244
1511,1.86225,1.86225
1512,1.86225,1.86225
1513,1.86225,1.86225
1514,1.86225,1.86225
1515,1.86225,1.86225
1516,1.86225,1.86225
1517,1.86225,1.86225
1518,1.86225,1.86225
1519,1.86225,1.86225
1520,1.70335,1.70335
1521,1.70335,1.70335
1522,1.70335,1.70335
1523,1.70335,1.70335
1524,1.70335,1.70335
1525,1.70335,1.70335
1526,1.70335,1.70335
1527,1.70335,1.70335
1528,1.63322,1.63322
1529,1.63322,1.63322
1530,1.63322,1.63322
1531,1.63322,1.63322
1532,1.63322,1.63322
1533,1.63322,1.63322
1534,1.63322,1.63322
1535,1.63322,1.63322
1536,1.63322,1.63322
1537,1.63322,1.63322
1538,1.63322,1.63322
1539,1.63322,1.63322
1540,1.63322,1.63322
1541,1.63322,1.63322
1542,1.63322,1.63322
1543,1.63322,1.63322
1544,1.78947,1.78947
1545,1.78947,1.78947
1546,1.78947,1.78947
1547,1.78947,1.78947
1548,1.78947,1.78947
1549,1.78947,1.78947
1550,1.62955,1.62955
1551,1.62955,1.62955
1552,1.62955,1.62955
1553,1.62955,1.62955
1554,1.62955,1.62955
1555,1.62955,1.62955
1556,1.62955,1.62955
1557,1.62955,1.62955
1558,1.62955,1.62955
1559,1.51204,1.51204
1560,1.51204,1.51204
1561,1.51204,1.51204
1562,1.51204,1.51204
1563,1.51204,1.51204
1564,1.51204,1.51204
1565,1.51204,1.51204
1566,1.51204,1.51204
1567,1.19029,1.19029
1568,1.19029,1.19029
1569,1.03038,1.03038
1570,1.03038,1.03038
1571,1.03038,1.03038
1572,1.03038,1.03038
1573,1.48766,1.48766
1574,1.48766,1.48766
1575,1.48766,1.48766
1576,1.48766,1.48766
1577,1.48766,1.48766
1578,1.48766,1.48766
1579,1.65394,1.65394
1580,1.65394,1.65394
1581,1.65394,1.65394
1582,1.65394,1.65394
1583,1.65394,1.65394
1584,1.65394,1.65394
1585,1.65394,1.65394
1586,1.65394,1.65394
1587,1.65394,1.65394
1588,1.65394,1.65394
1589,1.40565,1.40565
1590,1.40565,1.40565
1591,1.40565,1.40565
1592,1.35213,1.35213
1593,1.35213,1.35213
1594,1.35213,1.35213
1595,1.30454,1.30454
1596,1.30454,1.30454
1597,1.30454,1.30454
1598,1.30454,1.30454
1599,1.30454,1.30454
1600,1.30454,1.30454
1601,1.30454,1.30454
1602,1.3734,1.3734
1603,1.3734,1.3734
1604,1.3734,1.3734
1605,1.64757,1.64757
1606,1.64757,1.64757
1607,1.64757,1.64757
1608,1.64757,1.64757
1609,1.64757,1.64757
1610,1.64757,1.64757
1611,1.64757,1.64757
1612,1.64757,1.64757
1613,1.64757,1.64757
1614,1.64757,1.64757
1615,1.64757,1.64757
1616,1.64757,1.64757
1617,1.64757,1.64757
1618,1.64757,1.64757
1619,1.64757,1.64757
1620,1.64757,1.64757
1621,1.64757,1.64757
1622,1.64757,1.64757
1623,1.64757,1.64757
1624,1.32582,1.32582
1625,1.32582,1.32582
1626,1.1659,1.1659
1627,1.1659,1.1659
1628,1.1659,1.1659
1629,1.05165,1.05165
1630,1.05165,1.05165
1631,1.05165,1.05165
1632,0.927295,0.927295
1633,0.927295,0.927295
1634,0.643501,0.643501
1635,0.643501,0.643501
1636,0.643501,0.643501
1637,0.643501,0.643501
1638,0.643501,0.643501
1639,0.927295,0.927295
1640,0.927295,0.927295
1641,0.927295,0.927295
1642,0.927295,0.927295
1643,0.927295,0.927295
1644,0.927295,0.927295
1645,0.927295,0.927295
1646,0.927295,0.927295
1647,1.40565,1.40565
1648,1.40565,1.40565
1649,1.40565,1.40565
1650,1.73595,1.73595
1651,1.73595,1.73595
1652,1.73595,1.73595
1653,2.19105,2.19105
1654,2.19105,2.19105
1655,2.19105,2.19105
1656,2.19105,2.19105
1657,2.19105,2.19105
1658,2.29744,2.29744
1659,2.29744,2.29744
1660,2.29744,2.29744
1661,2.29744,2.29744
1662,2.29744,2.29744
1663,2.29744,2.29744
1664,2.29744,2.29744
1665,2.41495,2.41495
1666,2.41495,2.41495
1667,2.41495,2.41495
1668,2.41495,2.41495
1669,2.41495,2.41495
1670,2.41495,2.41495
1671,2.41495,2.41495
1672,2.89661,2.89661
1673,2.89661,2.89661
1674,2.89661,2.89661
1675,2.89661,2.89661
1676,2.55359,2.55359
1677,2.55359,2.55359
1678,2.55359,2.55359
1679,2.55359,2.55359
1680,2.55359,2.55359
1681,2.2143,2.2143
1682,2.2143,2.2143
1683,2.2143,2.2143
1684,2.2143,2.2143
1685,2.2143,2.2143
1686,2.2143,2.2143
1687,2.2143,2.2143
1688,1.92957,1.92957
1689,1.92957,1.92957
1690,1.92957,1.92957
1691,1.92957,1.92957
1692,1.92957,1.92957
1693,1.92957,1.92957
1694,1.92957,1.92957
1695,1.92957,1.92957
1696,1.92957,1.92957
1697,1.8491,1.8491
1698,1.8491,1.8491
1699,1.76819,1.76819
1700,1.76819,1.76819
1701,1.76819,1.76819
1702,1.3734,1.3734
1703,1.3734,1.3734
1704,1.2925,1.2925
1705,1.2925,1.2925
1706,1.2925,1.2925
1707,1.2925,1.2925
1708,1.05165,1.05165
1709,1.05165,1.05165
1710,1.05165,1.05165
1711,1.05165,1.05165
1712,1.05165,1.05165
1713,1.05165,1.05165
1714,1.1659,1.1659
1715,1.1659,1.1659
1716,1.1659,1.1659
1717,1.32582,1.32582
1718,1.32582,1.32582
1719,1.81577,1.81577
1720,1.81577,1.81577
1721,1.97569,1.97569
1722,1.97569,1.97569
1723,1.97569,1.97569
1724,2.08994,2.08994
1725,2.08994,2.08994
1726,2.08994,2.08994
1727,2.27942,2.27942
1728,2.27942,2.27942
1729,2.27942,2.27942
1730,2.27942,2.27942
1731,2.27942,2.27942
1732,2.43297,2.43297
1733,2.43297,2.43297
1734,2.43297,2.43297
1735,2.43297,2.43297
1736,2.43297,2.43297
1737,2.62245,2.62245
1738,2.62245,2.62245
1739,2.62245,2.62245
1740,2.62245,2.62245
1741,2.62245,2.62245
1742,2.62245,2.62245
1743,2.62245,2.62245
1744,2.62245,2.62245
1745,2.58299,2.58299
1746,2.58299,2.58299
1747,2.58299,2.58299
1748,2.58299,2.58299
1749,2.58299,2.58299
1750,2.58299,2.58299
1751,2.58299,2.58299
1752,2.58299,2.58299
1753,2.78282,2.78282
1754,2.78282,2.78282
1755,2.78282,2.78282
1756,2.78282,2.78282
1757,2.78282,2.78282
1758,2.78282,2.78282
1759,2.78282,2.78282
1760,2.72337,2.72337
1761,2.72337,2.72337
1762,2.72337,2.72337
1763,2.72337,2.72337
1764,2.72337,2.72337
1765,2.72337,2.72337
1766,2.72337,2.72337
1767,2.72337,2.72337
1768,2.72337,2.72337
1769,2.72337,2.72337
1770,2.79282,2.79282
1771,2.79282,2.79282
1772,2.79282,2.79282
1773,2.79282,2.79282
1774,2.85014,2.85014
1775,2.85014,2.85014
1776,2.85014,2.85014
1777,2.85014,2.85014
1778,2.88099,2.88099
1779,2.88099,2.88099
1780,2.88099,2.88099
1781,2.88099,2.88099
1782,2.88099,2.88099
1783,2.91479,2.91479
1784,2.91479,2.91479
1785,2.91479,2.91479
1786,2.91479,2.91479
1787,2.91479,2.91479
1788,3.05845,3.05845
1789,3.05845,3.05845
1790,3.05845,3.05845
1791,3.05845,3.05845
1792,3.05845,3.05845
1793,3.05845,3.05845
1794,3.2129,-3.07029
1795,3.2129,-3.07029
1796,3.2129,-3.07029
1797,3.2129,-3.07029
1798,3.2129,-3.07029
1799,3.2129,-3.07029
1800,3.2129,-3.07029
1801,3.2129,-3.07029
1802,3.2129,-3.07029
1803,3.2129,-3.07029
1804,3.2129,-3.07029
1805,3.2129,-3.07029
1806,3.2129,-3.07029
1807,3.2129,-3.07029
1808,3.07029,3.07029
1809,3.07029,3.07029
1810,3.07029,3.07029
1811,3.07029,3.07029
1812,3.07029,3.07029
1813,3.07029,3.07029
1814,3.07029,3.07029
1815,3.06176,3.06176
1816,3.06176,3.06176
1817,3.06176,3.06176
1818,3.06176,3.06176
1819,3.06176,3.06176
1820,3.06176,3.06176
1821,3.06176,3.06176
1822,3.06176,3.06176
1823,3.06176,3.06176
1824,3.06176,3.06176
1825,3.06176,3.06176
1826,3.06176,3.06176
1827,3.06176,3.06176
1828,3.06176,3.06176
1829,3.06176,3.06176
1830,3.06176,3.06176
1831,3.06176,3.06176
1832,3.06176,3.06176
1833,3.06176,3.06176
1834,3.25225,-3.03094
1835,3.25225,-3.03094
1836,3.25225,-3.03094
1837,3.25225,-3.03094
1838,3.25225,-3.03094
1839,3.25225,-3.03094
1840,3.25225,-3.03094
1841,3.25225,-3.03094
1842,3.25225,-3.03094
1843,3.01724,3.01724
1844,3.01724,3.01724
1845,3.01724,3.01724
1846,3.01724,3.01724
1847,2.58299,2.58299
1848,2.58299,2.58299
1849,2.58299,2.58299
1850,2.58299,2.58299
1851,2.58299,2.58299
1852,2.58299,2.58299
1853,2.58299,2.58299
1854,2.58299,2.58299
1855,2.62245,2.62245
1856,2.62245,2.62245
1857,2.62245,2.62245
1858,2.7367,2.7367
1859,2.7367,2.7367
1860,2.7367,2.7367
1861,2.92292,2.92292
1862,2.92292,2.92292
1863,2.92292,2.92292
1864,2.92292,2.92292
1865,2.92292,2.92292
1866,3.05845,3.05845
1867,3.05845,3.05845
1868,3.05845,3.05845
1869,3.05845,3.05845
1870,3.05845,3.05845
1871,3.05845,3.05845
1872,3.22473,-3.05845
1873,3.22473,-3.05845
1874,3.22473,-3.05845
1875,3.22473,-3.05845
1876,3.22473,-3.05845
1877,3.22473,-3.05845
1878,3.41989,-2.86329
1879,3.41989,-2.86329
1880,3.50036,-2.78282
1881,3.50036,-2.78282
1882,3.50036,-2.78282
1883,3.50036,-2.78282
1884,3.50036,-2.78282
1885,3.50036,-2.78282
1886,3.29424,-2.98894
1887,3.29424,-2.98894
1888,3.29424,-2.98894
1889,3.29424,-2.98894
1890,3.29424,-2.98894
1891,3.29424,-2.98894
1892,3.29424,-2.98894
1893,3.29424,-2.98894
1894,3.29424,-2.98894
1895,3.29424,-2.98894
1896,3.29424,-2.98894
1897,3.29424,-2.98894
1898,3.29424,-2.98894
1899,3.29424,-2.98894
1900,3.36839,-2.91479
1901,3.36839,-2.91479
1902,3.36839,-2.91479
1903,3.36839,-2.91479
1904,3.36839,-2.91479
1905,3.4022,-2.88099
1906,3.4022,-2.88099
1907,3.4022,-2.88099
1908,3.4022,-2.88099
1909,3.4022,-2.88099
1910,3.4022,-2.88099
1911,3.4022,-2.88099
1912,3.4022,-2.88099
1913,3.4022,-2.88099
1914,3.4022,-2.88099
1915,3.4022,-2.88099
1916,3.4022,-2.88099
1917,3.4022,-2.88099
1918,3.4022,-2.88099
1919,3.4022,-2.88099
1920,3.36839,-2.91479
1921,3.36839,-2.91479
1922,3.36839,-2.91479
1923,3.36839,-2.91479
1924,3.36839,-2.91479
1925,3.35269,-2.9305
1926,3.35269,-2.9305
1927,3.35269,-2.9305
1928,3.32145,-2.96174
1929,3.32145,-2.96174
1930,3.32145,-2.96174
1931,3.27414,-3.00904
1932,3.27414,-3.00904
1933,3.27414,-3.00904
1934,3.27414,-3.00904
1935,3.27414,-3.00904
1936,3.27414,-3.00904
1937,3.27414,-3.00904
1938,3.27414,-3.00904
1939,3.23225,-3.05093
1940,3.23225,-3.05093
1941,3.23225,-3.05093
1942,3.23225,-3.05093
1943,3.23225,-3.05093
1944,3.23225,-3.05093
1945,3.05093,3.05093
1946,3.05093,3.05093
1947,3.05093,3.05093
1948,3.05093,3.05093
1949,3.05093,3.05093
1950,2.8578,2.8578
1951,2.8578,2.8578
1952,2.8578,2.8578
1953,2.8578,2.8578
1954,2.8578,2.8578
1955,2.8578,2.8578
1956,2.8578,2.8578
1957,2.8578,2.8578
1958,2.8578,2.8578
1959,2.8578,2.8578
1960,2.8578,2.8578
1961,2.8578,2.8578
1962,2.8578,2.8578
1963,2.8578,2.8578
1964,2.8578,2.8578
1965,2.8578,2.8578
1966,2.8578,2.8578
1967,2.8578,2.8578
1968,2.86858,2.86858
1969,2.86858,2.86858
1970,2.86858,2.86858
1971,2.86858,2.86858
1972,2.86858,2.86858
1973,2.86858,2.86858
1974,2.86858,2.86858
1975,2.86858,2.86858
1976,2.86858,2.86858
1977,2.86858,2.86858
1978,2.86858,2.86858
1979,2.86858,2.86858
1980,2.86858,2.86858
1981,2.86858,2.86858
1982,2.86858,2.86858
1983,2.86858,2.86858
1984,2.86858,2.86858
1985,2.86858,2.86858
1986,2.85014,2.85014
1987,2.85014,2.85014
1988,2.85014,2.85014
1989,2.85014,2.85014
1990,2.85014,2.85014
1991,2.85014,2.85014
1992,2.85014,2.85014
1993,2.85014,2.85014
1994,2.85014,2.85014
1995,2.87534,2.87534
1996,2.87534,2.87534
1997,2.87534,2.87534
1998,2.92292,2.92292
1999,2.92292,2.92292
2000,3.01724,3.01724
2001,3.01724,3.01724
2002,3.01724,3.01724
2003,3.01724,3.01724
2004,3.01724,3.01724
2005,3.01724,3.01724
2006,3.01724,3.01724
2007,3.01724,3.01724
2008,3.01724,3.01724
2009,3.01724,3.01724
2010,3.01724,3.01724
2011,3.01724,3.01724
2012,3.33899,-2.9442
2013,3.33899,-2.9442
2014,3.41989,-2.86329
2015,3.41989,-2.86329
2016,3.41989,-2.86329
2017,3.41989,-2.86329
2018,3.41989,-2.86329
2019,3.33899,-2.9442
2020,3.33899,-2.9442
2021,3.33899,-2.9442
2022,3.33899,-2.9442
2023,3.33899,-2.9442
2024,3.41989,-2.86329
2025,3.41989,-2.86329
2026,3.50036,-2.78282
2027,3.50036,-2.78282
2028,3.574,-2.70918
2029,3.574,-2.70918
2030,3.574,-2.70918
2031,3.574,-2.70918
2032,3.574,-2.70918
2033,3.574,-2.70918
2034,3.574,-2.70918
2035,3.574,-2.70918
2036,3.574,-2.70918
2037,3.574,-2.70918
2038,3.574,-2.70918
2039,3.574,-2.70918
2040,3.574,-2.70918
2041,3.574,-2.70918
2042,3.574,-2.70918
2043,3.574,-2.70918
2044,3.574,-2.70918
2045,3.574,-2.70918
2046,3.574,-2.70918
2047,3.76184,-2.52134
2048,3.76184,-2.52134
2049,3.76184,-2.52134
2050,3.76184,-2.52134
2051,3.76184,-2.52134
2052,3.83052,-2.45267
2053,3.83052,-2.45267
2054,3.83052,-2.45267
2055,3.83052,-2.45267
2056,3.83052,-2.45267
2057,3.83052,-2.45267
2058,3.83052,-2.45267
2059,3.83052,-2.45267
2060,3.83052,-2.45267
2061,3.83052,-2.45267
2062,3.83052,-2.45267
2063,3.83052,-2.45267
2064,3.83052,-2.45267
2065,3.83052,-2.45267
2066,3.83052,-2.45267
2067,3.84385,-2.43934
2068,3.84385,-2.43934
2069,3.84385,-2.43934
2070,3.84385,-2.43934
2071,3.84385,-2.43934
2072,3.86042,-2.42276
2073,3.86042,-2.42276
2074,3.86042,-2.42276
2075,3.86042,-2.42276
2076,3.86042,-2.42276
2077,3.86042,-2.42276
2078,3.99356,-2.28963
2079,3.99356,-2.28963
2080,3.99356,-2.28963
2081,3.99356,-2.28963
2082,3.99356,-2.28963
2083,3.99356,-2.28963
2084,4.09214,-2.19105
2085,4.09214,-2.19105
2086,4.09214,-2.19105
2087,4.09214,-2.19105
2088,4.09214,-2.19105
2089,4.09214,-2.19105
2090,4.09214,-2.19105
2091,3.7296,-2.55359
2092,3.7296,-2.55359
2093,3.7296,-2.55359
2094,3.99356,-2.28963
2095,3.99356,-2.28963
2096,3.99356,-2.28963
2097,3.99356,-2.28963
2098,3.99356,-2.28963
2099,3.99356,-2.28963
2100,3.99356,-2.28963
2101,3.99356,-2.28963
2102,3.99356,-2.28963
2103,3.99356,-2.28963
2104,3.99356,-2.28963
2105,3.99356,-2.28963
2106,3.99356,-2.28963
2107,3.99356,-2.28963
2108,3.99356,-2.28963
2109,3.99356,-2.28963
2110,4.05135,-2.23184
2111,4.05135,-2.23184
2112,4.05135,-2.23184
2113,4.05135,-2.23184
2114,4.05135,-2.23184
2115,4.05135,-2.23184
2116,4.05135,-2.23184
2117,4.22791,-2.05527
2118,4.22791,-2.05527
2119,4.22791,-2.05527
2120,4.22791,-2.05527
2121,4.22791,-2.05527
2122,4.22791,-2.05527
2123,4.22791,-2.05527
2124,4.22791,-2.05527
2125,4.22791,-2.05527
2126,4.22791,-2.05527
2127,4.22791,-2.05527
2128,4.22791,-2.05527
2129,4.27001,-2.01317
2130,4.27001,-2.01317
2131,4.27001,-2.01317
2132,4.27001,-2.01317
2133,4.27001,-2.01317
2134,4.27001,-2.01317
2135,4.27001,-2.01317
2136,4.27001,-2.01317
2137,4.27001,-2.01317
2138,4.27001,-2.01317
2139,4.27001,-2.01317
2140,4.27001,-2.01317
2141,4.3176,-1.96559
2142,4.3176,-1.96559
2143,4.3176,-1.96559
2144,4.3176,-1.96559
2145,4.3176,-1.96559
2146,4.3176,-1.96559
2147,4.3176,-1.96559
2148,4.3176,-1.96559
2149,4.3176,-1.96559
2150,4.3176,-1.96559
2151,4.20529,-2.07789
2152,4.20529,-2.07789
2153,4.20529,-2.07789
2154,4.20529,-2.07789
2155,4.20529,-2.07789
2156,4.20529,-2.07789
2157,4.20529,-2.07789
2158,4.20529,-2.07789
2159,4.20529,-2.07789
2160,4.20529,-2.07789
2161,4.20529,-2.07789
2162,4.20529,-2.07789
2163,4.20529,-2.07789
2164,4.20529,-2.07789
2165,4.14566,-2.13753
2166,4.14566,-2.13753
2167,4.14566,-2.13753
2168,4.14566,-2.13753
2169,4.14566,-2.13753
2170,4.10166,-2.18152
2171,4.10166,-2.18152
2172,4.10166,-2.18152
2173,4.10166,-2.18152
2174,4.10166,-2.18152
2175,4.01765,-2.26553
2176,4.01765,-2.26553
2177,4.01765,-2.26553
2178,4.01765,-2.26553
2179,3.85022,-2.43297
2180,3.85022,-2.43297
2181,3.85022,-2.43297
2182,3.85022,-2.43297
2183,3.85022,-2.43297
2184,3.85022,-2.43297
2185,3.85022,-2.43297
2186,3.85022,-2.43297
2187,3.85022,-2.43297
2188,3.85022,-2.43297
2189,3.85022,-2.43297
2190,3.85022,-2.43297
2191,3.85022,-2.43297
2192,3.85022,-2.43297
2193,3.85022,-2.43297
2194,3.85022,-2.43297
2195,3.85022,-2.43297
2196,3.85022,-2.43297
2197,3.85022,-2.43297
2198,3.85022,-2.43297
2199,3.85022,-2.43297
2200,4.03765,-2.24554
2201,4.03765,-2.24554
2202,4.03765,-2.24554
2203,4.03765,-2.24554
2204,4.03765,-2.24554
2205,4.03765,-2.24554
2206,4.03765,-2.24554
2207,4.03765,-2.24554
2208,4.03765,-2.24554
2209,4.03765,-2.24554
2210,4.03765,-2.24554
2211,4.19324,-2.08994
2212,4.19324,-2.08994
2213,4.19324,-2.08994
2214,4.3075,-1.97569
2215,4.3075,-1.97569
2216,4.3075,-1.97569
2217,4.36362,-1.91957
2218,4.36362,-1.91957
2219,4.36362,-1.91957
2220,4.36362,-1.91957
2221,4.42093,-1.86225
2222,4.42093,-1.86225
2223,4.42093,-1.86225
2224,4.42093,-1.86225
2225,4.57049,-1.71269
2226,4.57049,-1.71269
2227,4.57049,-1.71269
2228,4.57049,-1.71269
2229,4.57049,-1.71269
2230,4.57049,-1.71269
2231,4.57049,-1.71269
2232,4.57049,-1.71269
2233,4.57049,-1.71269
2234,4.57049,-1.71269
2235,4.57049,-1.71269
2236,4.57049,-1.71269
2237,4.57049,-1.71269
2238,4.57049,-1.71269
2239,4.57049,-1.71269
2240,4.49372,-1.78947
2241,4.49372,-1.78947
2242,4.49372,-1.78947
2243,4.49372,-1.78947
2244,4.49372,-1.78947
2245,4.49372,-1.78947
2246,4.64582,-1.63736
2247,4.64582,-1.63736
2248,4.64582,-1.63736
2249,4.64582,-1.63736
2250,4.64582,-1.63736
2251,4.64582,-1.63736
2252,4.64582,-1.63736
2253,4.64582,-1.63736
2254,4.64582,-1.63736
2255,4.64582,-1.63736
2256,4.64582,-1.63736
2257,4.64582,-1.63736
2258,4.64582,-1.63736
2259,4.64582,-1.63736
2260,4.64582,-1.63736
2261,4.43409,-1.8491
2262,4.43409,-1.8491
2263,4.35362,-1.92957
2264,4.35362,-1.92957
2265,4.35362,-1.92957
2266,4.35362,-1.92957
2267,4.35362,-1.92957
2268,4.35362,-1.92957
2269,4.65363,-1.62955
2270,4.65363,-1.62955
2271,4.65363,-1.62955
2272,4.65363,-1.62955
2273,4.65363,-1.62955
2274,4.65363,-1.62955
2275,4.65363,-1.62955
2276,4.65363,-1.62955
2277,4.65363,-1.62955
2278,4.77114,-1.51204
2279,4.77114,-1.51204
2280,4.77114,-1.51204
2281,4.77114,-1.51204
2282,4.77114,-1.51204
2283,4.77114,-1.51204
2284,4.77114,-1.51204
2285,4.77114,-1.51204
2286,4.86504,-1.41815
2287,4.86504,-1.41815
2288,4.86504,-1.41815
2289,4.86504,-1.41815
2290,4.86504,-1.41815
2291,4.86504,-1.41815
2292,4.86504,-1.41815
2293,4.86504,-1.41815
2294,4.86504,-1.41815
2295,4.43409,-1.8491
2296,4.43409,-1.8491
2297,4.43409,-1.8491
2298,4.43409,-1.8491
2299,4.43409,-1.8491
2300,4.43409,-1.8491
2301,4.43409,-1.8491
2302,4.43409,-1.8491
2303,4.43409,-1.8491
2304,3.60524,-2.67795
2305,3.60524,-2.67795
2306,4.39064,-1.89255
2307,4.39064,-1.89255
2308,4.39064,-1.89255
2309,4.12439,-2.1588
2310,4.12439,-2.1588
2311,4.12439,-2.1588
2312,4.46741,-1.81577
2313,4.46741,-1.81577
2314,4.46741,-1.81577
2315,4.46741,-1.81577
