#Grabcut execution time: 0s 372ms 372262us 
0.0000              68.9286             
1.0000              17.1598             
2.0000              15.8688             
3.0000              15.4095             
4.0000              15.3705             
5.0000              15.3616             
6.0000              15.3307             
7.0000              15.3054             
8.0000              15.3704             
9.0000              15.4559             
10.0000             15.3366             
11.0000             15.3033             
12.0000             15.3816             
13.0000             15.3443             
14.0000             15.3617             
15.0000             15.3751             
16.0000             15.3334             
17.0000             15.3283             
18.0000             15.3469             
19.0000             15.3515             
20.0000             15.3682             
21.0000             15.3476             
22.0000             15.3428             
23.0000             15.3440             
24.0000             15.3340             
25.0000             15.3152             
26.0000             15.2931             
27.0000             15.2800             
28.0000             15.2756             
29.0000             15.2797             
30.0000             15.2699             
31.0000             15.2699             
#Execution time: 140s 140085ms 140085348us 
