n,tangent,t2
0,5.17604,-1.10715
1,5.17604,-1.10715
2,5.17604,-1.10715
3,5.81954,-0.463648
4,0.588003,0.588003
5,0.588003,0.588003
6,0.982794,0.982794
7,1.24905,1.24905
8,1.24905,1.24905
9,1.24905,1.24905
10,0.463648,0.463648
11,5.81954,-0.463648
12,5.81954,-0.463648
13,5.81954,-0.463648
14,5.81954,-0.463648
15,5.03414,-1.24905
16,5.03414,-1.24905
17,5.03414,-1.24905
18,5.03414,-1.24905
19,1.03038,1.03038
20,1.03038,1.03038
21,1.03038,1.03038
22,1.03038,1.03038
23,1.03038,1.03038
24,1.03038,1.03038
25,1.03038,1.03038
26,1.03038,1.03038
27,5.17604,-1.10715
28,5.17604,-1.10715
29,5.17604,-1.10715
30,0.982794,0.982794
31,0.982794,0.982794
32,1.24905,1.24905
33,1.24905,1.24905
34,1.24905,1.24905
35,1.24905,1.24905
36,5.25281,-1.03038
37,5.25281,-1.03038
38,5.25281,-1.03038
39,5.25281,-1.03038
40,5.0929,-1.19029
41,5.0929,-1.19029
42,5.0929,-1.19029
43,5.0929,-1.19029
44,5.30039,-0.982794
45,5.69518,-0.588003
46,5.69518,-0.588003
47,0.463648,0.463648
48,0.463648,0.463648
49,0.463648,0.463648
50,5.69518,-0.588003
51,5.69518,-0.588003
52,5.69518,-0.588003
53,5.69518,-0.588003
54,0.463648,0.463648
55,1.40565,1.40565
56,1.40565,1.40565
57,1.40565,1.40565
58,1.40565,1.40565
59,1.40565,1.40565
60,1.40565,1.40565
61,1.40565,1.40565
62,5.17604,-1.10715
63,5.17604,-1.10715
64,5.81954,-0.463648
65,0.463648,0.463648
66,1.1659,1.1659
67,1.1659,1.1659
68,1.1659,1.1659
69,1.1659,1.1659
70,1.1659,1.1659
71,1.1659,1.1659
72,1.1659,1.1659
73,1.1659,1.1659
74,1.1659,1.1659
75,1.1659,1.1659
76,1.1659,1.1659
77,1.03038,1.03038
78,0.927295,0.927295
79,0.927295,0.927295
80,0.927295,0.927295
81,0.927295,0.927295
82,0.927295,0.927295
83,1.05841,1.05841
84,1.05841,1.05841
85,1.05841,1.05841
86,1.05841,1.05841
87,1.05841,1.05841
88,1.05841,1.05841
89,1.05841,1.05841
90,1.05841,1.05841
91,1.05841,1.05841
92,1.05841,1.05841
93,1.05841,1.05841
94,1.05841,1.05841
95,1.05841,1.05841
96,1.05841,1.05841
97,1.05841,1.05841
98,1.05841,1.05841
99,1.15257,1.15257
100,1.15257,1.15257
101,1.15257,1.15257
102,1.15257,1.15257
103,1.15257,1.15257
104,1.15257,1.15257
105,1.15257,1.15257
106,0.982794,0.982794
107,0.982794,0.982794
108,0.982794,0.982794
109,0.982794,0.982794
110,0.982794,0.982794
111,0.982794,0.982794
112,0.982794,0.982794
113,0.982794,0.982794
114,1.4289,1.4289
115,1.4289,1.4289
116,1.4289,1.4289
117,1.4289,1.4289
118,1.4289,1.4289
119,1.4289,1.4289
120,1.4289,1.4289
121,0.896055,0.896055
122,0.896055,0.896055
123,0.896055,0.896055
124,0.896055,0.896055
125,0.896055,0.896055
126,0.896055,0.896055
127,0.896055,0.896055
128,1.40565,1.40565
129,1.40565,1.40565
130,1.40565,1.40565
131,1.73595,1.73595
132,1.73595,1.73595
133,1.73595,1.73595
134,1.73595,1.73595
135,1.73595,1.73595
136,1.73595,1.73595
137,1.2925,1.2925
138,1.2925,1.2925
139,1.2925,1.2925
140,1.2925,1.2925
141,1.2925,1.2925
142,1.2925,1.2925
143,1.2925,1.2925
144,1.2925,1.2925
145,1.2925,1.2925
146,1.2925,1.2925
147,1.1659,1.1659
148,1.1659,1.1659
149,1.1659,1.1659
150,1.05165,1.05165
151,1.05165,1.05165
152,1.05165,1.05165
153,1.05165,1.05165
154,0.588003,0.588003
155,0.588003,0.588003
156,0.588003,0.588003
157,1.32582,1.32582
158,1.32582,1.32582
159,1.32582,1.32582
160,1.32582,1.32582
161,0.950547,0.950547
162,0.950547,0.950547
163,0.950547,0.950547
164,0.950547,0.950547
165,0.950547,0.950547
166,0.950547,0.950547
167,0.950547,0.950547
168,0.643501,0.643501
169,0.643501,0.643501
170,0.643501,0.643501
171,0.643501,0.643501
172,1.05165,1.05165
173,1.05165,1.05165
174,1.05165,1.05165
175,1.05165,1.05165
176,1.05165,1.05165
177,1.05165,1.05165
178,1.05165,1.05165
179,1.05165,1.05165
180,1.05165,1.05165
181,0.588003,0.588003
182,0.588003,0.588003
183,0.588003,0.588003
184,0.588003,0.588003
185,0.588003,0.588003
186,0.588003,0.588003
187,0.588003,0.588003
188,6.15883,-0.124355
189,6.15883,-0.124355
190,6.15883,-0.124355
191,6.15883,-0.124355
192,6.15883,-0.124355
193,6.15883,-0.124355
194,0.124355,0.124355
195,0.124355,0.124355
196,0.124355,0.124355
197,0.124355,0.124355
198,0.694738,0.694738
199,0.694738,0.694738
200,0.694738,0.694738
201,0.694738,0.694738
202,0.876058,0.876058
203,0.876058,0.876058
204,0.876058,0.876058
205,0.876058,0.876058
206,1.2925,1.2925
207,1.2925,1.2925
208,1.2925,1.2925
209,1.2925,1.2925
210,1.2925,1.2925
211,1.2925,1.2925
212,1.21203,1.21203
213,1.21203,1.21203
214,1.21203,1.21203
215,1.21203,1.21203
216,1.21203,1.21203
217,1.21203,1.21203
218,1.32582,1.32582
219,1.32582,1.32582
220,1.32582,1.32582
221,1.32582,1.32582
222,1.19029,1.19029
223,1.19029,1.19029
224,1.19029,1.19029
225,0.463648,0.463648
226,0.463648,0.463648
227,0.896055,0.896055
228,0.896055,0.896055
229,0.896055,0.896055
230,0.896055,0.896055
231,0.896055,0.896055
232,0.674741,0.674741
233,0.674741,0.674741
234,0.674741,0.674741
235,0.165149,0.165149
236,0.165149,0.165149
237,0.165149,0.165149
238,0.165149,0.165149
239,0.165149,0.165149
240,0.165149,0.165149
241,0.2783,0.2783
242,0.2783,0.2783
243,0.358771,0.358771
244,0.358771,0.358771
245,0.358771,0.358771
246,0.358771,0.358771
247,0.54042,0.54042
248,0.708626,0.708626
249,0.708626,0.708626
250,0.708626,0.708626
251,0.708626,0.708626
252,0.708626,0.708626
253,0.708626,0.708626
254,0.708626,0.708626
255,0.708626,0.708626
256,0.708626,0.708626
257,0.708626,0.708626
258,0.708626,0.708626
259,0.519146,0.519146
260,0.519146,0.519146
261,0.519146,0.519146
262,0.394791,0.394791
263,0.394791,0.394791
264,0.394791,0.394791
265,0.394791,0.394791
266,0.394791,0.394791
267,0.394791,0.394791
268,0.394791,0.394791
269,0.394791,0.394791
270,0.394791,0.394791
271,0.394791,0.394791
272,0.394791,0.394791
273,0.394791,0.394791
274,0.394791,0.394791
275,0.643501,0.643501
276,0.643501,0.643501
277,0.643501,0.643501
278,0.643501,0.643501
279,0.643501,0.643501
280,0.643501,0.643501
281,0.643501,0.643501
282,1.24905,1.24905
283,1.24905,1.24905
284,1.24905,1.24905
285,0.463648,0.463648
286,5.81954,-0.463648
287,5.17604,-1.10715
288,5.17604,-1.10715
289,5.81954,-0.463648
290,0.643501,0.643501
291,0.643501,0.643501
292,0.643501,0.643501
293,0.643501,0.643501
294,0.643501,0.643501
295,0.643501,0.643501
296,0.321751,0.321751
297,0.321751,0.321751
298,0.321751,0.321751
299,1.19029,1.19029
300,1.19029,1.19029
301,1.19029,1.19029
302,1.19029,1.19029
303,1.19029,1.19029
304,1.19029,1.19029
305,0.927295,0.927295
306,0.927295,0.927295
307,0.927295,0.927295
308,0.927295,0.927295
309,0.927295,0.927295
310,5.81954,-0.463648
311,5.81954,-0.463648
312,5.81954,-0.463648
313,4.90978,-1.3734
314,4.90978,-1.3734
315,4.90978,-1.3734
316,4.90978,-1.3734
317,4.90978,-1.3734
318,5.30039,-0.982794
319,5.30039,-0.982794
320,5.30039,-0.982794
321,0.785398,0.785398
322,0.785398,0.785398
323,5.25281,-1.03038
324,5.25281,-1.03038
325,5.25281,-1.03038
326,5.25281,-1.03038
327,5.25281,-1.03038
328,5.25281,-1.03038
329,5.25281,-1.03038
330,5.25281,-1.03038
331,5.25281,-1.03038
332,5.25281,-1.03038
333,6.08579,-0.197396
334,6.08579,-0.197396
335,6.08579,-0.197396
336,6.08579,-0.197396
337,6.08579,-0.197396
338,5.17604,-1.10715
339,5.17604,-1.10715
340,5.17604,-1.10715
341,0.463648,0.463648
342,0.463648,0.463648
343,5.69518,-0.588003
344,5.69518,-0.588003
345,5.25281,-1.03038
346,5.25281,-1.03038
347,5.25281,-1.03038
348,5.0929,-1.19029
349,5.0929,-1.19029
350,5.0929,-1.19029
351,5.0929,-1.19029
352,5.0929,-1.19029
353,0.982794,0.982794
354,0.982794,0.982794
355,0.982794,0.982794
356,0.982794,0.982794
357,0.165149,0.165149
358,0.165149,0.165149
359,0.165149,0.165149
360,6.11804,-0.165149
361,6.11804,-0.165149
362,6.11804,-0.165149
363,5.69518,-0.588003
364,5.30039,-0.982794
365,5.0929,-1.19029
366,5.0929,-1.19029
367,5.0929,-1.19029
368,5.0929,-1.19029
369,5.0929,-1.19029
370,5.0929,-1.19029
371,6.03821,-0.244979
372,6.03821,-0.244979
373,6.03821,-0.244979
374,6.03821,-0.244979
375,5.30039,-0.982794
376,5.30039,-0.982794
377,5.30039,-0.982794
378,5.30039,-0.982794
379,5.30039,-0.982794
380,5.30039,-0.982794
381,4.39064,-1.89255
382,4.39064,-1.89255
383,4.39064,-1.89255
384,4.39064,-1.89255
385,4.39064,-1.89255
386,4.39064,-1.89255
387,4.39064,-1.89255
388,4.39064,-1.89255
389,5.03414,-1.24905
390,5.81954,-0.463648
391,5.81954,-0.463648
392,5.81954,-0.463648
393,5.81954,-0.463648
394,0.463648,0.463648
395,0.463648,0.463648
396,0.463648,0.463648
397,5.69518,-0.588003
398,5.69518,-0.588003
399,5.69518,-0.588003
400,5.69518,-0.588003
401,0.463648,0.463648
402,0.463648,0.463648
403,0.463648,0.463648
404,5.30039,-0.982794
405,5.30039,-0.982794
406,5.30039,-0.982794
407,5.30039,-0.982794
408,5.30039,-0.982794
409,0.785398,0.785398
410,0.785398,0.785398
411,5.49779,-0.785398
412,5.49779,-0.785398
413,5.49779,-0.785398
414,4.03765,-2.24554
415,4.03765,-2.24554
416,4.03765,-2.24554
417,4.03765,-2.24554
418,4.03765,-2.24554
419,4.03765,-2.24554
420,4.03765,-2.24554
421,4.10166,-2.18152
422,4.10166,-2.18152
423,4.10166,-2.18152
424,4.10166,-2.18152
425,4.10166,-2.18152
426,4.10166,-2.18152
427,4.10166,-2.18152
428,4.10166,-2.18152
429,4.10166,-2.18152
430,4.10166,-2.18152
431,4.39064,-1.89255
432,4.39064,-1.89255
433,5.03414,-1.24905
434,5.30039,-0.982794
435,5.30039,-0.982794
436,5.30039,-0.982794
437,4.90978,-1.3734
438,4.90978,-1.3734
439,4.90978,-1.3734
440,4.90978,-1.3734
441,4.90978,-1.3734
442,5.81954,-0.463648
443,5.81954,-0.463648
444,5.03414,-1.24905
445,5.03414,-1.24905
446,4.39064,-1.89255
447,4.12439,-2.1588
448,4.12439,-2.1588
449,4.12439,-2.1588
450,4.39064,-1.89255
451,4.39064,-1.89255
452,5.03414,-1.24905
453,5.96143,-0.321751
454,5.96143,-0.321751
455,5.96143,-0.321751
456,5.35589,-0.927295
457,5.35589,-0.927295
458,5.35589,-0.927295
459,5.35589,-0.927295
460,5.35589,-0.927295
461,5.35589,-0.927295
462,5.35589,-0.927295
463,5.03414,-1.24905
464,5.03414,-1.24905
465,4.39064,-1.89255
466,4.12439,-2.1588
467,4.12439,-2.1588
468,4.12439,-2.1588
469,4.57049,-1.71269
470,4.57049,-1.71269
471,4.57049,-1.71269
472,4.57049,-1.71269
473,4.57049,-1.71269
474,4.57049,-1.71269
475,4.57049,-1.71269
476,4.43409,-1.8491
477,4.43409,-1.8491
478,4.43409,-1.8491
479,4.43409,-1.8491
480,4.43409,-1.8491
481,4.54724,-1.73595
482,4.54724,-1.73595
483,4.54724,-1.73595
484,4.54724,-1.73595
485,4.54724,-1.73595
486,4.54724,-1.73595
487,4.54724,-1.73595
488,4.54724,-1.73595
489,5.0929,-1.19029
490,5.0929,-1.19029
491,5.0929,-1.19029
492,5.0929,-1.19029
493,5.0929,-1.19029
494,5.0929,-1.19029
495,5.0929,-1.19029
496,5.0929,-1.19029
497,5.30039,-0.982794
498,5.60844,-0.674741
499,5.60844,-0.674741
500,5.60844,-0.674741
501,5.60844,-0.674741
502,5.60844,-0.674741
503,5.60844,-0.674741
504,5.38713,-0.896055
505,5.38713,-0.896055
506,5.38713,-0.896055
507,5.25281,-1.03038
508,5.25281,-1.03038
509,5.07116,-1.21203
510,5.07116,-1.21203
511,5.07116,-1.21203
512,4.99069,-1.2925
513,4.99069,-1.2925
514,4.99069,-1.2925
515,4.99069,-1.2925
516,4.99069,-1.2925
517,4.99069,-1.2925
518,5.81954,-0.463648
519,0.463648,0.463648
520,0.982794,0.982794
521,0.982794,0.982794
522,0.982794,0.982794
523,0.982794,0.982794
524,0.982794,0.982794
525,4.99069,-1.2925
526,4.99069,-1.2925
527,4.99069,-1.2925
528,4.99069,-1.2925
529,4.90978,-1.3734
530,4.90978,-1.3734
531,4.90978,-1.3734
532,4.90978,-1.3734
533,4.90978,-1.3734
534,4.90978,-1.3734
535,0.321751,0.321751
536,0.321751,0.321751
537,0.321751,0.321751
538,5.96143,-0.321751
539,5.96143,-0.321751
540,5.96143,-0.321751
541,0.463648,0.463648
542,1.40565,1.40565
543,1.40565,1.40565
544,1.40565,1.40565
545,1.65394,1.65394
546,1.65394,1.65394
547,1.65394,1.65394
548,1.65394,1.65394
549,1.65394,1.65394
550,1.65394,1.65394
551,1.65394,1.65394
552,1.65394,1.65394
553,1.65394,1.65394
554,1.65394,1.65394
555,1.48766,1.48766
556,1.48766,1.48766
557,1.48766,1.48766
558,1.48766,1.48766
559,1.48766,1.48766
560,1.48766,1.48766
561,1.48766,1.48766
562,4.99069,-1.2925
563,4.99069,-1.2925
564,4.99069,-1.2925
565,4.99069,-1.2925
566,4.83674,-1.44644
567,4.83674,-1.44644
568,4.83674,-1.44644
569,4.83674,-1.44644
570,4.83674,-1.44644
571,4.83674,-1.44644
572,4.83674,-1.44644
573,4.83674,-1.44644
574,4.83674,-1.44644
575,4.83674,-1.44644
576,4.83674,-1.44644
577,4.83674,-1.44644
578,4.83674,-1.44644
579,4.83674,-1.44644
580,4.83674,-1.44644
581,4.83674,-1.44644
582,4.83674,-1.44644
583,4.83674,-1.44644
584,0.785398,0.785398
585,0.785398,0.785398
586,0.785398,0.785398
587,0.785398,0.785398
588,0.785398,0.785398
589,0.785398,0.785398
590,5.30039,-0.982794
591,5.30039,-0.982794
592,5.03414,-1.24905
593,5.03414,-1.24905
594,5.03414,-1.24905
595,5.81954,-0.463648
596,0.463648,0.463648
597,1.24905,1.24905
598,1.24905,1.24905
599,1.24905,1.24905
600,1.24905,1.24905
601,1.24905,1.24905
602,1.24905,1.24905
603,1.24905,1.24905
604,1.24905,1.24905
605,5.03414,-1.24905
606,5.03414,-1.24905
607,5.03414,-1.24905
608,5.03414,-1.24905
609,5.03414,-1.24905
610,5.03414,-1.24905
611,5.03414,-1.24905
612,5.03414,-1.24905
613,1.35213,1.35213
614,1.35213,1.35213
615,1.35213,1.35213
616,1.35213,1.35213
617,1.35213,1.35213
618,1.44644,1.44644
619,1.44644,1.44644
620,1.44644,1.44644
621,1.44644,1.44644
622,1.69515,1.69515
623,1.69515,1.69515
624,1.69515,1.69515
625,1.69515,1.69515
626,1.9513,1.9513
627,1.9513,1.9513
628,1.9513,1.9513
629,1.9513,1.9513
630,1.9513,1.9513
631,1.10715,1.10715
632,1.10715,1.10715
633,1.10715,1.10715
634,1.81577,1.81577
635,1.81577,1.81577
636,1.81577,1.81577
637,1.81577,1.81577
638,1.81577,1.81577
639,2.2143,2.2143
640,2.2143,2.2143
641,2.2143,2.2143
642,2.2143,2.2143
643,2.2143,2.2143
644,1.63736,1.63736
645,1.63736,1.63736
646,1.63736,1.63736
647,1.63736,1.63736
648,1.63736,1.63736
649,1.63736,1.63736
650,1.63736,1.63736
651,1.63736,1.63736
652,1.63736,1.63736
653,1.63736,1.63736
654,1.63736,1.63736
655,1.63736,1.63736
656,1.63736,1.63736
657,1.63736,1.63736
658,1.63736,1.63736
659,1.63736,1.63736
660,1.63736,1.63736
661,1.40565,1.40565
662,1.40565,1.40565
663,1.40565,1.40565
664,1.40565,1.40565
665,1.40565,1.40565
666,1.40565,1.40565
667,1.40565,1.40565
668,1.40565,1.40565
669,1.2925,1.2925
670,1.2925,1.2925
671,1.2925,1.2925
672,1.2925,1.2925
673,0.927295,0.927295
674,0.927295,0.927295
675,0.927295,0.927295
676,0.927295,0.927295
677,0.927295,0.927295
678,0.927295,0.927295
679,0.927295,0.927295
680,0.674741,0.674741
681,0.674741,0.674741
682,0.674741,0.674741
683,0.674741,0.674741
684,0.674741,0.674741
685,0.896055,0.896055
686,0.896055,0.896055
687,0.896055,0.896055
688,0.950547,0.950547
689,0.950547,0.950547
690,0.950547,0.950547
691,0.950547,0.950547
692,0.950547,0.950547
693,0.950547,0.950547
694,0.950547,0.950547
695,0.876058,0.876058
696,0.876058,0.876058
697,0.876058,0.876058
698,0.876058,0.876058
699,0.876058,0.876058
700,0.876058,0.876058
701,0.876058,0.876058
702,0.876058,0.876058
703,0.876058,0.876058
704,0.96007,0.96007
705,0.96007,0.96007
706,0.96007,0.96007
707,0.96007,0.96007
708,0.96007,0.96007
709,0.96007,0.96007
710,0.96007,0.96007
711,0.96007,0.96007
712,0.96007,0.96007
713,0.96007,0.96007
714,0.96007,0.96007
715,0.96007,0.96007
716,0.141897,0.141897
717,0.141897,0.141897
718,0.141897,0.141897
719,0.141897,0.141897
720,0.141897,0.141897
721,0.141897,0.141897
722,0.141897,0.141897
723,0.588003,0.588003
724,0.982794,0.982794
725,1.32582,1.32582
726,1.32582,1.32582
727,1.32582,1.32582
728,1.32582,1.32582
729,0.982794,0.982794
730,0.982794,0.982794
731,0.982794,0.982794
732,1.24905,1.24905
733,1.24905,1.24905
734,1.24905,1.24905
735,0.588003,0.588003
736,0.588003,0.588003
737,0.588003,0.588003
738,0.982794,0.982794
739,0.982794,0.982794
740,2.1588,2.1588
741,2.1588,2.1588
742,2.1588,2.1588
743,2.1588,2.1588
744,2.1588,2.1588
745,0.927295,0.927295
746,0.927295,0.927295
747,0.927295,0.927295
748,0.927295,0.927295
749,0.927295,0.927295
750,0.643501,0.643501
751,0.643501,0.643501
752,0.2783,0.2783
753,0.2783,0.2783
754,0.2783,0.2783
755,0.2783,0.2783
756,0.2783,0.2783
757,0.2783,0.2783
758,0.2783,0.2783
759,0.2783,0.2783
760,1.10715,1.10715
761,2.1588,2.1588
762,2.1588,2.1588
763,2.1588,2.1588
764,2.1588,2.1588
765,1.68145,1.68145
766,1.68145,1.68145
767,1.68145,1.68145
768,1.68145,1.68145
769,1.68145,1.68145
770,1.46014,1.46014
771,1.46014,1.46014
772,1.46014,1.46014
773,1.46014,1.46014
774,0.982794,0.982794
775,0.982794,0.982794
776,0.982794,0.982794
777,1.32582,1.32582
778,1.32582,1.32582
779,1.81577,1.81577
780,1.81577,1.81577
781,1.81577,1.81577
782,1.81577,1.81577
783,1.40565,1.40565
784,1.40565,1.40565
785,1.40565,1.40565
786,1.40565,1.40565
787,1.40565,1.40565
788,1.40565,1.40565
789,1.40565,1.40565
790,1.40565,1.40565
791,1.40565,1.40565
792,1.40565,1.40565
793,1.9513,1.9513
794,1.9513,1.9513
795,1.9513,1.9513
796,1.9513,1.9513
797,1.9513,1.9513
798,1.9513,1.9513
799,1.9513,1.9513
800,1.19029,1.19029
801,1.19029,1.19029
802,1.19029,1.19029
803,1.19029,1.19029
804,1.19029,1.19029
805,1.19029,1.19029
806,2.03444,2.03444
807,2.89661,2.89661
808,2.89661,2.89661
809,2.89661,2.89661
810,2.89661,2.89661
811,2.1588,2.1588
812,2.1588,2.1588
813,2.1588,2.1588
814,2.1588,2.1588
815,2.1588,2.1588
816,2.1588,2.1588
817,2.1588,2.1588
818,2.1588,2.1588
819,2.1588,2.1588
820,2.1588,2.1588
821,2.1588,2.1588
822,2.1588,2.1588
823,2.9442,2.9442
824,2.9442,2.9442
825,2.9442,2.9442
826,2.9442,2.9442
827,2.9442,2.9442
828,2.9442,2.9442
829,1.10715,1.10715
830,1.10715,1.10715
831,2.03444,2.03444
832,2.03444,2.03444
833,2.03444,2.03444
834,0.785398,0.785398
835,0.785398,0.785398
836,2.03444,2.03444
837,2.03444,2.03444
838,1.10715,1.10715
839,1.10715,1.10715
840,1.10715,1.10715
841,2.67795,2.67795
842,2.67795,2.67795
843,2.03444,2.03444
844,1.03038,1.03038
845,1.03038,1.03038
846,1.03038,1.03038
847,1.03038,1.03038
848,1.03038,1.03038
849,1.03038,1.03038
850,1.19029,1.19029
851,1.32582,1.32582
852,1.32582,1.32582
853,1.81577,1.81577
854,1.81577,1.81577
855,1.81577,1.81577
856,1.81577,1.81577
857,1.24905,1.24905
858,1.24905,1.24905
859,1.24905,1.24905
860,1.24905,1.24905
861,0.982794,0.982794
862,0.982794,0.982794
863,0.982794,0.982794
864,1.32582,1.32582
865,1.32582,1.32582
866,1.32582,1.32582
867,1.32582,1.32582
868,1.32582,1.32582
869,1.32582,1.32582
870,1.63736,1.63736
871,1.63736,1.63736
872,1.63736,1.63736
873,1.63736,1.63736
874,1.63736,1.63736
875,1.63736,1.63736
876,1.63736,1.63736
877,1.63736,1.63736
878,1.63736,1.63736
879,1.63736,1.63736
880,1.63736,1.63736
881,1.63736,1.63736
882,1.63736,1.63736
883,1.63736,1.63736
884,1.63736,1.63736
885,1.63736,1.63736
886,1.63736,1.63736
887,1.8491,1.8491
888,1.8491,1.8491
889,1.8491,1.8491
890,1.8491,1.8491
891,2.1588,2.1588
892,2.1588,2.1588
893,2.1588,2.1588
894,2.1588,2.1588
895,2.1588,2.1588
896,2.89661,2.89661
897,2.89661,2.89661
898,2.89661,2.89661
899,2.89661,2.89661
900,2.46685,2.46685
901,2.46685,2.46685
902,2.46685,2.46685
903,2.24554,2.24554
904,2.24554,2.24554
905,2.24554,2.24554
906,1.89255,1.89255
907,1.89255,1.89255
908,1.24905,1.24905
909,0.982794,0.982794
910,0.588003,0.588003
911,0.588003,0.588003
912,0.588003,0.588003
913,1.24905,1.24905
914,1.24905,1.24905
915,1.24905,1.24905
916,0.927295,0.927295
917,0.927295,0.927295
918,0.927295,0.927295
919,0.927295,0.927295
920,0.927295,0.927295
921,0.927295,0.927295
922,1.76819,1.76819
923,1.76819,1.76819
924,1.76819,1.76819
925,1.76819,1.76819
926,1.3734,1.3734
927,1.3734,1.3734
928,1.3734,1.3734
929,1.3734,1.3734
930,1.89255,1.89255
931,1.89255,1.89255
932,1.89255,1.89255
933,1.89255,1.89255
934,1.89255,1.89255
935,1.89255,1.89255
936,1.89255,1.89255
937,1.89255,1.89255
938,1.24905,1.24905
939,0.588003,0.588003
940,0.588003,0.588003
941,0.588003,0.588003
942,0.950547,0.950547
943,0.950547,0.950547
944,0.950547,0.950547
945,0.950547,0.950547
946,0.950547,0.950547
947,0.950547,0.950547
948,0.950547,0.950547
949,0.950547,0.950547
950,0.896055,0.896055
951,0.896055,0.896055
952,0.896055,0.896055
953,0.896055,0.896055
954,0.896055,0.896055
955,0.896055,0.896055
956,0.896055,0.896055
957,0.896055,0.896055
958,2.35619,2.35619
959,2.35619,2.35619
960,0.785398,0.785398
961,0.785398,0.785398
962,2.2143,2.2143
963,2.2143,2.2143
964,2.2143,2.2143
965,2.2143,2.2143
966,2.2143,2.2143
967,2.2143,2.2143
968,0.927295,0.927295
969,0.927295,0.927295
970,0.927295,0.927295
971,0.927295,0.927295
972,0.927295,0.927295
973,0.927295,0.927295
974,1.05165,1.05165
975,1.05165,1.05165
976,1.05165,1.05165
977,1.1659,1.1659
978,1.1659,1.1659
979,1.1659,1.1659
980,1.1659,1.1659
981,1.1659,1.1659
982,1.9513,1.9513
983,1.9513,1.9513
984,1.9513,1.9513
985,2.11122,2.11122
986,2.11122,2.11122
987,2.11122,2.11122
988,2.11122,2.11122
989,1.89255,1.89255
990,1.89255,1.89255
991,1.24905,1.24905
992,1.24905,1.24905
993,1.24905,1.24905
994,1.24905,1.24905
995,1.24905,1.24905
996,1.24905,1.24905
997,1.24905,1.24905
998,1.24905,1.24905
999,1.24905,1.24905
1000,0.380506,0.380506
1001,0.380506,0.380506
1002,0.380506,0.380506
1003,0.380506,0.380506
1004,0.380506,0.380506
1005,0.380506,0.380506
1006,1.10715,1.10715
1007,2.03444,2.03444
1008,2.03444,2.03444
1009,2.03444,2.03444
1010,1.10715,1.10715
1011,1.10715,1.10715
1012,2.1588,2.1588
1013,2.1588,2.1588
1014,2.55359,2.55359
1015,2.81984,2.81984
1016,2.81984,2.81984
1017,2.81984,2.81984
1018,2.1588,2.1588
1019,2.1588,2.1588
1020,2.1588,2.1588
1021,2.1588,2.1588
1022,2.1588,2.1588
1023,1.89255,1.89255
1024,1.89255,1.89255
1025,1.24905,1.24905
1026,1.24905,1.24905
1027,1.24905,1.24905
1028,1.73595,1.73595
1029,1.73595,1.73595
1030,1.73595,1.73595
1031,1.73595,1.73595
1032,1.73595,1.73595
1033,1.73595,1.73595
1034,1.73595,1.73595
1035,2.1588,2.1588
1036,2.1588,2.1588
1037,2.1588,2.1588
1038,2.1588,2.1588
1039,1.10715,1.10715
1040,0.321751,0.321751
1041,0.321751,0.321751
1042,0.321751,0.321751
1043,1.24905,1.24905
1044,1.24905,1.24905
1045,1.89255,1.89255
1046,1.89255,1.89255
1047,1.89255,1.89255
1048,1.10715,1.10715
1049,0.463648,0.463648
1050,0.463648,0.463648
1051,1.2925,1.2925
1052,1.2925,1.2925
1053,1.2925,1.2925
1054,1.2925,1.2925
1055,1.2925,1.2925
1056,1.2925,1.2925
1057,1.81577,1.81577
1058,1.81577,1.81577
1059,2.1588,2.1588
1060,2.1588,2.1588
1061,2.1588,2.1588
1062,1.81577,1.81577
1063,1.81577,1.81577
1064,1.32582,1.32582
1065,1.32582,1.32582
1066,0.321751,0.321751
1067,0.321751,0.321751
1068,0.321751,0.321751
1069,0.321751,0.321751
1070,2.1588,2.1588
1071,2.1588,2.1588
1072,2.1588,2.1588
1073,2.1588,2.1588
1074,2.1588,2.1588
1075,2.1588,2.1588
1076,1.76819,1.76819
1077,1.76819,1.76819
1078,1.76819,1.76819
1079,1.46014,1.46014
1080,1.46014,1.46014
1081,1.46014,1.46014
1082,1.46014,1.46014
1083,1.46014,1.46014
1084,1.46014,1.46014
1085,1.46014,1.46014
1086,1.46014,1.46014
1087,1.68145,1.68145
1088,1.68145,1.68145
1089,1.68145,1.68145
1090,1.68145,1.68145
1091,1.9513,1.9513
1092,1.9513,1.9513
1093,1.9513,1.9513
1094,1.9513,1.9513
1095,1.9513,1.9513
1096,1.9513,1.9513
1097,1.9513,1.9513
1098,2.1588,2.1588
1099,2.1588,2.1588
1100,2.1588,2.1588
1101,1.67046,1.67046
1102,1.67046,1.67046
1103,1.67046,1.67046
1104,1.67046,1.67046
1105,1.67046,1.67046
1106,1.67046,1.67046
1107,1.67046,1.67046
1108,1.67046,1.67046
1109,1.67046,1.67046
1110,1.67046,1.67046
1111,1.97569,1.97569
1112,1.97569,1.97569
1113,1.97569,1.97569
1114,1.97569,1.97569
1115,1.97569,1.97569
1116,1.97569,1.97569
1117,2.67795,2.67795
1118,2.67795,2.67795
1119,1.89255,1.89255
1120,1.89255,1.89255
1121,1.89255,1.89255
1122,2.2143,2.2143
1123,2.2143,2.2143
1124,2.2143,2.2143
1125,2.2143,2.2143
1126,2.2143,2.2143
1127,1.65394,1.65394
1128,1.65394,1.65394
1129,1.65394,1.65394
1130,1.65394,1.65394
1131,1.65394,1.65394
1132,1.65394,1.65394
1133,1.65394,1.65394
1134,1.65394,1.65394
1135,1.65394,1.65394
1136,1.65394,1.65394
1137,1.65394,1.65394
1138,1.65394,1.65394
1139,1.65394,1.65394
1140,1.65394,1.65394
1141,1.65394,1.65394
1142,1.65394,1.65394
1143,1.3734,1.3734
1144,1.3734,1.3734
1145,1.19029,1.19029
1146,1.19029,1.19029
1147,1.19029,1.19029
1148,0.321751,0.321751
1149,0.321751,0.321751
1150,0.321751,0.321751
1151,0.321751,0.321751
1152,2.55359,2.55359
1153,2.55359,2.55359
1154,2.55359,2.55359
1155,2.55359,2.55359
1156,2.03444,2.03444
1157,1.10715,1.10715
1158,1.10715,1.10715
1159,1.10715,1.10715
1160,2.55359,2.55359
1161,2.55359,2.55359
1162,2.55359,2.55359
1163,2.1588,2.1588
1164,1.81577,1.81577
1165,1.81577,1.81577
1166,1.81577,1.81577
1167,1.81577,1.81577
1168,2.81984,2.81984
1169,2.81984,2.81984
1170,2.81984,2.81984
1171,1.89255,1.89255
1172,1.89255,1.89255
1173,1.89255,1.89255
1174,2.2143,2.2143
1175,2.2143,2.2143
1176,2.2143,2.2143
1177,2.2143,2.2143
1178,2.2143,2.2143
1179,2.11122,2.11122
1180,2.11122,2.11122
1181,1.9513,1.9513
1182,1.73595,1.73595
1183,1.73595,1.73595
1184,1.73595,1.73595
1185,1.73595,1.73595
1186,1.73595,1.73595
1187,1.73595,1.73595
1188,1.9513,1.9513
1189,1.9513,1.9513
1190,2.11122,2.11122
1191,2.24554,2.24554
1192,2.24554,2.24554
1193,2.24554,2.24554
1194,2.24554,2.24554
1195,2.24554,2.24554
1196,2.24554,2.24554
1197,2.24554,2.24554
1198,1.81577,1.81577
1199,1.81577,1.81577
1200,1.81577,1.81577
1201,1.81577,1.81577
1202,2.1588,2.1588
1203,2.55359,2.55359
1204,2.81984,2.81984
1205,2.81984,2.81984
1206,3.46334,-2.81984
1207,3.46334,-2.81984
1208,3.46334,-2.81984
1209,3.46334,-2.81984
1210,2.81984,2.81984
1211,1.76819,1.76819
1212,1.76819,1.76819
1213,1.76819,1.76819
1214,1.76819,1.76819
1215,1.76819,1.76819
1216,2.67795,2.67795
1217,3.7296,-2.55359
1218,3.7296,-2.55359
1219,3.7296,-2.55359
1220,3.7296,-2.55359
1221,3.7296,-2.55359
1222,1.89255,1.89255
1223,1.89255,1.89255
1224,1.89255,1.89255
1225,2.67795,2.67795
1226,2.67795,2.67795
1227,2.03444,2.03444
1228,2.03444,2.03444
1229,2.67795,2.67795
1230,2.67795,2.67795
1231,1.89255,1.89255
1232,1.89255,1.89255
1233,1.89255,1.89255
1234,2.81984,2.81984
1235,2.81984,2.81984
1236,2.81984,2.81984
1237,2.1588,2.1588
1238,2.1588,2.1588
1239,2.1588,2.1588
1240,2.1588,2.1588
1241,2.1588,2.1588
1242,1.76819,1.76819
1243,1.76819,1.76819
1244,1.76819,1.76819
1245,1.76819,1.76819
1246,1.76819,1.76819
1247,1.9513,1.9513
1248,1.9513,1.9513
1249,2.11122,2.11122
1250,2.2143,2.2143
1251,2.2143,2.2143
1252,2.2143,2.2143
1253,2.2143,2.2143
1254,2.2143,2.2143
1255,1.89255,1.89255
1256,1.89255,1.89255
1257,1.89255,1.89255
1258,2.2143,2.2143
1259,2.2143,2.2143
1260,2.49809,2.49809
1261,2.49809,2.49809
1262,2.49809,2.49809
1263,2.49809,2.49809
1264,2.1588,2.1588
1265,2.1588,2.1588
1266,2.1588,2.1588
1267,2.1588,2.1588
1268,2.1588,2.1588
1269,1.73595,1.73595
1270,1.73595,1.73595
1271,1.73595,1.73595
1272,1.73595,1.73595
1273,1.73595,1.73595
1274,1.73595,1.73595
1275,1.73595,1.73595
1276,1.73595,1.73595
1277,1.73595,1.73595
1278,1.73595,1.73595
1279,1.40565,1.40565
1280,1.40565,1.40565
1281,1.40565,1.40565
1282,1.40565,1.40565
1283,1.40565,1.40565
1284,1.89255,1.89255
1285,1.89255,1.89255
1286,1.89255,1.89255
1287,1.89255,1.89255
1288,1.24905,1.24905
1289,0.896055,0.896055
1290,0.896055,0.896055
1291,0.896055,0.896055
1292,0.896055,0.896055
1293,0.896055,0.896055
1294,0.896055,0.896055
1295,0.896055,0.896055
1296,1.03038,1.03038
1297,1.03038,1.03038
1298,1.19029,1.19029
1299,1.19029,1.19029
1300,1.19029,1.19029
1301,1.89255,1.89255
1302,2.2143,2.2143
1303,2.2143,2.2143
1304,2.2143,2.2143
1305,2.2143,2.2143
1306,2.2143,2.2143
1307,1.81577,1.81577
1308,1.81577,1.81577
1309,1.81577,1.81577
1310,1.81577,1.81577
1311,2.67795,2.67795
1312,3.33899,-2.9442
1313,3.33899,-2.9442
1314,3.33899,-2.9442
1315,3.33899,-2.9442
1316,3.33899,-2.9442
1317,2.9442,2.9442
1318,2.9442,2.9442
1319,2.55359,2.55359
1320,2.55359,2.55359
1321,2.55359,2.55359
1322,2.89661,2.89661
1323,2.89661,2.89661
1324,2.89661,2.89661
1325,2.89661,2.89661
1326,1.89255,1.89255
1327,1.89255,1.89255
1328,1.89255,1.89255
1329,2.1588,2.1588
1330,2.1588,2.1588
1331,2.1588,2.1588
1332,2.1588,2.1588
1333,2.1588,2.1588
1334,2.1588,2.1588
1335,2.1588,2.1588
1336,2.1588,2.1588
1337,1.9513,1.9513
1338,1.9513,1.9513
1339,1.9513,1.9513
1340,1.9513,1.9513
1341,1.9513,1.9513
1342,2.11122,2.11122
1343,2.11122,2.11122
1344,2.11122,2.11122
1345,2.11122,2.11122
1346,1.89255,1.89255
1347,1.89255,1.89255
1348,1.89255,1.89255
1349,2.1588,2.1588
1350,2.1588,2.1588
1351,2.1588,2.1588
1352,1.74547,1.74547
1353,1.74547,1.74547
1354,1.74547,1.74547
1355,1.74547,1.74547
1356,1.74547,1.74547
1357,1.74547,1.74547
1358,1.74547,1.74547
1359,1.74547,1.74547
1360,1.74547,1.74547
1361,1.74547,1.74547
1362,1.72345,1.72345
1363,1.72345,1.72345
1364,1.72345,1.72345
1365,1.69515,1.69515
1366,1.69515,1.69515
1367,1.69515,1.69515
1368,1.69515,1.69515
1369,1.44644,1.44644
1370,1.44644,1.44644
1371,1.44644,1.44644
1372,1.44644,1.44644
1373,1.44644,1.44644
1374,1.44644,1.44644
1375,1.98902,1.98902
1376,1.98902,1.98902
1377,1.98902,1.98902
1378,1.98902,1.98902
1379,1.98902,1.98902
1380,1.98902,1.98902
1381,1.98902,1.98902
1382,1.98902,1.98902
1383,1.98902,1.98902
1384,1.98902,1.98902
1385,1.81577,1.81577
1386,1.81577,1.81577
1387,1.81577,1.81577
1388,1.81577,1.81577
1389,2.24554,2.24554
1390,2.24554,2.24554
1391,2.24554,2.24554
1392,2.24554,2.24554
1393,2.24554,2.24554
1394,2.24554,2.24554
1395,2.24554,2.24554
1396,2.24554,2.24554
1397,1.3734,1.3734
1398,1.3734,1.3734
1399,1.3734,1.3734
1400,1.3734,1.3734
1401,1.78947,1.78947
1402,1.78947,1.78947
1403,1.78947,1.78947
1404,1.78947,1.78947
1405,1.78947,1.78947
1406,1.78947,1.78947
1407,1.78947,1.78947
1408,1.78947,1.78947
1409,1.68145,1.68145
1410,1.68145,1.68145
1411,1.68145,1.68145
1412,1.68145,1.68145
1413,1.68145,1.68145
1414,1.68145,1.68145
1415,1.68145,1.68145
1416,1.68145,1.68145
1417,1.68145,1.68145
1418,1.68145,1.68145
1419,1.68145,1.68145
1420,1.68145,1.68145
1421,1.68145,1.68145
1422,1.68145,1.68145
1423,1.44644,1.44644
1424,1.44644,1.44644
1425,1.44644,1.44644
1426,1.44644,1.44644
1427,1.27934,1.27934
1428,1.27934,1.27934
1429,1.27934,1.27934
1430,1.27934,1.27934
1431,1.27934,1.27934
1432,1.27934,1.27934
1433,1.27934,1.27934
1434,1.27934,1.27934
1435,1.27934,1.27934
1436,1.27934,1.27934
1437,1.27934,1.27934
1438,1.27934,1.27934
1439,1.27934,1.27934
1440,0.982794,0.982794
1441,0.982794,0.982794
1442,0.982794,0.982794
1443,1.4289,1.4289
1444,1.4289,1.4289
1445,1.4289,1.4289
1446,1.4289,1.4289
1447,1.71269,1.71269
1448,1.71269,1.71269
1449,1.71269,1.71269
1450,3.05845,3.05845
1451,3.05845,3.05845
1452,3.05845,3.05845
1453,3.05845,3.05845
1454,3.05845,3.05845
1455,3.05845,3.05845
1456,3.22473,-3.05845
1457,3.22473,-3.05845
1458,3.22473,-3.05845
1459,3.22473,-3.05845
1460,3.22473,-3.05845
1461,3.22473,-3.05845
1462,3.7296,-2.55359
1463,4.12439,-2.1588
1464,4.12439,-2.1588
1465,4.12439,-2.1588
1466,3.26595,-3.01724
1467,3.26595,-3.01724
1468,3.26595,-3.01724
1469,3.26595,-3.01724
1470,3.26595,-3.01724
1471,3.26595,-3.01724
1472,3.26595,-3.01724
1473,3.26595,-3.01724
1474,3.26595,-3.01724
1475,3.26595,-3.01724
1476,3.26595,-3.01724
1477,3.26595,-3.01724
1478,3.26595,-3.01724
1479,3.26595,-3.01724
1480,3.26595,-3.01724
1481,3.26595,-3.01724
1482,3.26595,-3.01724
1483,3.36026,-2.92292
1484,3.36026,-2.92292
1485,3.36026,-2.92292
1486,3.36026,-2.92292
1487,3.36026,-2.92292
1488,3.7296,-2.55359
1489,3.7296,-2.55359
1490,3.7296,-2.55359
1491,3.30674,-2.97644
1492,3.30674,-2.97644
1493,3.30674,-2.97644
1494,2.97644,2.97644
1495,2.97644,2.97644
1496,2.97644,2.97644
1497,2.86329,2.86329
1498,2.86329,2.86329
1499,2.86329,2.86329
1500,2.86329,2.86329
1501,2.86329,2.86329
1502,2.86329,2.86329
1503,2.86329,2.86329
1504,3.5221,-2.76109
1505,3.5221,-2.76109
1506,3.5221,-2.76109
1507,3.68201,-2.60117
1508,3.68201,-2.60117
1509,3.68201,-2.60117
1510,3.68201,-2.60117
1511,3.68201,-2.60117
1512,2.55359,2.55359
1513,2.55359,2.55359
1514,2.1588,2.1588
1515,2.1588,2.1588
1516,2.1588,2.1588
1517,2.67795,2.67795
1518,3.60524,-2.67795
1519,4.51499,-1.76819
1520,4.51499,-1.76819
1521,4.51499,-1.76819
1522,4.51499,-1.76819
1523,4.51499,-1.76819
1524,4.01765,-2.26553
1525,4.01765,-2.26553
1526,4.01765,-2.26553
1527,4.01765,-2.26553
1528,3.83633,-2.44685
1529,3.83633,-2.44685
1530,3.83633,-2.44685
1531,3.83633,-2.44685
1532,3.83633,-2.44685
1533,2.67795,2.67795
1534,2.67795,2.67795
1535,0.785398,0.785398
1536,0.785398,0.785398
1537,3.10315,3.10315
1538,3.10315,3.10315
1539,3.10315,3.10315
1540,3.10315,3.10315
1541,3.10315,3.10315
1542,3.10315,3.10315
1543,3.10315,3.10315
1544,3.10315,3.10315
1545,3.10315,3.10315
1546,3.10315,3.10315
1547,3.10315,3.10315
1548,3.10315,3.10315
1549,3.10315,3.10315
1550,3.18004,-3.10315
1551,3.18004,-3.10315
1552,3.18004,-3.10315
1553,3.18004,-3.10315
1554,3.18004,-3.10315
1555,3.18004,-3.10315
1556,3.18004,-3.10315
1557,3.18004,-3.10315
1558,3.18004,-3.10315
1559,3.18004,-3.10315
1560,3.18004,-3.10315
1561,3.18004,-3.10315
1562,3.18004,-3.10315
1563,3.27414,-3.00904
1564,3.27414,-3.00904
1565,3.27414,-3.00904
1566,3.27414,-3.00904
1567,3.29048,-2.9927
1568,3.29048,-2.9927
1569,3.29048,-2.9927
1570,3.29048,-2.9927
1571,3.29048,-2.9927
1572,3.29048,-2.9927
1573,3.29048,-2.9927
1574,3.29048,-2.9927
1575,3.29048,-2.9927
1576,3.29048,-2.9927
1577,3.29048,-2.9927
1578,3.36026,-2.92292
1579,3.36026,-2.92292
1580,3.36026,-2.92292
1581,3.36026,-2.92292
1582,3.36026,-2.92292
1583,3.5221,-2.76109
1584,3.5221,-2.76109
1585,3.5221,-2.76109
1586,3.5221,-2.76109
1587,3.25225,-3.03094
1588,3.25225,-3.03094
1589,3.25225,-3.03094
1590,3.25225,-3.03094
1591,3.25225,-3.03094
1592,3.25225,-3.03094
1593,3.25225,-3.03094
1594,3.25225,-3.03094
1595,3.25225,-3.03094
1596,4.46741,-1.81577
1597,4.46741,-1.81577
1598,4.46741,-1.81577
1599,4.46741,-1.81577
1600,3.46334,-2.81984
1601,3.46334,-2.81984
1602,3.46334,-2.81984
1603,3.46334,-2.81984
1604,3.46334,-2.81984
1605,3.46334,-2.81984
1606,2.76109,2.76109
1607,2.76109,2.76109
1608,2.76109,2.76109
1609,2.76109,2.76109
1610,2.76109,2.76109
1611,2.9997,2.9997
1612,2.9997,2.9997
1613,2.9997,2.9997
1614,2.9997,2.9997
1615,2.9997,2.9997
1616,2.9997,2.9997
1617,2.9997,2.9997
1618,2.9997,2.9997
1619,2.9997,2.9997
1620,2.9997,2.9997
1621,2.9997,2.9997
1622,3.26595,-3.01724
1623,3.26595,-3.01724
1624,3.26595,-3.01724
1625,3.26595,-3.01724
1626,3.26595,-3.01724
1627,3.26595,-3.01724
1628,3.26595,-3.01724
1629,3.26595,-3.01724
1630,3.26595,-3.01724
1631,3.26595,-3.01724
1632,3.26595,-3.01724
1633,3.41989,-2.86329
1634,3.41989,-2.86329
1635,3.41989,-2.86329
1636,3.41989,-2.86329
1637,3.78509,-2.49809
1638,3.78509,-2.49809
1639,4.06889,-2.2143
1640,4.06889,-2.2143
1641,4.54724,-1.73595
1642,4.54724,-1.73595
1643,4.54724,-1.73595
1644,4.87754,-1.40565
1645,4.87754,-1.40565
1646,4.87754,-1.40565
1647,5.81954,-0.463648
1648,5.81954,-0.463648
1649,4.95737,-1.32582
1650,4.95737,-1.32582
1651,4.46741,-1.81577
1652,4.46741,-1.81577
1653,4.46741,-1.81577
1654,2.03444,2.03444
1655,2.03444,2.03444
1656,2.03444,2.03444
1657,4.57049,-1.71269
1658,4.57049,-1.71269
1659,4.57049,-1.71269
1660,4.57049,-1.71269
1661,4.57049,-1.71269
1662,4.57049,-1.71269
1663,4.57049,-1.71269
1664,4.57049,-1.71269
1665,4.57049,-1.71269
1666,5.69518,-0.588003
1667,5.69518,-0.588003
1668,5.69518,-0.588003
1669,5.69518,-0.588003
1670,5.69518,-0.588003
1671,5.69518,-0.588003
1672,1.3734,1.3734
1673,1.3734,1.3734
1674,1.3734,1.3734
1675,1.3734,1.3734
1676,1.3734,1.3734
1677,1.3734,1.3734
1678,5.35589,-0.927295
1679,5.35589,-0.927295
1680,5.35589,-0.927295
1681,5.35589,-0.927295
1682,5.35589,-0.927295
1683,5.35589,-0.927295
1684,5.90268,-0.380506
1685,5.90268,-0.380506
1686,5.90268,-0.380506
1687,6.08579,-0.197396
1688,6.08579,-0.197396
1689,6.08579,-0.197396
1690,0.197396,0.197396
1691,0.197396,0.197396
1692,0.197396,0.197396
1693,0.197396,0.197396
1694,5.49779,-0.785398
1695,5.49779,-0.785398
1696,0.785398,0.785398
1697,0.785398,0.785398
1698,5.69518,-0.588003
1699,5.69518,-0.588003
1700,5.69518,-0.588003
1701,5.69518,-0.588003
1702,0.463648,0.463648
1703,1.24905,1.24905
1704,1.24905,1.24905
1705,1.24905,1.24905
1706,0.463648,0.463648
1707,5.81954,-0.463648
1708,5.81954,-0.463648
1709,5.81954,-0.463648
1710,5.81954,-0.463648
1711,5.03414,-1.24905
1712,5.03414,-1.24905
1713,4.39064,-1.89255
1714,4.39064,-1.89255
1715,2.03444,2.03444
1716,2.03444,2.03444
1717,2.67795,2.67795
1718,3.7296,-2.55359
1719,3.7296,-2.55359
1720,3.7296,-2.55359
1721,3.7296,-2.55359
1722,3.7296,-2.55359
1723,2.55359,2.55359
1724,2.55359,2.55359
1725,2.55359,2.55359
1726,2.55359,2.55359
1727,2.55359,2.55359
1728,3.92699,-2.35619
1729,3.92699,-2.35619
1730,2.35619,2.35619
1731,2.35619,2.35619
1732,3.30674,-2.97644
1733,3.30674,-2.97644
1734,3.30674,-2.97644
1735,3.30674,-2.97644
1736,3.30674,-2.97644
1737,3.30674,-2.97644
1738,3.30674,-2.97644
1739,4.24874,-2.03444
1740,5.17604,-1.10715
1741,5.96143,-0.321751
1742,5.96143,-0.321751
1743,5.96143,-0.321751
1744,5.17604,-1.10715
1745,5.17604,-1.10715
1746,5.90268,-0.380506
1747,5.90268,-0.380506
1748,5.90268,-0.380506
1749,6.11804,-0.165149
1750,6.11804,-0.165149
1751,6.11804,-0.165149
1752,6.11804,-0.165149
1753,6.11804,-0.165149
1754,6.11804,-0.165149
1755,5.58845,-0.694738
1756,5.58845,-0.694738
1757,5.58845,-0.694738
1758,5.58845,-0.694738
1759,5.58845,-0.694738
1760,5.58845,-0.694738
1761,5.58845,-0.694738
1762,5.58845,-0.694738
1763,5.58845,-0.694738
1764,5.58845,-0.694738
1765,1.32582,1.32582
1766,1.32582,1.32582
1767,1.32582,1.32582
1768,1.32582,1.32582
1769,0.463648,0.463648
1770,0.463648,0.463648
1771,1.19029,1.19029
1772,1.19029,1.19029
1773,1.19029,1.19029
1774,1.19029,1.19029
1775,1.19029,1.19029
1776,1.19029,1.19029
1777,0.244979,0.244979
1778,0.244979,0.244979
1779,6.21188,-0.0713075
1780,6.21188,-0.0713075
1781,6.21188,-0.0713075
1782,6.21188,-0.0713075
1783,6.21188,-0.0713075
1784,6.21188,-0.0713075
1785,6.21188,-0.0713075
1786,6.21188,-0.0713075
1787,6.21188,-0.0713075
1788,6.21188,-0.0713075
1789,6.21188,-0.0713075
1790,6.21188,-0.0713075
1791,6.21188,-0.0713075
1792,6.21188,-0.0713075
1793,6.21188,-0.0713075
1794,6.21188,-0.0713075
1795,6.21188,-0.0713075
1796,5.90268,-0.380506
1797,5.90268,-0.380506
1798,5.90268,-0.380506
1799,5.90268,-0.380506
1800,6.03821,-0.244979
1801,6.03821,-0.244979
1802,6.03821,-0.244979
1803,6.03821,-0.244979
1804,5.86496,-0.418224
1805,5.86496,-0.418224
1806,5.86496,-0.418224
1807,5.86496,-0.418224
1808,5.86496,-0.418224
1809,5.77609,-0.507099
1810,5.77609,-0.507099
1811,5.77609,-0.507099
1812,5.77609,-0.507099
1813,5.56436,-0.71883
1814,5.56436,-0.71883
1815,5.56436,-0.71883
1816,5.56436,-0.71883
1817,5.56436,-0.71883
1818,5.56436,-0.71883
1819,5.43122,-0.851966
1820,5.43122,-0.851966
1821,5.43122,-0.851966
1822,5.43122,-0.851966
1823,5.43122,-0.851966
1824,5.43122,-0.851966
1825,5.03414,-1.24905
1826,5.03414,-1.24905
1827,5.03414,-1.24905
1828,5.33264,-0.950547
1829,5.33264,-0.950547
1830,5.33264,-0.950547
1831,5.33264,-0.950547
1832,5.33264,-0.950547
1833,5.33264,-0.950547
1834,5.33264,-0.950547
1835,5.57456,-0.708626
1836,5.57456,-0.708626
1837,5.57456,-0.708626
1838,5.57456,-0.708626
1839,5.57456,-0.708626
1840,5.57456,-0.708626
1841,5.57456,-0.708626
1842,5.57456,-0.708626
1843,5.57456,-0.708626
1844,5.42102,-0.86217
1845,5.42102,-0.86217
1846,5.42102,-0.86217
1847,5.42102,-0.86217
1848,5.42102,-0.86217
1849,5.33264,-0.950547
1850,5.33264,-0.950547
1851,5.33264,-0.950547
1852,5.33264,-0.950547
1853,5.33264,-0.950547
1854,5.33264,-0.950547
1855,5.33264,-0.950547
1856,5.38713,-0.896055
1857,5.38713,-0.896055
1858,5.38713,-0.896055
1859,5.38713,-0.896055
1860,5.38713,-0.896055
1861,5.38713,-0.896055
1862,5.38713,-0.896055
1863,5.0929,-1.19029
1864,5.0929,-1.19029
1865,5.0929,-1.19029
1866,5.0929,-1.19029
1867,5.0929,-1.19029
1868,5.0929,-1.19029
1869,5.0929,-1.19029
1870,4.78916,-1.49402
1871,4.78916,-1.49402
1872,4.78916,-1.49402
1873,4.78916,-1.49402
1874,4.78916,-1.49402
1875,4.78916,-1.49402
1876,4.78916,-1.49402
1877,4.63562,-1.64757
1878,4.63562,-1.64757
1879,4.63562,-1.64757
1880,4.63562,-1.64757
1881,4.63562,-1.64757
1882,4.63562,-1.64757
1883,4.3075,-1.97569
1884,4.3075,-1.97569
1885,4.3075,-1.97569
1886,4.19324,-2.08994
1887,4.19324,-2.08994
1888,4.19324,-2.08994
1889,4.19324,-2.08994
1890,4.19324,-2.08994
1891,4.19324,-2.08994
1892,4.39064,-1.89255
1893,4.39064,-1.89255
1894,4.39064,-1.89255
1895,3.97957,-2.30361
1896,3.97957,-2.30361
1897,3.97957,-2.30361
1898,3.97957,-2.30361
1899,3.97957,-2.30361
1900,3.97957,-2.30361
1901,3.97957,-2.30361
1902,3.97957,-2.30361
1903,3.87441,-2.40878
1904,3.87441,-2.40878
1905,3.87441,-2.40878
1906,3.87441,-2.40878
1907,3.87441,-2.40878
1908,3.87441,-2.40878
1909,3.87441,-2.40878
1910,3.87441,-2.40878
1911,3.64869,-2.63449
1912,3.64869,-2.63449
1913,3.64869,-2.63449
1914,3.64869,-2.63449
1915,3.64869,-2.63449
1916,3.55982,-2.72337
1917,3.55982,-2.72337
1918,3.55982,-2.72337
1919,3.55982,-2.72337
1920,3.36026,-2.92292
1921,3.36026,-2.92292
1922,3.36026,-2.92292
1923,3.36026,-2.92292
1924,3.36026,-2.92292
1925,3.30674,-2.97644
1926,3.30674,-2.97644
1927,3.30674,-2.97644
1928,3.09617,3.09617
1929,3.09617,3.09617
1930,3.09617,3.09617
1931,3.09617,3.09617
1932,3.09617,3.09617
1933,3.09617,3.09617
1934,3.09617,3.09617
1935,3.09617,3.09617
1936,3.09617,3.09617
1937,3.09617,3.09617
1938,3.09617,3.09617
1939,3.09617,3.09617
1940,3.09617,3.09617
1941,3.09617,3.09617
1942,3.09617,3.09617
1943,3.09617,3.09617
1944,3.09617,3.09617
1945,3.09617,3.09617
1946,3.09617,3.09617
1947,3.09617,3.09617
1948,3.09617,3.09617
1949,3.09617,3.09617
1950,3.09617,3.09617
1951,3.09617,3.09617
1952,3.09617,3.09617
1953,3.09617,3.09617
1954,3.09617,3.09617
1955,3.09617,3.09617
1956,3.09617,3.09617
1957,3.09617,3.09617
1958,3.33899,-2.9442
1959,3.33899,-2.9442
1960,3.33899,-2.9442
1961,5.49779,-0.785398
1962,5.49779,-0.785398
1963,5.49779,-0.785398
1964,5.49779,-0.785398
1965,5.49779,-0.785398
1966,5.49779,-0.785398
1967,5.49779,-0.785398
1968,5.49779,-0.785398
1969,5.49779,-0.785398
1970,5.49779,-0.785398
1971,5.49779,-0.785398
1972,5.49779,-0.785398
1973,3.92699,-2.35619
1974,3.92699,-2.35619
1975,5.30039,-0.982794
1976,5.30039,-0.982794
1977,5.30039,-0.982794
1978,5.03414,-1.24905
1979,5.03414,-1.24905
1980,5.03414,-1.24905
1981,5.69518,-0.588003
1982,5.69518,-0.588003
1983,5.69518,-0.588003
1984,5.30039,-0.982794
1985,5.03414,-1.24905
1986,5.03414,-1.24905
1987,4.39064,-1.89255
1988,4.15379,-2.1294
1989,4.15379,-2.1294
1990,4.15379,-2.1294
1991,4.15379,-2.1294
1992,4.15379,-2.1294
1993,4.15379,-2.1294
1994,4.15379,-2.1294
1995,4.15379,-2.1294
1996,4.15379,-2.1294
1997,4.15379,-2.1294
1998,4.15379,-2.1294
1999,4.15379,-2.1294
2000,4.15379,-2.1294
2001,4.15379,-2.1294
2002,3.7296,-2.55359
2003,3.38657,-2.89661
2004,3.38657,-2.89661
2005,3.38657,-2.89661
2006,3.38657,-2.89661
2007,4.54724,-1.73595
2008,4.54724,-1.73595
2009,4.54724,-1.73595
2010,4.81206,-1.47113
2011,4.81206,-1.47113
2012,4.81206,-1.47113
2013,4.81206,-1.47113
2014,4.81206,-1.47113
2015,4.81206,-1.47113
2016,4.81206,-1.47113
2017,4.81206,-1.47113
2018,4.81206,-1.47113
2019,4.81206,-1.47113
2020,4.81206,-1.47113
2021,4.81206,-1.47113
2022,4.81206,-1.47113
2023,4.81206,-1.47113
2024,4.99069,-1.2925
2025,4.99069,-1.2925
2026,4.99069,-1.2925
2027,4.99069,-1.2925
2028,4.99069,-1.2925
2029,4.99069,-1.2925
2030,4.99069,-1.2925
2031,4.99069,-1.2925
2032,4.99069,-1.2925
2033,5.0929,-1.19029
2034,5.0929,-1.19029
2035,5.25281,-1.03038
2036,5.25281,-1.03038
2037,5.25281,-1.03038
2038,5.25281,-1.03038
2039,5.25281,-1.03038
2040,3.60524,-2.67795
2041,3.60524,-2.67795
2042,4.39064,-1.89255
2043,4.39064,-1.89255
2044,4.39064,-1.89255
2045,4.12439,-2.1588
2046,4.12439,-2.1588
2047,4.12439,-2.1588
2048,4.12439,-2.1588
2049,5.30039,-0.982794
2050,5.30039,-0.982794
2051,5.30039,-0.982794
2052,5.30039,-0.982794
2053,5.30039,-0.982794
2054,3.60524,-2.67795
2055,3.60524,-2.67795
2056,3.60524,-2.67795
2057,5.60844,-0.674741
2058,5.60844,-0.674741
2059,5.60844,-0.674741
2060,5.60844,-0.674741
2061,5.60844,-0.674741
2062,5.60844,-0.674741
2063,5.90268,-0.380506
2064,5.90268,-0.380506
2065,5.90268,-0.380506
2066,5.90268,-0.380506
2067,5.90268,-0.380506
2068,5.90268,-0.380506
2069,5.90268,-0.380506
2070,4.12439,-2.1588
2071,4.12439,-2.1588
2072,4.12439,-2.1588
2073,4.12439,-2.1588
2074,3.7296,-2.55359
2075,3.7296,-2.55359
2076,3.7296,-2.55359
2077,3.7296,-2.55359
2078,3.7296,-2.55359
2079,3.7296,-2.55359
2080,5.17604,-1.10715
2081,5.17604,-1.10715
2082,4.24874,-2.03444
2083,3.46334,-2.81984
2084,3.46334,-2.81984
2085,3.46334,-2.81984
2086,3.7296,-2.55359
2087,3.7296,-2.55359
2088,3.7296,-2.55359
2089,5.17604,-1.10715
2090,5.17604,-1.10715
2091,4.24874,-2.03444
2092,4.24874,-2.03444
2093,4.24874,-2.03444
2094,5.17604,-1.10715
2095,6.08579,-0.197396
2096,6.08579,-0.197396
2097,6.08579,-0.197396
2098,6.08579,-0.197396
2099,6.08579,-0.197396
2100,6.08579,-0.197396
2101,4.12439,-2.1588
2102,4.12439,-2.1588
2103,4.12439,-2.1588
2104,4.12439,-2.1588
2105,5.17604,-1.10715
2106,5.17604,-1.10715
2107,5.17604,-1.10715
2108,3.92699,-2.35619
2109,3.92699,-2.35619
2110,3.92699,-2.35619
2111,3.92699,-2.35619
2112,3.92699,-2.35619
2113,3.92699,-2.35619
2114,3.92699,-2.35619
2115,3.92699,-2.35619
2116,5.69518,-0.588003
2117,5.69518,-0.588003
2118,5.69518,-0.588003
2119,5.69518,-0.588003
2120,5.69518,-0.588003
2121,3.92699,-2.35619
2122,3.92699,-2.35619
2123,3.92699,-2.35619
2124,3.92699,-2.35619
2125,5.81954,-0.463648
2126,5.81954,-0.463648
2127,5.81954,-0.463648
2128,3.92699,-2.35619
2129,3.92699,-2.35619
2130,5.49779,-0.785398
2131,5.49779,-0.785398
2132,4.06889,-2.2143
2133,4.06889,-2.2143
2134,4.06889,-2.2143
2135,4.06889,-2.2143
2136,4.06889,-2.2143
2137,4.17197,-2.11122
2138,4.17197,-2.11122
2139,4.17197,-2.11122
2140,4.17197,-2.11122
2141,5.17604,-1.10715
2142,5.17604,-1.10715
2143,5.17604,-1.10715
2144,3.92699,-2.35619
2145,3.92699,-2.35619
2146,3.92699,-2.35619
2147,3.92699,-2.35619
2148,5.81954,-0.463648
2149,5.81954,-0.463648
2150,5.17604,-1.10715
2151,4.24874,-2.03444
2152,4.24874,-2.03444
2153,4.24874,-2.03444
2154,5.81954,-0.463648
2155,5.81954,-0.463648
2156,5.81954,-0.463648
2157,4.46741,-1.81577
2158,4.46741,-1.81577
2159,4.46741,-1.81577
2160,4.95737,-1.32582
2161,4.95737,-1.32582
2162,5.0929,-1.19029
2163,5.0929,-1.19029
2164,5.0929,-1.19029
2165,5.81954,-0.463648
2166,5.81954,-0.463648
2167,5.81954,-0.463648
2168,3.92699,-2.35619
2169,3.92699,-2.35619
2170,3.92699,-2.35619
2171,3.92699,-2.35619
2172,5.17604,-1.10715
2173,5.17604,-1.10715
2174,4.24874,-2.03444
2175,4.24874,-2.03444
2176,4.24874,-2.03444
2177,5.49779,-0.785398
2178,5.49779,-0.785398
2179,4.24874,-2.03444
2180,4.24874,-2.03444
2181,5.30039,-0.982794
2182,5.30039,-0.982794
2183,5.69518,-0.588003
2184,5.69518,-0.588003
2185,5.69518,-0.588003
2186,5.17604,-1.10715
2187,4.24874,-2.03444
2188,3.60524,-2.67795
2189,3.60524,-2.67795
2190,4.24874,-2.03444
2191,5.17604,-1.10715
2192,6.03821,-0.244979
2193,6.03821,-0.244979
2194,6.03821,-0.244979
2195,6.03821,-0.244979
2196,6.03821,-0.244979
2197,3.46334,-2.81984
2198,3.46334,-2.81984
2199,3.46334,-2.81984
2200,3.7296,-2.55359
2201,3.7296,-2.55359
2202,3.7296,-2.55359
2203,5.60844,-0.674741
2204,5.60844,-0.674741
2205,5.60844,-0.674741
2206,5.60844,-0.674741
2207,5.60844,-0.674741
2208,5.38713,-0.896055
2209,5.38713,-0.896055
2210,5.38713,-0.896055
2211,5.03414,-1.24905
2212,5.03414,-1.24905
2213,4.39064,-1.89255
2214,3.46334,-2.81984
2215,3.46334,-2.81984
2216,3.46334,-2.81984
2217,3.46334,-2.81984
2218,5.49779,-0.785398
2219,5.49779,-0.785398
2220,5.49779,-0.785398
2221,5.49779,-0.785398
2222,5.49779,-0.785398
2223,5.49779,-0.785398
2224,5.49779,-0.785398
2225,5.49779,-0.785398
2226,4.24874,-2.03444
2227,4.24874,-2.03444
2228,4.24874,-2.03444
2229,4.24874,-2.03444
2230,4.24874,-2.03444
2231,5.30039,-0.982794
2232,5.30039,-0.982794
2233,5.69518,-0.588003
2234,5.69518,-0.588003
2235,5.69518,-0.588003
2236,5.69518,-0.588003
2237,4.39064,-1.89255
2238,4.39064,-1.89255
2239,4.39064,-1.89255
2240,4.39064,-1.89255
2241,4.12439,-2.1588
2242,4.12439,-2.1588
2243,4.12439,-2.1588
2244,4.12439,-2.1588
2245,5.17604,-1.10715
2246,5.81954,-0.463648
2247,5.81954,-0.463648
2248,4.82305,-1.46014
2249,4.82305,-1.46014
2250,4.82305,-1.46014
2251,4.82305,-1.46014
2252,4.82305,-1.46014
2253,4.60173,-1.68145
2254,4.60173,-1.68145
2255,4.60173,-1.68145
2256,4.60173,-1.68145
2257,4.33188,-1.9513
2258,4.33188,-1.9513
2259,4.33188,-1.9513
2260,3.60524,-2.67795
2261,3.60524,-2.67795
2262,4.24874,-2.03444
2263,5.25281,-1.03038
2264,5.25281,-1.03038
2265,5.25281,-1.03038
2266,5.25281,-1.03038
2267,5.25281,-1.03038
2268,5.25281,-1.03038
2269,5.0929,-1.19029
2270,5.0929,-1.19029
2271,5.0929,-1.19029
2272,5.0929,-1.19029
2273,5.40713,-0.876058
2274,5.40713,-0.876058
2275,5.40713,-0.876058
2276,5.40713,-0.876058
2277,5.40713,-0.876058
2278,5.40713,-0.876058
2279,5.40713,-0.876058
2280,5.40713,-0.876058
2281,5.40713,-0.876058
2282,4.90978,-1.3734
2283,4.90978,-1.3734
2284,4.90978,-1.3734
2285,4.60173,-1.68145
2286,4.60173,-1.68145
2287,4.60173,-1.68145
2288,4.60173,-1.68145
2289,4.60173,-1.68145
2290,4.60173,-1.68145
2291,4.60173,-1.68145
2292,4.60173,-1.68145
2293,4.60173,-1.68145
2294,4.60173,-1.68145
2295,4.60173,-1.68145
2296,4.60173,-1.68145
2297,4.53254,-1.75065
2298,4.53254,-1.75065
2299,4.53254,-1.75065
2300,4.53254,-1.75065
2301,4.53254,-1.75065
2302,4.53254,-1.75065
2303,4.43409,-1.8491
2304,4.43409,-1.8491
2305,4.35362,-1.92957
2306,4.35362,-1.92957
2307,4.35362,-1.92957
2308,4.35362,-1.92957
2309,4.35362,-1.92957
2310,3.46334,-2.81984
2311,3.46334,-2.81984
2312,2.81984,2.81984
2313,2.55359,2.55359
2314,2.1588,2.1588
2315,1.73595,1.73595
2316,1.73595,1.73595
2317,1.73595,1.73595
2318,1.73595,1.73595
2319,1.73595,1.73595
2320,1.73595,1.73595
2321,1.73595,1.73595
2322,4.12439,-2.1588
2323,4.12439,-2.1588
2324,4.43409,-1.8491
2325,4.43409,-1.8491
2326,4.43409,-1.8491
2327,4.43409,-1.8491
2328,4.54724,-1.73595
2329,4.54724,-1.73595
2330,4.54724,-1.73595
2331,4.87754,-1.40565
2332,4.87754,-1.40565
2333,4.87754,-1.40565
2334,5.35589,-0.927295
2335,5.35589,-0.927295
2336,5.63968,-0.643501
2337,5.63968,-0.643501
2338,5.63968,-0.643501
2339,5.63968,-0.643501
2340,5.63968,-0.643501
2341,5.30039,-0.982794
2342,4.87754,-1.40565
2343,4.87754,-1.40565
2344,4.87754,-1.40565
2345,4.54724,-1.73595
2346,4.54724,-1.73595
2347,4.54724,-1.73595
2348,4.54724,-1.73595
2349,2.35619,2.35619
2350,2.35619,2.35619
2351,4.12439,-2.1588
2352,4.12439,-2.1588
2353,4.58803,-1.69515
2354,4.58803,-1.69515
2355,4.58803,-1.69515
2356,4.58803,-1.69515
2357,4.83674,-1.44644
2358,4.83674,-1.44644
2359,4.83674,-1.44644
2360,4.83674,-1.44644
2361,4.83674,-1.44644
2362,4.83674,-1.44644
2363,4.83674,-1.44644
2364,4.83674,-1.44644
2365,4.83674,-1.44644
2366,4.58803,-1.69515
2367,4.58803,-1.69515
2368,4.58803,-1.69515
2369,4.58803,-1.69515
2370,4.3075,-1.97569
2371,4.3075,-1.97569
2372,4.3075,-1.97569
2373,4.3075,-1.97569
2374,4.3075,-1.97569
2375,4.3075,-1.97569
2376,4.3075,-1.97569
2377,4.49372,-1.78947
2378,4.49372,-1.78947
2379,4.49372,-1.78947
2380,4.49372,-1.78947
2381,4.49372,-1.78947
2382,4.59528,-1.68791
2383,4.59528,-1.68791
2384,4.59528,-1.68791
2385,4.59528,-1.68791
2386,4.59528,-1.68791
2387,4.59528,-1.68791
2388,4.59528,-1.68791
2389,4.59528,-1.68791
2390,4.59528,-1.68791
2391,4.64108,-1.6421
2392,4.64108,-1.6421
2393,4.64108,-1.6421
2394,4.64108,-1.6421
2395,4.64108,-1.6421
2396,4.64108,-1.6421
2397,4.64108,-1.6421
2398,4.7837,-1.49949
2399,4.7837,-1.49949
2400,4.7837,-1.49949
2401,4.7837,-1.49949
2402,4.7837,-1.49949
2403,4.7837,-1.49949
2404,4.7837,-1.49949
2405,4.93106,-1.35213
2406,4.93106,-1.35213
2407,4.93106,-1.35213
2408,4.93106,-1.35213
2409,4.93106,-1.35213
2410,5.0929,-1.19029
2411,5.0929,-1.19029
2412,5.0929,-1.19029
2413,5.0929,-1.19029
2414,4.95737,-1.32582
2415,4.95737,-1.32582
2416,4.46741,-1.81577
2417,4.46741,-1.81577
2418,4.12439,-2.1588
2419,3.7296,-2.55359
2420,3.5221,-2.76109
2421,3.5221,-2.76109
2422,3.5221,-2.76109
2423,3.5221,-2.76109
2424,3.5221,-2.76109
2425,3.5221,-2.76109
2426,4.39064,-1.89255
2427,4.39064,-1.89255
2428,4.39064,-1.89255
2429,3.46334,-2.81984
2430,3.46334,-2.81984
2431,3.46334,-2.81984
2432,4.39064,-1.89255
2433,4.39064,-1.89255
2434,4.39064,-1.89255
2435,3.5221,-2.76109
2436,3.5221,-2.76109
2437,3.5221,-2.76109
2438,3.5221,-2.76109
2439,3.5221,-2.76109
2440,3.68201,-2.60117
2441,3.81633,-2.46685
2442,3.81633,-2.46685
2443,3.81633,-2.46685
2444,4.03765,-2.24554
2445,4.03765,-2.24554
2446,4.03765,-2.24554
2447,4.20529,-2.07789
2448,4.20529,-2.07789
2449,4.20529,-2.07789
2450,4.20529,-2.07789
2451,4.20529,-2.07789
2452,4.29416,-1.98902
2453,4.29416,-1.98902
2454,4.29416,-1.98902
2455,4.29416,-1.98902
2456,4.46741,-1.81577
2457,4.46741,-1.81577
2458,4.46741,-1.81577
2459,4.46741,-1.81577
2460,4.33188,-1.9513
2461,4.33188,-1.9513
2462,4.17197,-2.11122
2463,4.17197,-2.11122
2464,4.17197,-2.11122
2465,4.17197,-2.11122
2466,4.17197,-2.11122
2467,4.87754,-1.40565
2468,4.87754,-1.40565
2469,4.87754,-1.40565
2470,4.87754,-1.40565
2471,4.54724,-1.73595
2472,4.54724,-1.73595
2473,4.54724,-1.73595
2474,4.33188,-1.9513
2475,4.33188,-1.9513
2476,4.17197,-2.11122
2477,4.17197,-2.11122
2478,3.7296,-2.55359
2479,3.7296,-2.55359
2480,3.7296,-2.55359
2481,4.51499,-1.76819
2482,4.51499,-1.76819
2483,4.51499,-1.76819
2484,4.90978,-1.3734
2485,4.90978,-1.3734
2486,5.38713,-0.896055
2487,5.38713,-0.896055
2488,5.38713,-0.896055
2489,5.60844,-0.674741
2490,5.60844,-0.674741
2491,5.60844,-0.674741
2492,5.60844,-0.674741
2493,5.60844,-0.674741
2494,5.60844,-0.674741
2495,5.60844,-0.674741
2496,5.60844,-0.674741
2497,4.17197,-2.11122
2498,4.17197,-2.11122
2499,4.17197,-2.11122
2500,4.17197,-2.11122
2501,4.17197,-2.11122
2502,4.17197,-2.11122
2503,4.17197,-2.11122
2504,5.35589,-0.927295
2505,5.35589,-0.927295
2506,5.35589,-0.927295
2507,5.35589,-0.927295
2508,5.35589,-0.927295
2509,5.35589,-0.927295
2510,5.35589,-0.927295
2511,4.33188,-1.9513
2512,4.33188,-1.9513
2513,4.33188,-1.9513
2514,4.33188,-1.9513
2515,4.33188,-1.9513
2516,4.33188,-1.9513
2517,4.33188,-1.9513
2518,4.33188,-1.9513
2519,3.60524,-2.67795
2520,3.60524,-2.67795
2521,3.60524,-2.67795
2522,3.60524,-2.67795
2523,3.60524,-2.67795
2524,3.60524,-2.67795
2525,5.69518,-0.588003
2526,5.69518,-0.588003
2527,6.08579,-0.197396
2528,6.08579,-0.197396
2529,6.08579,-0.197396
2530,6.08579,-0.197396
2531,6.08579,-0.197396
2532,5.03414,-1.24905
2533,5.03414,-1.24905
2534,4.39064,-1.89255
2535,4.39064,-1.89255
2536,4.39064,-1.89255
2537,5.35589,-0.927295
2538,5.35589,-0.927295
2539,5.35589,-0.927295
2540,5.63968,-0.643501
2541,5.63968,-0.643501
2542,5.63968,-0.643501
2543,5.63968,-0.643501
2544,4.95737,-1.32582
2545,4.95737,-1.32582
2546,4.46741,-1.81577
2547,4.46741,-1.81577
2548,4.33188,-1.9513
2549,4.33188,-1.9513
2550,4.33188,-1.9513
2551,4.33188,-1.9513
2552,4.57049,-1.71269
2553,4.57049,-1.71269
2554,4.57049,-1.71269
2555,4.57049,-1.71269
2556,4.85429,-1.4289
2557,4.85429,-1.4289
2558,4.85429,-1.4289
2559,5.81954,-0.463648
2560,5.81954,-0.463648
2561,4.95737,-1.32582
2562,4.95737,-1.32582
2563,4.95737,-1.32582
2564,4.95737,-1.32582
2565,6.14129,-0.141897
2566,6.14129,-0.141897
2567,6.14129,-0.141897
2568,6.14129,-0.141897
2569,6.14129,-0.141897
2570,6.14129,-0.141897
2571,6.14129,-0.141897
2572,5.69518,-0.588003
2573,5.30039,-0.982794
2574,4.77114,-1.51204
2575,4.77114,-1.51204
2576,4.77114,-1.51204
2577,4.77114,-1.51204
2578,4.77114,-1.51204
2579,4.77114,-1.51204
2580,4.77114,-1.51204
2581,4.77114,-1.51204
2582,4.77114,-1.51204
2583,4.65363,-1.62955
2584,4.65363,-1.62955
2585,4.65363,-1.62955
2586,4.65363,-1.62955
2587,4.65363,-1.62955
2588,4.65363,-1.62955
2589,4.65363,-1.62955
2590,4.65363,-1.62955
2591,4.49372,-1.78947
2592,4.49372,-1.78947
2593,4.49372,-1.78947
2594,4.49372,-1.78947
2595,4.49372,-1.78947
2596,4.3176,-1.96559
2597,4.3176,-1.96559
2598,4.3176,-1.96559
2599,4.3176,-1.96559
2600,4.3176,-1.96559
2601,4.3176,-1.96559
2602,4.3176,-1.96559
2603,4.3176,-1.96559
2604,4.3176,-1.96559
2605,4.3176,-1.96559
2606,4.19324,-2.08994
2607,4.19324,-2.08994
2608,4.19324,-2.08994
2609,4.00376,-2.27942
2610,4.00376,-2.27942
2611,4.00376,-2.27942
2612,4.00376,-2.27942
2613,4.00376,-2.27942
2614,4.00376,-2.27942
2615,4.00376,-2.27942
2616,4.00376,-2.27942
2617,4.00376,-2.27942
2618,4.00376,-2.27942
2619,4.00376,-2.27942
2620,4.54724,-1.73595
2621,4.54724,-1.73595
2622,4.54724,-1.73595
2623,4.54724,-1.73595
2624,4.54724,-1.73595
2625,4.54724,-1.73595
2626,4.43409,-1.8491
2627,4.43409,-1.8491
2628,4.43409,-1.8491
2629,4.43409,-1.8491
2630,4.17197,-2.11122
2631,4.17197,-2.11122
2632,4.17197,-2.11122
2633,4.17197,-2.11122
2634,4.17197,-2.11122
2635,4.33188,-1.9513
2636,4.54724,-1.73595
2637,4.54724,-1.73595
2638,4.54724,-1.73595
2639,4.54724,-1.73595
2640,4.54724,-1.73595
2641,4.54724,-1.73595
2642,4.33188,-1.9513
2643,4.33188,-1.9513
2644,4.17197,-2.11122
2645,4.17197,-2.11122
2646,4.17197,-2.11122
2647,4.17197,-2.11122
2648,4.51499,-1.76819
2649,4.51499,-1.76819
2650,4.51499,-1.76819
2651,4.51499,-1.76819
2652,4.51499,-1.76819
2653,4.33188,-1.9513
2654,4.33188,-1.9513
2655,4.33188,-1.9513
2656,4.33188,-1.9513
2657,4.33188,-1.9513
2658,4.33188,-1.9513
2659,4.33188,-1.9513
2660,4.33188,-1.9513
2661,2.35619,2.35619
2662,2.35619,2.35619
2663,4.06889,-2.2143
2664,4.06889,-2.2143
2665,4.06889,-2.2143
2666,4.06889,-2.2143
2667,4.39064,-1.89255
2668,4.39064,-1.89255
2669,4.39064,-1.89255
2670,4.39064,-1.89255
2671,4.39064,-1.89255
2672,4.39064,-1.89255
2673,4.39064,-1.89255
2674,4.09214,-2.19105
2675,4.09214,-2.19105
2676,4.09214,-2.19105
2677,4.09214,-2.19105
2678,4.09214,-2.19105
2679,4.09214,-2.19105
2680,4.09214,-2.19105
2681,4.09214,-2.19105
2682,4.09214,-2.19105
2683,4.09214,-2.19105
2684,4.09214,-2.19105
2685,4.09214,-2.19105
2686,4.09214,-2.19105
2687,4.09214,-2.19105
2688,4.09214,-2.19105
2689,4.09214,-2.19105
2690,4.09214,-2.19105
2691,4.09214,-2.19105
2692,3.7296,-2.55359
2693,3.46334,-2.81984
2694,3.46334,-2.81984
2695,3.46334,-2.81984
2696,3.7296,-2.55359
2697,4.12439,-2.1588
2698,4.12439,-2.1588
2699,4.12439,-2.1588
