#Grabcut execution time: 0s 366ms 366348us 
0.0000              48.6853             
1.0000              30.2358             
2.0000              28.5015             
3.0000              28.7881             
4.0000              29.0174             
5.0000              29.2276             
6.0000              29.0977             
7.0000              29.2391             
8.0000              29.1412             
9.0000              29.5183             
10.0000             29.1107             
11.0000             29.2325             
12.0000             28.7947             
13.0000             29.2000             
14.0000             28.8832             
15.0000             29.1798             
16.0000             29.3358             
17.0000             29.4377             
18.0000             29.1446             
19.0000             28.8881             
20.0000             29.2909             
21.0000             29.3928             
22.0000             28.9843             
23.0000             29.4401             
24.0000             29.2733             
25.0000             29.0822             
26.0000             29.2367             
27.0000             29.2210             
28.0000             28.9745             
29.0000             29.1478             
30.0000             29.3524             
31.0000             29.3524             
#Execution time: 114s 114196ms 114196147us 
