#Grabcut execution time: 0s 342ms 342679us 
0.0000              45.9883             
1.0000              28.8909             
2.0000              27.2078             
3.0000              27.0064             
4.0000              27.3900             
5.0000              27.0457             
6.0000              27.1702             
7.0000              27.1716             
8.0000              27.3930             
9.0000              27.3156             
10.0000             27.2420             
11.0000             27.4143             
12.0000             27.2579             
13.0000             27.3857             
14.0000             27.4900             
15.0000             27.3697             
16.0000             27.4667             
17.0000             27.4164             
18.0000             27.4843             
19.0000             27.4245             
20.0000             27.5422             
21.0000             27.4021             
22.0000             27.5756             
23.0000             27.4411             
24.0000             27.6359             
25.0000             27.4451             
26.0000             27.6410             
27.0000             27.4641             
28.0000             27.6503             
29.0000             27.4631             
30.0000             27.6504             
31.0000             27.6504             
#Execution time: 65s 65198ms 65198614us 
