n,tangent,t2
0,5.57456,-0.708626
1,5.57456,-0.708626
2,5.57456,-0.708626
3,5.57456,-0.708626
4,5.57456,-0.708626
5,5.57456,-0.708626
6,5.57456,-0.708626
7,5.57456,-0.708626
8,5.57456,-0.708626
9,5.57456,-0.708626
10,5.57456,-0.708626
11,5.57456,-0.708626
12,5.57456,-0.708626
13,5.42102,-0.86217
14,5.42102,-0.86217
15,5.42102,-0.86217
16,5.42102,-0.86217
17,5.42102,-0.86217
18,4.95737,-1.32582
19,4.95737,-1.32582
20,4.46741,-1.81577
21,4.46741,-1.81577
22,3.38657,-2.89661
23,3.38657,-2.89661
24,3.38657,-2.89661
25,3.38657,-2.89661
26,3.38657,-2.89661
27,5.81954,-0.463648
28,5.81954,-0.463648
29,5.03414,-1.24905
30,5.03414,-1.24905
31,5.03414,-1.24905
32,6.03821,-0.244979
33,6.03821,-0.244979
34,6.03821,-0.244979
35,6.03821,-0.244979
36,4.95737,-1.32582
37,4.95737,-1.32582
38,4.95737,-1.32582
39,4.95737,-1.32582
40,5.11728,-1.1659
41,5.11728,-1.1659
42,5.11728,-1.1659
43,5.23154,-1.05165
44,5.23154,-1.05165
45,5.23154,-1.05165
46,5.35589,-0.927295
47,5.35589,-0.927295
48,5.35589,-0.927295
49,5.35589,-0.927295
50,5.35589,-0.927295
51,4.77114,-1.51204
52,4.77114,-1.51204
53,4.77114,-1.51204
54,4.77114,-1.51204
55,4.77114,-1.51204
56,4.77114,-1.51204
57,4.77114,-1.51204
58,4.77114,-1.51204
59,4.77114,-1.51204
60,4.77114,-1.51204
61,4.77114,-1.51204
62,4.77114,-1.51204
63,4.77114,-1.51204
64,4.77114,-1.51204
65,4.77114,-1.51204
66,4.77114,-1.51204
67,4.77114,-1.51204
68,4.84494,-1.43824
69,4.84494,-1.43824
70,4.84494,-1.43824
71,4.84494,-1.43824
72,4.84494,-1.43824
73,4.84494,-1.43824
74,4.84494,-1.43824
75,4.84494,-1.43824
76,6.08579,-0.197396
77,6.08579,-0.197396
78,6.08579,-0.197396
79,6.08579,-0.197396
80,6.08579,-0.197396
81,5.69518,-0.588003
82,5.30039,-0.982794
83,4.90978,-1.3734
84,4.90978,-1.3734
85,4.90978,-1.3734
86,4.90978,-1.3734
87,4.90978,-1.3734
88,5.81954,-0.463648
89,0.588003,0.588003
90,0.588003,0.588003
91,0.588003,0.588003
92,0.588003,0.588003
93,0.321751,0.321751
94,0.321751,0.321751
95,0.321751,0.321751
96,0.694738,0.694738
97,0.694738,0.694738
98,0.694738,0.694738
99,0.694738,0.694738
100,0.694738,0.694738
101,0.694738,0.694738
102,0.694738,0.694738
103,0.694738,0.694738
104,0.694738,0.694738
105,0.110657,0.110657
106,0.110657,0.110657
107,0.110657,0.110657
108,0.110657,0.110657
109,0.110657,0.110657
110,6.17253,-0.110657
111,6.17253,-0.110657
112,6.17253,-0.110657
113,6.17253,-0.110657
114,6.10333,-0.179853
115,6.10333,-0.179853
116,6.10333,-0.179853
117,6.10333,-0.179853
118,6.10333,-0.179853
119,6.10333,-0.179853
120,6.00489,-0.2783
121,6.00489,-0.2783
122,6.00489,-0.2783
123,6.00489,-0.2783
124,5.58845,-0.694738
125,5.58845,-0.694738
126,5.58845,-0.694738
127,5.58845,-0.694738
128,5.40713,-0.876058
129,5.40713,-0.876058
130,5.40713,-0.876058
131,5.40713,-0.876058
132,5.33264,-0.950547
133,5.33264,-0.950547
134,5.33264,-0.950547
135,5.33264,-0.950547
136,5.33264,-0.950547
137,5.33264,-0.950547
138,5.33264,-0.950547
139,5.33264,-0.950547
140,5.33264,-0.950547
141,5.33264,-0.950547
142,5.33264,-0.950547
143,5.33264,-0.950547
144,5.25281,-1.03038
145,5.25281,-1.03038
146,5.07116,-1.21203
147,5.07116,-1.21203
148,5.07116,-1.21203
149,4.97864,-1.30454
150,4.97864,-1.30454
151,4.97864,-1.30454
152,4.97864,-1.30454
153,4.97864,-1.30454
154,4.97864,-1.30454
155,4.97864,-1.30454
156,4.97864,-1.30454
157,4.97864,-1.30454
158,4.97864,-1.30454
159,4.97864,-1.30454
160,5.30039,-0.982794
161,5.69518,-0.588003
162,5.96143,-0.321751
163,5.96143,-0.321751
164,5.96143,-0.321751
165,5.69518,-0.588003
166,5.30039,-0.982794
167,5.03414,-1.24905
168,5.03414,-1.24905
169,5.03414,-1.24905
170,5.69518,-0.588003
171,5.69518,-0.588003
172,5.69518,-0.588003
173,5.69518,-0.588003
174,5.69518,-0.588003
175,5.85656,-0.426627
176,5.85656,-0.426627
177,5.85656,-0.426627
178,5.85656,-0.426627
179,5.85656,-0.426627
180,5.85656,-0.426627
181,5.85656,-0.426627
182,5.85656,-0.426627
183,5.85656,-0.426627
184,5.85656,-0.426627
185,5.85656,-0.426627
186,5.85656,-0.426627
187,5.85656,-0.426627
188,5.85656,-0.426627
189,5.85656,-0.426627
190,5.85656,-0.426627
191,5.85656,-0.426627
192,5.85656,-0.426627
193,5.85656,-0.426627
194,5.78924,-0.493941
195,5.78924,-0.493941
196,5.78924,-0.493941
197,5.78924,-0.493941
198,5.78924,-0.493941
199,5.78924,-0.493941
200,5.78924,-0.493941
201,5.78924,-0.493941
202,5.78924,-0.493941
203,5.78924,-0.493941
204,5.78924,-0.493941
205,5.85078,-0.432408
206,5.85078,-0.432408
207,5.85078,-0.432408
208,5.85078,-0.432408
209,5.85078,-0.432408
210,5.85078,-0.432408
211,5.85078,-0.432408
212,6.08579,-0.197396
213,6.08579,-0.197396
214,6.08579,-0.197396
215,0.197396,0.197396
216,0.197396,0.197396
217,0.643501,0.643501
218,0.643501,0.643501
219,0.927295,0.927295
220,0.927295,0.927295
221,1.32582,1.32582
222,1.32582,1.32582
223,1.32582,1.32582
224,1.32582,1.32582
225,0.982794,0.982794
226,0.982794,0.982794
227,0.982794,0.982794
228,0.982794,0.982794
229,0.982794,0.982794
230,0.463648,0.463648
231,0.463648,0.463648
232,0.463648,0.463648
233,0.463648,0.463648
234,0.463648,0.463648
235,0.463648,0.463648
236,0.463648,0.463648
237,5.27099,-1.0122
238,5.27099,-1.0122
239,5.27099,-1.0122
240,5.27099,-1.0122
241,5.27099,-1.0122
242,5.27099,-1.0122
243,5.27099,-1.0122
244,5.27099,-1.0122
245,5.27099,-1.0122
246,5.0929,-1.19029
247,5.0929,-1.19029
248,5.0929,-1.19029
249,5.0929,-1.19029
250,5.35589,-0.927295
251,5.35589,-0.927295
252,5.63968,-0.643501
253,5.63968,-0.643501
254,6.14129,-0.141897
255,6.14129,-0.141897
256,6.14129,-0.141897
257,6.14129,-0.141897
258,0.152649,0.152649
259,0.152649,0.152649
260,0.152649,0.152649
261,0.152649,0.152649
262,0.152649,0.152649
263,0.152649,0.152649
264,0.152649,0.152649
265,0.174672,0.174672
266,0.174672,0.174672
267,0.174672,0.174672
268,0.174672,0.174672
269,0.174672,0.174672
270,0.174672,0.174672
271,0.174672,0.174672
272,0.174672,0.174672
273,0.174672,0.174672
274,0.174672,0.174672
275,0.174672,0.174672
276,0.174672,0.174672
277,0.174672,0.174672
278,0.174672,0.174672
279,0.174672,0.174672
280,0.174672,0.174672
281,0.2783,0.2783
282,0.2783,0.2783
283,0.2783,0.2783
284,0.2783,0.2783
285,0.2783,0.2783
286,0.124355,0.124355
287,0.124355,0.124355
288,0.124355,0.124355
289,0.124355,0.124355
290,0.124355,0.124355
291,0.124355,0.124355
292,0.124355,0.124355
293,0.124355,0.124355
294,0.2783,0.2783
295,0.2783,0.2783
296,0.2783,0.2783
297,0.2783,0.2783
298,0.2783,0.2783
299,0.165149,0.165149
300,0.165149,0.165149
301,0.165149,0.165149
302,0.165149,0.165149
303,0.165149,0.165149
304,0.165149,0.165149
305,0.2783,0.2783
306,0.2783,0.2783
307,0.2783,0.2783
308,0.2783,0.2783
309,0.588003,0.588003
310,0.927295,0.927295
311,0.927295,0.927295
312,0.927295,0.927295
313,0.927295,0.927295
314,0.927295,0.927295
315,0.643501,0.643501
316,0.643501,0.643501
317,0.197396,0.197396
318,0.197396,0.197396
319,0.197396,0.197396
320,6.08579,-0.197396
321,6.08579,-0.197396
322,5.90268,-0.380506
323,5.90268,-0.380506
324,5.90268,-0.380506
325,5.90268,-0.380506
326,6.08579,-0.197396
327,6.08579,-0.197396
328,6.08579,-0.197396
329,0.179853,0.179853
330,0.179853,0.179853
331,0.179853,0.179853
332,0.179853,0.179853
333,0.179853,0.179853
334,0.179853,0.179853
335,0.179853,0.179853
336,0.179853,0.179853
337,0.179853,0.179853
338,0.179853,0.179853
339,0.179853,0.179853
340,0.179853,0.179853
341,0.179853,0.179853
342,0.179853,0.179853
343,0.179853,0.179853
344,0.179853,0.179853
345,0.141897,0.141897
346,0.141897,0.141897
347,0.141897,0.141897
348,0.141897,0.141897
349,0.141897,0.141897
350,0.141897,0.141897
351,0.141897,0.141897
352,0.380506,0.380506
353,0.380506,0.380506
354,0.380506,0.380506
355,0.380506,0.380506
356,0.0906599,0.0906599
357,0.0906599,0.0906599
358,0.0906599,0.0906599
359,0.0906599,0.0906599
360,0.0906599,0.0906599
361,0.0906599,0.0906599
362,0.0906599,0.0906599
363,0.0906599,0.0906599
364,0.0906599,0.0906599
365,0.0906599,0.0906599
366,0.0906599,0.0906599
367,0.152649,0.152649
368,0.152649,0.152649
369,0.152649,0.152649
370,0.152649,0.152649
371,0.152649,0.152649
372,0.152649,0.152649
373,0.152649,0.152649
374,0.708626,0.708626
375,0.708626,0.708626
376,0.708626,0.708626
377,0.708626,0.708626
378,0.708626,0.708626
379,0.86217,0.86217
380,0.86217,0.86217
381,0.86217,0.86217
382,0.86217,0.86217
383,0.86217,0.86217
384,0.950547,0.950547
385,0.950547,0.950547
386,0.950547,0.950547
387,1.0122,1.0122
388,1.0122,1.0122
389,1.0122,1.0122
390,1.0122,1.0122
391,1.0122,1.0122
392,1.0122,1.0122
393,1.0122,1.0122
394,0.463648,0.463648
395,0.463648,0.463648
396,0.982794,0.982794
397,0.982794,0.982794
398,0.982794,0.982794
399,0.588003,0.588003
400,0.244979,0.244979
401,0.244979,0.244979
402,0.244979,0.244979
403,0.244979,0.244979
404,0.404892,0.404892
405,0.404892,0.404892
406,0.404892,0.404892
407,0.404892,0.404892
408,0.404892,0.404892
409,0.404892,0.404892
410,0.404892,0.404892
411,0.348771,0.348771
412,0.348771,0.348771
413,0.348771,0.348771
414,0.348771,0.348771
415,0.291457,0.291457
416,0.291457,0.291457
417,0.291457,0.291457
418,0.291457,0.291457
419,0.197396,0.197396
420,0.197396,0.197396
421,0.197396,0.197396
422,0.197396,0.197396
423,0.197396,0.197396
424,0.197396,0.197396
425,0.197396,0.197396
426,0.197396,0.197396
427,0.197396,0.197396
428,0.197396,0.197396
429,0.197396,0.197396
430,0.643501,0.643501
431,0.643501,0.643501
432,0.950547,0.950547
433,0.950547,0.950547
434,0.950547,0.950547
435,0.950547,0.950547
436,0.950547,0.950547
437,1.0122,1.0122
438,1.0122,1.0122
439,1.0122,1.0122
440,1.0122,1.0122
441,1.0122,1.0122
442,1.0122,1.0122
443,1.0122,1.0122
444,0.927295,0.927295
445,0.927295,0.927295
446,0.620249,0.620249
447,0.620249,0.620249
448,0.620249,0.620249
449,0.620249,0.620249
450,0.620249,0.620249
451,0.620249,0.620249
452,0.620249,0.620249
453,0.165149,0.165149
454,0.165149,0.165149
455,0.165149,0.165149
456,0.165149,0.165149
457,0.165149,0.165149
458,0.165149,0.165149
459,0.588003,0.588003
460,1.03038,1.03038
461,1.03038,1.03038
462,1.03038,1.03038
463,1.21203,1.21203
464,1.21203,1.21203
465,1.21203,1.21203
466,1.21203,1.21203
467,1.21203,1.21203
468,1.21203,1.21203
469,1.21203,1.21203
470,1.21203,1.21203
471,0.927295,0.927295
472,0.927295,0.927295
473,0.643501,0.643501
474,0.643501,0.643501
475,0.141897,0.141897
476,0.141897,0.141897
477,0.141897,0.141897
478,0.141897,0.141897
479,0.141897,0.141897
480,0.141897,0.141897
481,0.141897,0.141897
482,0.2783,0.2783
483,0.2783,0.2783
484,0.2783,0.2783
485,0.2783,0.2783
486,0.753151,0.753151
487,0.753151,0.753151
488,0.753151,0.753151
489,0.753151,0.753151
490,0.753151,0.753151
491,0.753151,0.753151
492,0.753151,0.753151
493,0.753151,0.753151
494,0.753151,0.753151
495,0.753151,0.753151
496,0.753151,0.753151
497,0.753151,0.753151
498,0.753151,0.753151
499,0.753151,0.753151
500,0.753151,0.753151
501,0.753151,0.753151
502,0.753151,0.753151
503,0.753151,0.753151
504,0.753151,0.753151
505,0.753151,0.753151
506,0.753151,0.753151
507,0.753151,0.753151
508,0.753151,0.753151
509,0.753151,0.753151
510,0.753151,0.753151
511,0.753151,0.753151
512,0.753151,0.753151
513,0.753151,0.753151
514,0.753151,0.753151
515,0.54042,0.54042
516,0.54042,0.54042
517,0.54042,0.54042
518,0.54042,0.54042
519,0.54042,0.54042
520,0.674741,0.674741
521,0.674741,0.674741
522,0.674741,0.674741
523,0.896055,0.896055
524,0.896055,0.896055
525,0.896055,0.896055
526,1.24905,1.24905
527,1.24905,1.24905
528,1.24905,1.24905
529,0.876058,0.876058
530,0.876058,0.876058
531,0.876058,0.876058
532,0.876058,0.876058
533,0.694738,0.694738
534,0.694738,0.694738
535,0.694738,0.694738
536,0.694738,0.694738
537,0.694738,0.694738
538,0.694738,0.694738
539,0.694738,0.694738
540,0.982794,0.982794
541,1.24905,1.24905
542,1.24905,1.24905
543,1.81577,1.81577
544,1.81577,1.81577
545,1.81577,1.81577
546,1.81577,1.81577
547,1.81577,1.81577
548,1.81577,1.81577
549,1.9513,1.9513
550,1.9513,1.9513
551,1.9513,1.9513
552,1.9513,1.9513
553,1.81577,1.81577
554,1.81577,1.81577
555,1.32582,1.32582
556,1.32582,1.32582
557,0.165149,0.165149
558,0.165149,0.165149
559,0.165149,0.165149
560,6.11804,-0.165149
561,6.11804,-0.165149
562,6.11804,-0.165149
563,5.90268,-0.380506
564,5.90268,-0.380506
565,5.90268,-0.380506
566,5.90268,-0.380506
567,6.03821,-0.244979
568,6.03821,-0.244979
569,0.244979,0.244979
570,0.244979,0.244979
571,0.588003,0.588003
572,0.982794,0.982794
573,1.32582,1.32582
574,1.32582,1.32582
575,1.66146,1.66146
576,1.66146,1.66146
577,1.66146,1.66146
578,1.66146,1.66146
579,1.66146,1.66146
580,1.66146,1.66146
581,1.66146,1.66146
582,1.66146,1.66146
583,1.66146,1.66146
584,1.51821,1.51821
585,1.51821,1.51821
586,1.51821,1.51821
587,1.51821,1.51821
588,1.51821,1.51821
589,1.51821,1.51821
590,1.51821,1.51821
591,1.51821,1.51821
592,1.51821,1.51821
593,1.51821,1.51821
594,1.51821,1.51821
595,1.51821,1.51821
596,1.51821,1.51821
597,1.51821,1.51821
598,1.51821,1.51821
599,1.51821,1.51821
600,1.62338,1.62338
601,1.62338,1.62338
602,1.62338,1.62338
603,1.62338,1.62338
604,1.62338,1.62338
605,1.62338,1.62338
606,1.62338,1.62338
607,1.62338,1.62338
608,1.62338,1.62338
609,1.62338,1.62338
610,1.62338,1.62338
611,1.62338,1.62338
612,1.32582,1.32582
613,1.32582,1.32582
614,0.927295,0.927295
615,0.927295,0.927295
616,0.927295,0.927295
617,0.927295,0.927295
618,0.927295,0.927295
619,1.43824,1.43824
620,1.43824,1.43824
621,1.43824,1.43824
622,1.43824,1.43824
623,1.43824,1.43824
624,1.43824,1.43824
625,1.43824,1.43824
626,1.43824,1.43824
627,1.50423,1.50423
628,1.50423,1.50423
629,1.50423,1.50423
630,1.50423,1.50423
631,1.50423,1.50423
632,1.50423,1.50423
633,1.50423,1.50423
634,1.50423,1.50423
635,1.63736,1.63736
636,1.63736,1.63736
637,1.63736,1.63736
638,1.63736,1.63736
639,1.63736,1.63736
640,1.63736,1.63736
641,1.63736,1.63736
642,2.1588,2.1588
643,2.1588,2.1588
644,2.1588,2.1588
645,1.89255,1.89255
646,1.89255,1.89255
647,1.89255,1.89255
648,2.1588,2.1588
649,2.55359,2.55359
650,2.55359,2.55359
651,2.55359,2.55359
652,1.81577,1.81577
653,1.81577,1.81577
654,1.81577,1.81577
655,1.81577,1.81577
656,2.2143,2.2143
657,2.2143,2.2143
658,2.49809,2.49809
659,2.49809,2.49809
660,2.60117,2.60117
661,2.60117,2.60117
662,2.76109,2.76109
663,2.9442,2.9442
664,2.9442,2.9442
665,2.9442,2.9442
666,2.9442,2.9442
667,2.9442,2.9442
668,2.76109,2.76109
669,2.76109,2.76109
670,2.60117,2.60117
671,2.60117,2.60117
672,2.60117,2.60117
673,2.60117,2.60117
674,2.86329,2.86329
675,2.86329,2.86329
676,2.86329,2.86329
677,2.86329,2.86329
678,2.9997,2.9997
679,2.9997,2.9997
680,2.9997,2.9997
681,2.9997,2.9997
682,2.9997,2.9997
683,2.9997,2.9997
684,2.9997,2.9997
685,2.9997,2.9997
686,0.785398,0.785398
687,0.785398,0.785398
688,2.97644,2.97644
689,2.97644,2.97644
690,2.97644,2.97644
691,2.97644,2.97644
692,2.97644,2.97644
693,2.97644,2.97644
694,2.58299,2.58299
695,2.58299,2.58299
696,2.58299,2.58299
697,2.58299,2.58299
698,2.58299,2.58299
699,2.58299,2.58299
700,2.58299,2.58299
701,2.58299,2.58299
702,2.58299,2.58299
703,2.58299,2.58299
704,2.58299,2.58299
705,2.58299,2.58299
706,2.58299,2.58299
707,2.49809,2.49809
708,2.49809,2.49809
709,2.49809,2.49809
710,2.49809,2.49809
711,2.49809,2.49809
712,2.60117,2.60117
713,2.60117,2.60117
714,2.76109,2.76109
715,2.89661,2.89661
716,2.89661,2.89661
717,2.89661,2.89661
718,2.89661,2.89661
719,2.46685,2.46685
720,2.46685,2.46685
721,2.46685,2.46685
722,2.46685,2.46685
723,2.46685,2.46685
724,2.46685,2.46685
725,2.46685,2.46685
726,2.60117,2.60117
727,2.60117,2.60117
728,2.60117,2.60117
729,2.60117,2.60117
730,2.60117,2.60117
731,2.03444,2.03444
732,2.03444,2.03444
733,2.89661,2.89661
734,2.89661,2.89661
735,2.89661,2.89661
736,2.89661,2.89661
737,2.55359,2.55359
738,2.1588,2.1588
739,2.1588,2.1588
740,2.1588,2.1588
741,2.89661,2.89661
742,2.89661,2.89661
743,2.89661,2.89661
744,2.89661,2.89661
745,2.7367,2.7367
746,2.7367,2.7367
747,2.7367,2.7367
748,2.62245,2.62245
749,2.62245,2.62245
750,2.62245,2.62245
751,2.46685,2.46685
752,2.46685,2.46685
753,2.46685,2.46685
754,2.46685,2.46685
755,2.46685,2.46685
756,2.46685,2.46685
757,2.46685,2.46685
758,2.60117,2.60117
759,2.60117,2.60117
760,2.60117,2.60117
761,2.60117,2.60117
762,2.60117,2.60117
763,2.60117,2.60117
764,2.60117,2.60117
765,2.60117,2.60117
766,2.60117,2.60117
767,2.60117,2.60117
768,2.03444,2.03444
769,2.03444,2.03444
770,2.9442,2.9442
771,2.9442,2.9442
772,2.9442,2.9442
773,2.9442,2.9442
774,2.9442,2.9442
775,2.76109,2.76109
776,2.76109,2.76109
777,2.60117,2.60117
778,2.44685,2.44685
779,2.44685,2.44685
780,2.44685,2.44685
781,2.44685,2.44685
782,2.26553,2.26553
783,2.26553,2.26553
784,2.26553,2.26553
785,2.26553,2.26553
786,2.26553,2.26553
787,2.26553,2.26553
788,2.81984,2.81984
789,2.81984,2.81984
790,2.81984,2.81984
791,2.03444,2.03444
792,2.03444,2.03444
793,2.9442,2.9442
794,2.9442,2.9442
795,2.9442,2.9442
796,3.36839,-2.91479
797,3.36839,-2.91479
798,3.36839,-2.91479
799,3.36839,-2.91479
800,3.36839,-2.91479
801,3.36839,-2.91479
802,3.36839,-2.91479
803,3.4022,-2.88099
804,3.4022,-2.88099
805,3.4022,-2.88099
806,3.4022,-2.88099
807,3.4022,-2.88099
808,3.4022,-2.88099
809,3.4022,-2.88099
810,3.4022,-2.88099
811,3.4022,-2.88099
812,3.4022,-2.88099
813,3.35269,-2.9305
814,3.35269,-2.9305
815,3.35269,-2.9305
816,3.35269,-2.9305
817,3.35269,-2.9305
818,3.35269,-2.9305
819,3.35269,-2.9305
820,3.35269,-2.9305
821,3.35269,-2.9305
822,3.35269,-2.9305
823,3.35269,-2.9305
824,3.35269,-2.9305
825,3.35269,-2.9305
826,3.35269,-2.9305
827,3.32145,-2.96174
828,3.32145,-2.96174
829,3.32145,-2.96174
830,3.32145,-2.96174
831,3.32145,-2.96174
832,3.32145,-2.96174
833,2.97644,2.97644
834,2.97644,2.97644
835,2.97644,2.97644
836,2.55359,2.55359
837,2.55359,2.55359
838,2.55359,2.55359
839,0.321751,0.321751
840,0.321751,0.321751
841,0.321751,0.321751
842,0.588003,0.588003
843,0.982794,0.982794
844,0.982794,0.982794
845,2.1588,2.1588
846,2.1588,2.1588
847,2.1588,2.1588
848,2.1588,2.1588
849,2.1588,2.1588
850,2.1588,2.1588
851,2.1588,2.1588
852,2.1588,2.1588
853,2.1588,2.1588
854,1.76819,1.76819
855,1.76819,1.76819
856,1.76819,1.76819
857,1.76819,1.76819
858,1.76819,1.76819
859,3.04192,3.04192
860,3.04192,3.04192
861,3.04192,3.04192
862,3.04192,3.04192
863,3.04192,3.04192
864,3.24126,-3.04192
865,3.24126,-3.04192
866,3.24126,-3.04192
867,3.24126,-3.04192
868,3.24126,-3.04192
869,3.41989,-2.86329
870,3.41989,-2.86329
871,3.50036,-2.78282
872,3.50036,-2.78282
873,3.56822,-2.71497
874,3.56822,-2.71497
875,3.56822,-2.71497
876,3.56822,-2.71497
877,3.56822,-2.71497
878,3.56822,-2.71497
879,3.56822,-2.71497
880,3.56822,-2.71497
881,3.56822,-2.71497
882,3.56822,-2.71497
883,3.56822,-2.71497
884,3.56822,-2.71497
885,3.56822,-2.71497
886,3.56822,-2.71497
887,2.35619,2.35619
888,2.35619,2.35619
889,4.24874,-2.03444
890,5.17604,-1.10715
891,5.17604,-1.10715
892,5.17604,-1.10715
893,3.78509,-2.49809
894,3.78509,-2.49809
895,3.78509,-2.49809
896,3.78509,-2.49809
897,3.78509,-2.49809
898,3.78509,-2.49809
899,3.78509,-2.49809
900,4.12439,-2.1588
901,4.39064,-1.89255
902,4.39064,-1.89255
903,4.39064,-1.89255
904,4.03765,-2.24554
905,4.03765,-2.24554
906,4.03765,-2.24554
907,3.81633,-2.46685
908,3.81633,-2.46685
909,3.81633,-2.46685
910,3.38657,-2.89661
911,3.38657,-2.89661
912,3.38657,-2.89661
913,3.38657,-2.89661
914,3.38657,-2.89661
915,3.38657,-2.89661
916,3.38657,-2.89661
917,2.89661,2.89661
918,2.89661,2.89661
919,2.46685,2.46685
920,2.46685,2.46685
921,2.46685,2.46685
922,2.46685,2.46685
923,2.46685,2.46685
924,2.46685,2.46685
925,2.46685,2.46685
926,2.60117,2.60117
927,2.60117,2.60117
928,2.60117,2.60117
929,2.60117,2.60117
930,2.60117,2.60117
931,2.60117,2.60117
932,2.60117,2.60117
933,2.60117,2.60117
934,2.89661,2.89661
935,2.89661,2.89661
936,3.38657,-2.89661
937,3.38657,-2.89661
938,3.7296,-2.55359
939,3.7296,-2.55359
940,3.7296,-2.55359
941,3.7296,-2.55359
942,2.55359,2.55359
943,2.55359,2.55359
944,2.55359,2.55359
945,2.55359,2.55359
946,2.55359,2.55359
947,3.7296,-2.55359
948,3.7296,-2.55359
949,4.12439,-2.1588
950,4.12439,-2.1588
951,5.17604,-1.10715
952,5.69518,-0.588003
953,5.69518,-0.588003
954,5.69518,-0.588003
955,5.69518,-0.588003
956,5.69518,-0.588003
957,4.12439,-2.1588
958,4.12439,-2.1588
959,4.12439,-2.1588
960,4.12439,-2.1588
961,5.17604,-1.10715
962,5.81954,-0.463648
963,5.81954,-0.463648
964,5.81954,-0.463648
965,3.81633,-2.46685
966,3.81633,-2.46685
967,3.81633,-2.46685
968,3.81633,-2.46685
969,3.81633,-2.46685
970,3.81633,-2.46685
971,3.32145,-2.96174
972,3.32145,-2.96174
973,3.32145,-2.96174
974,3.32145,-2.96174
975,3.32145,-2.96174
976,3.32145,-2.96174
977,3.32145,-2.96174
978,3.32145,-2.96174
979,3.32145,-2.96174
980,3.32145,-2.96174
981,3.32145,-2.96174
982,3.32145,-2.96174
983,3.7296,-2.55359
984,3.7296,-2.55359
985,3.7296,-2.55359
986,3.41989,-2.86329
987,3.41989,-2.86329
988,3.41989,-2.86329
989,3.41989,-2.86329
990,3.25225,-3.03094
991,3.25225,-3.03094
992,3.25225,-3.03094
993,3.25225,-3.03094
994,3.25225,-3.03094
995,3.25225,-3.03094
996,3.25225,-3.03094
997,3.25225,-3.03094
998,3.25225,-3.03094
999,3.29424,-2.98894
1000,3.29424,-2.98894
1001,3.29424,-2.98894
1002,3.29424,-2.98894
1003,3.29424,-2.98894
1004,3.29424,-2.98894
1005,3.29424,-2.98894
1006,4.12439,-2.1588
1007,4.12439,-2.1588
1008,4.12439,-2.1588
1009,3.78509,-2.49809
1010,3.78509,-2.49809
1011,3.78509,-2.49809
1012,3.78509,-2.49809
1013,3.78509,-2.49809
1014,3.78509,-2.49809
1015,3.78509,-2.49809
1016,3.78509,-2.49809
1017,3.78509,-2.49809
1018,2.35619,2.35619
1019,2.35619,2.35619
1020,3.86823,-2.41495
1021,3.86823,-2.41495
1022,3.86823,-2.41495
1023,3.86823,-2.41495
1024,3.86823,-2.41495
1025,3.86823,-2.41495
1026,3.86823,-2.41495
1027,3.86823,-2.41495
1028,3.86823,-2.41495
1029,3.86823,-2.41495
1030,3.86823,-2.41495
1031,3.86823,-2.41495
1032,3.86823,-2.41495
1033,3.86823,-2.41495
1034,3.86823,-2.41495
1035,3.84149,-2.4417
1036,3.84149,-2.4417
1037,3.84149,-2.4417
1038,3.84149,-2.4417
1039,3.84149,-2.4417
1040,3.84149,-2.4417
1041,3.84149,-2.4417
1042,3.84149,-2.4417
1043,3.84149,-2.4417
1044,3.84149,-2.4417
1045,3.84149,-2.4417
1046,3.83204,-2.45115
1047,3.83204,-2.45115
1048,3.83204,-2.45115
1049,3.83204,-2.45115
1050,3.83204,-2.45115
1051,3.83204,-2.45115
1052,3.83204,-2.45115
1053,3.83204,-2.45115
1054,3.83204,-2.45115
1055,3.83204,-2.45115
1056,3.83204,-2.45115
1057,3.83204,-2.45115
1058,3.83204,-2.45115
1059,3.83204,-2.45115
1060,3.83204,-2.45115
1061,3.83204,-2.45115
1062,3.83204,-2.45115
1063,3.83204,-2.45115
1064,3.83204,-2.45115
1065,3.83204,-2.45115
1066,3.83204,-2.45115
1067,3.83204,-2.45115
1068,3.83204,-2.45115
1069,3.83204,-2.45115
1070,3.83204,-2.45115
1071,3.83204,-2.45115
1072,2.2143,2.2143
1073,2.2143,2.2143
1074,2.2143,2.2143
1075,2.2143,2.2143
1076,1.81577,1.81577
1077,1.81577,1.81577
1078,1.32582,1.32582
1079,1.32582,1.32582
1080,1.32582,1.32582
1081,1.32582,1.32582
1082,1.32582,1.32582
1083,1.89255,1.89255
1084,2.89661,2.89661
1085,2.89661,2.89661
1086,3.43305,-2.85014
1087,3.43305,-2.85014
1088,3.43305,-2.85014
1089,3.43305,-2.85014
1090,3.43305,-2.85014
1091,3.43305,-2.85014
1092,3.49036,-2.79282
1093,3.49036,-2.79282
1094,3.49036,-2.79282
1095,3.49036,-2.79282
1096,3.49036,-2.79282
1097,3.49036,-2.79282
1098,3.49036,-2.79282
1099,3.49036,-2.79282
1100,3.49036,-2.79282
1101,3.49036,-2.79282
1102,3.49036,-2.79282
1103,3.7296,-2.55359
1104,3.7296,-2.55359
1105,3.7296,-2.55359
1106,3.7296,-2.55359
1107,3.7296,-2.55359
1108,3.7296,-2.55359
1109,4.12439,-2.1588
1110,4.51499,-1.76819
1111,4.51499,-1.76819
1112,4.51499,-1.76819
1113,4.90978,-1.3734
1114,4.90978,-1.3734
1115,4.90978,-1.3734
1116,4.90978,-1.3734
1117,3.60524,-2.67795
1118,3.60524,-2.67795
1119,4.12439,-2.1588
1120,4.12439,-2.1588
1121,4.12439,-2.1588
1122,3.7296,-2.55359
1123,3.38657,-2.89661
1124,3.38657,-2.89661
1125,3.38657,-2.89661
1126,3.38657,-2.89661
1127,4.54724,-1.73595
1128,4.54724,-1.73595
1129,4.54724,-1.73595
1130,4.54724,-1.73595
1131,4.54724,-1.73595
1132,4.54724,-1.73595
1133,3.60524,-2.67795
1134,3.60524,-2.67795
1135,4.57049,-1.71269
1136,4.57049,-1.71269
1137,4.57049,-1.71269
1138,4.57049,-1.71269
1139,4.57049,-1.71269
1140,4.57049,-1.71269
1141,4.57049,-1.71269
1142,4.12439,-2.1588
1143,3.78509,-2.49809
1144,3.78509,-2.49809
1145,3.78509,-2.49809
1146,3.78509,-2.49809
1147,3.78509,-2.49809
1148,3.78509,-2.49809
1149,3.78509,-2.49809
1150,3.78509,-2.49809
1151,3.25225,-3.03094
1152,3.25225,-3.03094
1153,3.25225,-3.03094
1154,3.25225,-3.03094
1155,3.25225,-3.03094
1156,3.25225,-3.03094
1157,3.25225,-3.03094
1158,3.25225,-3.03094
1159,3.25225,-3.03094
1160,3.25225,-3.03094
1161,3.25225,-3.03094
1162,2.81984,2.81984
1163,2.81984,2.81984
1164,2.81984,2.81984
1165,2.81984,2.81984
1166,3.46334,-2.81984
1167,3.46334,-2.81984
1168,5.69518,-0.588003
1169,5.69518,-0.588003
1170,5.69518,-0.588003
1171,5.69518,-0.588003
1172,5.69518,-0.588003
1173,4.06889,-2.2143
1174,4.06889,-2.2143
1175,4.06889,-2.2143
1176,4.06889,-2.2143
1177,4.06889,-2.2143
1178,4.35362,-1.92957
1179,4.35362,-1.92957
1180,4.35362,-1.92957
1181,4.35362,-1.92957
1182,4.35362,-1.92957
1183,4.35362,-1.92957
1184,4.35362,-1.92957
1185,4.35362,-1.92957
1186,4.35362,-1.92957
1187,4.35362,-1.92957
1188,3.7296,-2.55359
1189,3.7296,-2.55359
1190,3.7296,-2.55359
1191,4.15379,-2.1294
1192,4.15379,-2.1294
1193,4.15379,-2.1294
1194,4.15379,-2.1294
1195,4.15379,-2.1294
1196,4.15379,-2.1294
1197,4.19324,-2.08994
1198,4.19324,-2.08994
1199,4.19324,-2.08994
1200,4.19324,-2.08994
1201,4.19324,-2.08994
1202,4.19324,-2.08994
1203,4.19324,-2.08994
1204,4.19324,-2.08994
1205,4.06889,-2.2143
1206,4.06889,-2.2143
1207,4.06889,-2.2143
1208,4.06889,-2.2143
1209,4.06889,-2.2143
1210,4.15379,-2.1294
1211,4.15379,-2.1294
1212,4.15379,-2.1294
1213,4.15379,-2.1294
1214,4.15379,-2.1294
1215,4.15379,-2.1294
1216,4.15379,-2.1294
1217,4.15379,-2.1294
1218,4.09214,-2.19105
1219,4.09214,-2.19105
1220,4.03765,-2.24554
1221,4.03765,-2.24554
1222,4.03765,-2.24554
1223,4.03765,-2.24554
1224,4.03765,-2.24554
1225,4.03765,-2.24554
1226,4.03765,-2.24554
1227,4.17197,-2.11122
1228,4.17197,-2.11122
1229,4.17197,-2.11122
1230,4.17197,-2.11122
1231,4.17197,-2.11122
1232,4.03765,-2.24554
1233,4.03765,-2.24554
1234,4.03765,-2.24554
1235,4.03765,-2.24554
1236,4.03765,-2.24554
1237,4.03765,-2.24554
1238,4.03765,-2.24554
1239,4.62173,-1.66146
1240,4.62173,-1.66146
1241,4.62173,-1.66146
1242,4.62173,-1.66146
1243,4.62173,-1.66146
1244,4.62173,-1.66146
1245,4.62173,-1.66146
1246,4.62173,-1.66146
1247,4.62173,-1.66146
1248,4.62173,-1.66146
1249,4.62173,-1.66146
