n,tangent,t2
0,5.0929,-1.19029
1,5.0929,-1.19029
2,5.0929,-1.19029
3,5.0929,-1.19029
4,5.0929,-1.19029
5,5.0929,-1.19029
6,5.0929,-1.19029
7,5.0929,-1.19029
8,5.0929,-1.19029
9,5.35589,-0.927295
10,5.35589,-0.927295
11,5.63968,-0.643501
12,5.63968,-0.643501
13,6.20004,-0.0831412
14,6.20004,-0.0831412
15,6.20004,-0.0831412
16,6.20004,-0.0831412
17,6.20004,-0.0831412
18,6.20004,-0.0831412
19,6.20004,-0.0831412
20,6.20004,-0.0831412
21,6.20004,-0.0831412
22,6.20004,-0.0831412
23,6.20004,-0.0831412
24,6.20004,-0.0831412
25,6.20004,-0.0831412
26,6.20004,-0.0831412
27,0.643501,0.643501
28,0.643501,0.643501
29,0.643501,0.643501
30,0.643501,0.643501
31,0.643501,0.643501
32,0.54042,0.54042
33,0.54042,0.54042
34,0.358771,0.358771
35,0.358771,0.358771
36,0.358771,0.358771
37,0.2783,0.2783
38,0.2783,0.2783
39,0.2783,0.2783
40,0.2783,0.2783
41,0.2783,0.2783
42,0.2783,0.2783
43,0.2783,0.2783
44,0.2783,0.2783
45,5.81954,-0.463648
46,5.81954,-0.463648
47,5.81954,-0.463648
48,0.588003,0.588003
49,0.588003,0.588003
50,0.588003,0.588003
51,0.197396,0.197396
52,0.197396,0.197396
53,0.197396,0.197396
54,6.08579,-0.197396
55,6.08579,-0.197396
56,5.69518,-0.588003
57,5.23154,-1.05165
58,5.23154,-1.05165
59,5.23154,-1.05165
60,5.23154,-1.05165
61,5.11728,-1.1659
62,5.11728,-1.1659
63,5.11728,-1.1659
64,4.99069,-1.2925
65,4.99069,-1.2925
66,4.99069,-1.2925
67,4.99069,-1.2925
68,4.99069,-1.2925
69,4.99069,-1.2925
70,4.99069,-1.2925
71,4.99069,-1.2925
72,4.99069,-1.2925
73,4.90978,-1.3734
74,4.90978,-1.3734
75,4.90978,-1.3734
76,4.90978,-1.3734
77,4.90978,-1.3734
78,5.30039,-0.982794
79,5.30039,-0.982794
80,5.30039,-0.982794
81,5.03414,-1.24905
82,5.03414,-1.24905
83,4.39064,-1.89255
84,4.39064,-1.89255
85,4.39064,-1.89255
86,4.93106,-1.35213
87,4.93106,-1.35213
88,4.93106,-1.35213
89,4.93106,-1.35213
90,4.93106,-1.35213
91,4.93106,-1.35213
92,4.87754,-1.40565
93,4.87754,-1.40565
94,4.87754,-1.40565
95,4.87754,-1.40565
96,4.87754,-1.40565
97,4.87754,-1.40565
98,4.99069,-1.2925
99,4.99069,-1.2925
100,4.99069,-1.2925
101,4.99069,-1.2925
102,5.30039,-0.982794
103,5.30039,-0.982794
104,5.30039,-0.982794
105,0.785398,0.785398
106,0.785398,0.785398
107,4.87754,-1.40565
108,4.87754,-1.40565
109,4.87754,-1.40565
110,4.87754,-1.40565
111,4.87754,-1.40565
112,4.87754,-1.40565
113,5.0929,-1.19029
114,5.0929,-1.19029
115,5.25281,-1.03038
116,5.25281,-1.03038
117,5.25281,-1.03038
118,5.25281,-1.03038
119,4.95737,-1.32582
120,4.95737,-1.32582
121,4.95737,-1.32582
122,4.95737,-1.32582
123,5.81954,-0.463648
124,5.81954,-0.463648
125,5.03414,-1.24905
126,5.03414,-1.24905
127,5.03414,-1.24905
128,5.03414,-1.24905
129,5.03414,-1.24905
130,5.03414,-1.24905
131,5.03414,-1.24905
132,5.40713,-0.876058
133,5.40713,-0.876058
134,5.40713,-0.876058
135,5.40713,-0.876058
136,5.40713,-0.876058
137,5.40713,-0.876058
138,5.40713,-0.876058
139,5.40713,-0.876058
140,5.40713,-0.876058
141,5.25281,-1.03038
142,5.25281,-1.03038
143,5.25281,-1.03038
144,5.25281,-1.03038
145,4.39064,-1.89255
146,4.39064,-1.89255
147,4.39064,-1.89255
148,4.39064,-1.89255
149,4.39064,-1.89255
150,3.60524,-2.67795
151,3.60524,-2.67795
152,4.51499,-1.76819
153,4.51499,-1.76819
154,4.51499,-1.76819
155,4.90978,-1.3734
156,4.90978,-1.3734
157,5.69518,-0.588003
158,5.69518,-0.588003
159,5.69518,-0.588003
160,5.30039,-0.982794
161,5.30039,-0.982794
162,5.30039,-0.982794
163,5.30039,-0.982794
164,5.69518,-0.588003
165,5.69518,-0.588003
166,5.69518,-0.588003
167,5.69518,-0.588003
168,5.30039,-0.982794
169,4.83674,-1.44644
170,4.83674,-1.44644
171,4.83674,-1.44644
172,4.83674,-1.44644
173,4.58803,-1.69515
174,4.58803,-1.69515
175,4.58803,-1.69515
176,4.58803,-1.69515
177,4.49372,-1.78947
178,4.49372,-1.78947
179,4.49372,-1.78947
180,4.49372,-1.78947
181,4.49372,-1.78947
182,4.17197,-2.11122
183,4.17197,-2.11122
184,4.17197,-2.11122
185,4.17197,-2.11122
186,4.17197,-2.11122
187,4.33188,-1.9513
188,4.51499,-1.76819
189,4.51499,-1.76819
190,4.51499,-1.76819
191,4.51499,-1.76819
192,4.51499,-1.76819
193,4.33188,-1.9513
194,4.33188,-1.9513
195,4.33188,-1.9513
196,4.33188,-1.9513
197,4.57049,-1.71269
198,4.57049,-1.71269
199,4.57049,-1.71269
200,4.57049,-1.71269
201,4.57049,-1.71269
202,4.57049,-1.71269
203,4.57049,-1.71269
204,4.49372,-1.78947
205,4.49372,-1.78947
206,4.49372,-1.78947
207,4.49372,-1.78947
208,4.49372,-1.78947
209,3.78509,-2.49809
210,3.78509,-2.49809
211,3.78509,-2.49809
212,3.78509,-2.49809
213,4.06889,-2.2143
214,4.06889,-2.2143
215,4.55974,-1.72345
216,4.55974,-1.72345
217,4.55974,-1.72345
218,4.55974,-1.72345
219,4.55974,-1.72345
220,4.55974,-1.72345
221,4.55974,-1.72345
222,4.55974,-1.72345
223,4.55974,-1.72345
224,4.55974,-1.72345
225,4.55974,-1.72345
226,4.78916,-1.49402
227,4.78916,-1.49402
228,4.78916,-1.49402
229,4.78916,-1.49402
230,4.78916,-1.49402
231,4.78916,-1.49402
232,4.78916,-1.49402
233,4.78916,-1.49402
234,4.78916,-1.49402
235,4.78916,-1.49402
236,4.78916,-1.49402
237,4.63562,-1.64757
238,4.63562,-1.64757
239,4.63562,-1.64757
240,4.63562,-1.64757
241,4.63562,-1.64757
242,4.63562,-1.64757
243,4.33188,-1.9513
244,4.33188,-1.9513
245,4.33188,-1.9513
246,4.33188,-1.9513
247,4.54724,-1.73595
248,4.54724,-1.73595
249,4.54724,-1.73595
250,4.54724,-1.73595
251,4.54724,-1.73595
252,4.54724,-1.73595
253,4.06889,-2.2143
254,4.06889,-2.2143
255,4.06889,-2.2143
256,4.06889,-2.2143
257,4.06889,-2.2143
258,4.42093,-1.86225
259,4.42093,-1.86225
260,4.42093,-1.86225
261,4.42093,-1.86225
262,4.42093,-1.86225
263,4.42093,-1.86225
264,4.42093,-1.86225
265,4.42093,-1.86225
266,4.62925,-1.65394
267,4.62925,-1.65394
268,4.62925,-1.65394
269,4.62925,-1.65394
270,4.62925,-1.65394
271,4.62925,-1.65394
272,4.79553,-1.48766
273,4.79553,-1.48766
274,4.79553,-1.48766
275,4.79553,-1.48766
276,4.79553,-1.48766
277,4.79553,-1.48766
278,4.80734,-1.47584
279,4.80734,-1.47584
280,4.80734,-1.47584
281,4.80734,-1.47584
282,4.80734,-1.47584
283,4.80734,-1.47584
284,4.80734,-1.47584
285,4.80734,-1.47584
286,4.80734,-1.47584
287,4.80734,-1.47584
288,4.80734,-1.47584
289,4.80734,-1.47584
290,4.80734,-1.47584
291,4.24874,-2.03444
292,4.24874,-2.03444
293,4.24874,-2.03444
294,5.17604,-1.10715
295,5.17604,-1.10715
296,5.17604,-1.10715
297,4.53254,-1.75065
298,4.53254,-1.75065
299,4.53254,-1.75065
300,4.53254,-1.75065
301,4.53254,-1.75065
302,4.53254,-1.75065
303,4.53254,-1.75065
304,4.53254,-1.75065
305,4.53254,-1.75065
306,4.53254,-1.75065
307,4.53254,-1.75065
308,4.5013,-1.78189
309,4.5013,-1.78189
310,4.5013,-1.78189
311,4.5013,-1.78189
312,4.5013,-1.78189
313,4.5013,-1.78189
314,4.44144,-1.84174
315,4.44144,-1.84174
316,4.44144,-1.84174
317,4.44144,-1.84174
318,4.44144,-1.84174
319,4.44144,-1.84174
320,4.44144,-1.84174
321,4.44144,-1.84174
322,4.44144,-1.84174
323,4.44144,-1.84174
324,4.44144,-1.84174
325,4.44144,-1.84174
326,4.44144,-1.84174
327,4.35362,-1.92957
328,4.35362,-1.92957
329,4.29416,-1.98902
330,4.29416,-1.98902
331,4.29416,-1.98902
332,4.29416,-1.98902
333,4.29416,-1.98902
334,4.29416,-1.98902
335,4.29416,-1.98902
336,4.29416,-1.98902
337,4.29416,-1.98902
338,3.38657,-2.89661
339,3.38657,-2.89661
340,3.38657,-2.89661
341,3.38657,-2.89661
342,3.38657,-2.89661
343,5.81954,-0.463648
344,5.81954,-0.463648
345,4.95737,-1.32582
346,4.95737,-1.32582
347,4.46741,-1.81577
348,4.46741,-1.81577
349,4.33188,-1.9513
350,4.33188,-1.9513
351,4.33188,-1.9513
352,4.33188,-1.9513
353,4.51499,-1.76819
354,4.51499,-1.76819
355,4.51499,-1.76819
356,4.51499,-1.76819
357,4.51499,-1.76819
358,4.33188,-1.9513
359,4.33188,-1.9513
360,4.33188,-1.9513
361,4.33188,-1.9513
362,4.64997,-1.63322
363,4.64997,-1.63322
364,4.64997,-1.63322
365,4.64997,-1.63322
366,4.64997,-1.63322
367,4.64997,-1.63322
368,4.64997,-1.63322
369,4.64997,-1.63322
370,4.64997,-1.63322
371,4.64997,-1.63322
372,4.64997,-1.63322
373,4.64997,-1.63322
374,4.64997,-1.63322
375,4.64997,-1.63322
376,4.64997,-1.63322
377,4.64997,-1.63322
378,4.64997,-1.63322
379,4.64997,-1.63322
380,4.64997,-1.63322
381,4.64997,-1.63322
382,4.64997,-1.63322
383,4.83674,-1.44644
384,4.83674,-1.44644
385,4.83674,-1.44644
386,4.83674,-1.44644
387,4.83674,-1.44644
388,4.83674,-1.44644
389,4.3075,-1.97569
390,4.3075,-1.97569
391,4.3075,-1.97569
392,4.3075,-1.97569
393,4.3075,-1.97569
394,4.3075,-1.97569
395,4.3075,-1.97569
396,4.4813,-1.80189
397,4.4813,-1.80189
398,4.4813,-1.80189
399,4.4813,-1.80189
400,4.4813,-1.80189
401,4.4813,-1.80189
402,4.4813,-1.80189
403,4.4813,-1.80189
404,4.4813,-1.80189
405,4.4813,-1.80189
406,4.4813,-1.80189
407,4.4813,-1.80189
408,4.4813,-1.80189
409,4.4813,-1.80189
410,4.4813,-1.80189
411,4.4813,-1.80189
412,4.4813,-1.80189
413,4.4813,-1.80189
414,4.4813,-1.80189
415,4.4813,-1.80189
416,4.4813,-1.80189
417,4.4813,-1.80189
418,4.4813,-1.80189
419,4.4813,-1.80189
420,4.4813,-1.80189
421,4.33188,-1.9513
422,4.33188,-1.9513
423,4.33188,-1.9513
424,4.33188,-1.9513
425,4.51499,-1.76819
426,4.51499,-1.76819
427,4.51499,-1.76819
428,4.51499,-1.76819
429,4.51499,-1.76819
430,4.09214,-2.19105
431,4.09214,-2.19105
432,4.09214,-2.19105
433,4.09214,-2.19105
434,4.09214,-2.19105
435,4.09214,-2.19105
436,4.09214,-2.19105
437,4.09214,-2.19105
438,4.09214,-2.19105
439,4.09214,-2.19105
440,4.60173,-1.68145
441,4.60173,-1.68145
442,4.60173,-1.68145
443,4.60173,-1.68145
444,4.60173,-1.68145
445,4.60173,-1.68145
446,4.60173,-1.68145
447,4.60173,-1.68145
448,4.60173,-1.68145
449,4.43409,-1.8491
450,4.43409,-1.8491
451,4.43409,-1.8491
452,4.43409,-1.8491
453,4.19324,-2.08994
454,4.19324,-2.08994
455,4.19324,-2.08994
456,4.19324,-2.08994
457,4.19324,-2.08994
458,4.19324,-2.08994
459,4.3075,-1.97569
460,4.3075,-1.97569
461,4.3075,-1.97569
462,4.35362,-1.92957
463,4.35362,-1.92957
464,4.43409,-1.8491
465,4.43409,-1.8491
466,4.57049,-1.71269
467,4.57049,-1.71269
468,4.57049,-1.71269
469,4.57049,-1.71269
470,4.57049,-1.71269
471,4.57049,-1.71269
472,4.57049,-1.71269
473,4.33188,-1.9513
474,4.33188,-1.9513
475,4.14566,-2.13753
476,4.14566,-2.13753
477,4.14566,-2.13753
478,4.14566,-2.13753
479,4.14566,-2.13753
480,4.14566,-2.13753
481,4.14566,-2.13753
482,4.14566,-2.13753
483,4.14566,-2.13753
484,4.14566,-2.13753
485,4.14566,-2.13753
486,4.14566,-2.13753
487,4.14566,-2.13753
488,4.14566,-2.13753
489,4.43409,-1.8491
490,4.43409,-1.8491
491,4.43409,-1.8491
492,4.43409,-1.8491
493,4.43409,-1.8491
494,4.43409,-1.8491
495,4.95737,-1.32582
496,4.95737,-1.32582
497,5.81954,-0.463648
498,5.81954,-0.463648
499,5.17604,-1.10715
500,4.24874,-2.03444
501,4.24874,-2.03444
502,4.24874,-2.03444
503,5.49779,-0.785398
504,5.49779,-0.785398
505,4.12439,-2.1588
506,4.12439,-2.1588
507,4.12439,-2.1588
508,4.39064,-1.89255
509,4.39064,-1.89255
510,5.0929,-1.19029
511,5.0929,-1.19029
512,5.0929,-1.19029
513,5.0929,-1.19029
514,6.20004,-0.0831412
515,6.20004,-0.0831412
516,6.20004,-0.0831412
517,6.20004,-0.0831412
518,6.20004,-0.0831412
519,6.20004,-0.0831412
520,0.0831412,0.0831412
521,0.0831412,0.0831412
522,0.0831412,0.0831412
523,0.0831412,0.0831412
524,0.0831412,0.0831412
525,0.0831412,0.0831412
526,0.152649,0.152649
527,0.152649,0.152649
528,0.152649,0.152649
529,0.152649,0.152649
530,0.152649,0.152649
531,0.152649,0.152649
532,0.152649,0.152649
533,0.218669,0.218669
534,0.218669,0.218669
535,0.218669,0.218669
536,0.218669,0.218669
537,0.218669,0.218669
538,1.19029,1.19029
539,1.19029,1.19029
540,1.19029,1.19029
541,1.32582,1.32582
542,1.32582,1.32582
543,1.81577,1.81577
544,1.81577,1.81577
545,2.67795,2.67795
546,2.67795,2.67795
547,2.2143,2.2143
548,2.2143,2.2143
549,2.2143,2.2143
550,2.2143,2.2143
551,2.2143,2.2143
552,2.2143,2.2143
553,2.2143,2.2143
554,1.81577,1.81577
555,1.81577,1.81577
556,1.32582,1.32582
557,1.32582,1.32582
558,1.32582,1.32582
559,1.32582,1.32582
560,1.32582,1.32582
561,1.32582,1.32582
562,1.32582,1.32582
563,0.982794,0.982794
564,0.588003,0.588003
565,0.588003,0.588003
566,0.588003,0.588003
567,1.15257,1.15257
568,1.15257,1.15257
569,1.15257,1.15257
570,1.15257,1.15257
571,1.15257,1.15257
572,1.15257,1.15257
573,1.15257,1.15257
574,1.15257,1.15257
575,1.15257,1.15257
576,1.35213,1.35213
577,1.35213,1.35213
578,1.35213,1.35213
579,1.35213,1.35213
580,1.35213,1.35213
581,1.5153,1.5153
582,1.5153,1.5153
583,1.5153,1.5153
584,1.5153,1.5153
585,1.5153,1.5153
586,1.5153,1.5153
587,1.5153,1.5153
588,1.5153,1.5153
589,1.5153,1.5153
590,1.5153,1.5153
591,1.5153,1.5153
592,1.5153,1.5153
593,1.5153,1.5153
594,1.5153,1.5153
595,1.5153,1.5153
596,1.5153,1.5153
597,1.5153,1.5153
598,1.5153,1.5153
599,1.2925,1.2925
600,1.2925,1.2925
601,1.2925,1.2925
602,1.2925,1.2925
603,1.2925,1.2925
604,1.3734,1.3734
605,1.3734,1.3734
606,1.3734,1.3734
607,1.3734,1.3734
608,1.3734,1.3734
609,1.30454,1.30454
610,1.30454,1.30454
611,1.30454,1.30454
612,1.30454,1.30454
613,1.30454,1.30454
614,1.30454,1.30454
615,1.30454,1.30454
616,1.30454,1.30454
617,1.35213,1.35213
618,1.35213,1.35213
619,1.40565,1.40565
620,1.40565,1.40565
621,1.40565,1.40565
622,1.40565,1.40565
623,1.40565,1.40565
624,1.40565,1.40565
625,1.35213,1.35213
626,1.35213,1.35213
627,1.35213,1.35213
628,1.30454,1.30454
629,1.30454,1.30454
630,1.30454,1.30454
631,1.30454,1.30454
632,1.30454,1.30454
633,1.30454,1.30454
634,1.30454,1.30454
635,1.30454,1.30454
636,1.30454,1.30454
637,1.30454,1.30454
638,1.30454,1.30454
639,1.30454,1.30454
640,1.30454,1.30454
641,1.30454,1.30454
642,1.30454,1.30454
643,1.30454,1.30454
644,1.27934,1.27934
645,1.27934,1.27934
646,1.27934,1.27934
647,1.27934,1.27934
648,1.22203,1.22203
649,1.22203,1.22203
650,1.22203,1.22203
651,1.22203,1.22203
652,1.20362,1.20362
653,1.20362,1.20362
654,1.20362,1.20362
655,1.20362,1.20362
656,1.17601,1.17601
657,1.17601,1.17601
658,1.17601,1.17601
659,1.15257,1.15257
660,1.15257,1.15257
661,1.15257,1.15257
662,1.15257,1.15257
663,1.15257,1.15257
664,1.0637,1.0637
665,1.0637,1.0637
666,1.0637,1.0637
667,1.0637,1.0637
668,0.927295,0.927295
669,0.927295,0.927295
670,0.927295,0.927295
671,0.927295,0.927295
672,0.927295,0.927295
673,1.05165,1.05165
674,1.05165,1.05165
675,1.05165,1.05165
676,1.1659,1.1659
677,1.1659,1.1659
678,1.1659,1.1659
679,1.22203,1.22203
680,1.22203,1.22203
681,1.22203,1.22203
682,1.22203,1.22203
683,1.27934,1.27934
684,1.27934,1.27934
685,1.27934,1.27934
686,1.27934,1.27934
687,1.48014,1.48014
688,1.48014,1.48014
689,1.48014,1.48014
690,1.48014,1.48014
691,1.48014,1.48014
692,1.48014,1.48014
693,1.48014,1.48014
694,1.48014,1.48014
695,1.48014,1.48014
696,1.48014,1.48014
697,1.48014,1.48014
698,1.43824,1.43824
699,1.43824,1.43824
700,1.43824,1.43824
701,1.43824,1.43824
702,1.43824,1.43824
703,1.43824,1.43824
704,1.43824,1.43824
705,1.43824,1.43824
706,0.982794,0.982794
707,0.982794,0.982794
708,0.982794,0.982794
709,0.982794,0.982794
710,2.35619,2.35619
711,2.35619,2.35619
712,1.21203,1.21203
713,1.21203,1.21203
714,1.21203,1.21203
715,1.21203,1.21203
716,1.21203,1.21203
717,1.21203,1.21203
718,1.21203,1.21203
719,1.21203,1.21203
720,1.21203,1.21203
721,1.21203,1.21203
722,1.21203,1.21203
723,1.21203,1.21203
724,1.32582,1.32582
725,1.32582,1.32582
726,1.32582,1.32582
727,1.32582,1.32582
728,1.17601,1.17601
729,1.17601,1.17601
730,1.17601,1.17601
731,1.17601,1.17601
732,1.17601,1.17601
733,1.17601,1.17601
734,1.17601,1.17601
735,1.17601,1.17601
736,1.17601,1.17601
737,1.17601,1.17601
738,1.17601,1.17601
739,1.20362,1.20362
740,1.20362,1.20362
741,1.20362,1.20362
742,1.20362,1.20362
743,1.20362,1.20362
744,1.2925,1.2925
745,1.2925,1.2925
746,1.2925,1.2925
747,1.2925,1.2925
748,1.2925,1.2925
749,1.2925,1.2925
750,1.2925,1.2925
751,1.2925,1.2925
752,1.21203,1.21203
753,1.21203,1.21203
754,1.21203,1.21203
755,1.21203,1.21203
756,1.21203,1.21203
757,1.21203,1.21203
758,1.40565,1.40565
759,1.40565,1.40565
760,1.40565,1.40565
761,1.40565,1.40565
762,1.40565,1.40565
763,1.40565,1.40565
764,1.03038,1.03038
765,1.03038,1.03038
766,1.03038,1.03038
767,1.03038,1.03038
768,1.03038,1.03038
769,1.15257,1.15257
770,1.15257,1.15257
771,1.15257,1.15257
772,1.15257,1.15257
773,1.15257,1.15257
774,1.15257,1.15257
775,1.15257,1.15257
776,1.15257,1.15257
777,1.15257,1.15257
778,1.0637,1.0637
779,1.0637,1.0637
780,1.0637,1.0637
781,1.0637,1.0637
782,1.0637,1.0637
783,0.588003,0.588003
784,0.380506,0.380506
785,0.380506,0.380506
786,0.380506,0.380506
787,0.380506,0.380506
788,0.380506,0.380506
789,0.380506,0.380506
790,0.380506,0.380506
791,0.380506,0.380506
792,5.07116,-1.21203
793,5.07116,-1.21203
794,5.07116,-1.21203
795,5.07116,-1.21203
796,5.07116,-1.21203
797,5.07116,-1.21203
798,5.07116,-1.21203
799,5.07116,-1.21203
800,5.07116,-1.21203
801,5.25281,-1.03038
802,5.25281,-1.03038
803,5.25281,-1.03038
804,5.25281,-1.03038
805,5.25281,-1.03038
806,5.25281,-1.03038
807,5.25281,-1.03038
808,5.25281,-1.03038
809,5.25281,-1.03038
810,5.25281,-1.03038
811,5.25281,-1.03038
812,5.25281,-1.03038
813,5.01089,-1.2723
814,5.01089,-1.2723
815,5.01089,-1.2723
816,5.01089,-1.2723
817,5.01089,-1.2723
818,5.01089,-1.2723
819,5.01089,-1.2723
820,5.01089,-1.2723
821,5.01089,-1.2723
822,5.01089,-1.2723
823,5.01089,-1.2723
824,5.01089,-1.2723
825,5.01089,-1.2723
826,5.01089,-1.2723
827,5.01089,-1.2723
828,5.01089,-1.2723
829,5.01089,-1.2723
830,4.90978,-1.3734
831,4.90978,-1.3734
832,4.90978,-1.3734
833,4.90978,-1.3734
834,4.90978,-1.3734
835,5.30039,-0.982794
836,5.30039,-0.982794
837,5.30039,-0.982794
838,5.11728,-1.1659
839,5.11728,-1.1659
840,5.11728,-1.1659
841,5.11728,-1.1659
842,5.11728,-1.1659
843,5.11728,-1.1659
844,5.23154,-1.05165
845,5.23154,-1.05165
846,5.23154,-1.05165
847,5.23154,-1.05165
848,5.23154,-1.05165
849,5.23154,-1.05165
850,5.23154,-1.05165
851,5.23154,-1.05165
852,5.23154,-1.05165
853,5.23154,-1.05165
854,5.23154,-1.05165
855,5.23154,-1.05165
856,5.23154,-1.05165
857,5.23154,-1.05165
858,5.23154,-1.05165
859,5.23154,-1.05165
860,5.23154,-1.05165
861,4.80734,-1.47584
862,4.80734,-1.47584
863,4.80734,-1.47584
864,4.80734,-1.47584
865,4.80734,-1.47584
866,4.80734,-1.47584
867,4.80734,-1.47584
868,4.80734,-1.47584
869,4.80734,-1.47584
870,4.80734,-1.47584
871,4.80734,-1.47584
872,4.74686,-1.53633
873,4.74686,-1.53633
874,4.74686,-1.53633
875,4.74686,-1.53633
876,4.74686,-1.53633
877,4.74686,-1.53633
878,4.74686,-1.53633
879,4.74686,-1.53633
880,4.74686,-1.53633
881,4.74686,-1.53633
882,4.74686,-1.53633
883,4.74686,-1.53633
884,4.74686,-1.53633
885,4.74686,-1.53633
886,4.74686,-1.53633
887,4.67792,-1.60527
888,4.67792,-1.60527
889,4.67792,-1.60527
890,4.67792,-1.60527
891,4.67792,-1.60527
892,4.67792,-1.60527
893,4.67792,-1.60527
894,4.67792,-1.60527
895,4.67792,-1.60527
896,4.67792,-1.60527
897,4.67792,-1.60527
898,4.67792,-1.60527
899,4.67792,-1.60527
900,4.67792,-1.60527
901,4.55739,-1.72579
902,4.55739,-1.72579
903,4.55739,-1.72579
904,4.55739,-1.72579
905,4.55739,-1.72579
906,4.55739,-1.72579
907,4.55739,-1.72579
908,4.55739,-1.72579
909,4.55739,-1.72579
910,4.55739,-1.72579
911,4.55739,-1.72579
912,4.55739,-1.72579
913,4.55739,-1.72579
914,4.55739,-1.72579
915,4.55739,-1.72579
916,4.55373,-1.72945
917,4.55373,-1.72945
918,4.55373,-1.72945
919,4.55373,-1.72945
920,4.55373,-1.72945
921,4.55373,-1.72945
922,4.55373,-1.72945
923,4.55373,-1.72945
924,4.55373,-1.72945
925,4.55373,-1.72945
926,4.55373,-1.72945
927,4.55373,-1.72945
928,4.55373,-1.72945
929,4.55373,-1.72945
930,4.55373,-1.72945
931,4.55373,-1.72945
932,4.55373,-1.72945
933,4.55373,-1.72945
934,4.55373,-1.72945
935,4.55373,-1.72945
936,4.55373,-1.72945
937,4.43409,-1.8491
938,4.43409,-1.8491
939,4.43409,-1.8491
940,4.43409,-1.8491
941,4.43409,-1.8491
942,4.49372,-1.78947
943,4.49372,-1.78947
944,4.49372,-1.78947
945,4.49372,-1.78947
946,4.49372,-1.78947
947,4.49372,-1.78947
948,4.49372,-1.78947
949,4.49372,-1.78947
950,4.49372,-1.78947
951,4.49372,-1.78947
952,4.28576,-1.99742
953,4.28576,-1.99742
954,4.28576,-1.99742
955,4.28576,-1.99742
956,4.28576,-1.99742
957,4.28576,-1.99742
958,4.28576,-1.99742
959,4.28576,-1.99742
960,4.28576,-1.99742
961,4.28576,-1.99742
962,4.28576,-1.99742
963,4.28576,-1.99742
964,4.28576,-1.99742
965,4.54724,-1.73595
966,4.54724,-1.73595
967,4.54724,-1.73595
968,4.87754,-1.40565
969,4.87754,-1.40565
970,4.87754,-1.40565
971,4.87754,-1.40565
972,4.87754,-1.40565
973,4.87754,-1.40565
974,4.87754,-1.40565
975,4.54724,-1.73595
976,4.54724,-1.73595
977,4.54724,-1.73595
978,4.54724,-1.73595
979,4.54724,-1.73595
980,4.54724,-1.73595
981,4.85429,-1.4289
982,4.85429,-1.4289
983,4.85429,-1.4289
984,4.85429,-1.4289
985,4.85429,-1.4289
986,4.85429,-1.4289
987,4.85429,-1.4289
988,4.85429,-1.4289
989,4.85429,-1.4289
990,4.85429,-1.4289
991,4.85429,-1.4289
992,5.35589,-0.927295
993,5.35589,-0.927295
994,5.35589,-0.927295
995,5.35589,-0.927295
996,5.35589,-0.927295
997,0.927295,0.927295
998,0.927295,0.927295
999,0.927295,0.927295
1000,0.927295,0.927295
1001,0.927295,0.927295
1002,0.927295,0.927295
1003,0.463648,0.463648
1004,0.463648,0.463648
1005,1.40565,1.40565
1006,1.40565,1.40565
1007,1.40565,1.40565
1008,1.40565,1.40565
1009,1.40565,1.40565
1010,1.40565,1.40565
1011,0.708626,0.708626
1012,0.708626,0.708626
1013,0.708626,0.708626
1014,0.708626,0.708626
1015,0.708626,0.708626
1016,0.708626,0.708626
1017,0.708626,0.708626
1018,0.86217,0.86217
1019,0.86217,0.86217
1020,0.86217,0.86217
1021,0.86217,0.86217
1022,0.86217,0.86217
1023,1.03038,1.03038
1024,1.03038,1.03038
1025,1.19029,1.19029
1026,1.48766,1.48766
1027,1.48766,1.48766
1028,1.48766,1.48766
1029,1.48766,1.48766
1030,1.48766,1.48766
1031,1.48766,1.48766
1032,1.65394,1.65394
1033,1.65394,1.65394
1034,1.65394,1.65394
1035,1.65394,1.65394
1036,1.65394,1.65394
1037,1.65394,1.65394
1038,1.65394,1.65394
1039,1.65394,1.65394
1040,1.65394,1.65394
1041,1.24905,1.24905
1042,1.24905,1.24905
1043,1.24905,1.24905
1044,1.76819,1.76819
1045,1.76819,1.76819
1046,1.76819,1.76819
1047,1.76819,1.76819
1048,1.4289,1.4289
1049,1.4289,1.4289
1050,1.4289,1.4289
1051,1.4289,1.4289
1052,1.4289,1.4289
1053,1.4289,1.4289
1054,1.4289,1.4289
1055,1.4289,1.4289
1056,1.4289,1.4289
1057,1.4289,1.4289
1058,1.39094,1.39094
1059,1.39094,1.39094
1060,1.39094,1.39094
1061,1.39094,1.39094
1062,1.39094,1.39094
1063,1.39094,1.39094
1064,1.39094,1.39094
1065,1.39094,1.39094
1066,1.39094,1.39094
1067,1.39094,1.39094
1068,1.39094,1.39094
1069,1.39094,1.39094
1070,1.39094,1.39094
1071,1.34732,1.34732
1072,1.34732,1.34732
1073,1.34732,1.34732
1074,1.34732,1.34732
1075,1.34732,1.34732
1076,1.34732,1.34732
1077,1.34732,1.34732
1078,1.34732,1.34732
1079,1.34732,1.34732
1080,1.34732,1.34732
1081,1.34732,1.34732
1082,1.34732,1.34732
1083,1.34732,1.34732
1084,1.34732,1.34732
1085,1.34732,1.34732
1086,1.34732,1.34732
1087,1.34732,1.34732
1088,1.34732,1.34732
1089,1.34732,1.34732
1090,1.34732,1.34732
1091,1.34732,1.34732
1092,1.34732,1.34732
1093,1.34732,1.34732
1094,1.34732,1.34732
1095,1.34732,1.34732
1096,1.34732,1.34732
1097,1.34732,1.34732
1098,1.2925,1.2925
1099,1.2925,1.2925
1100,1.2925,1.2925
1101,1.2925,1.2925
1102,0.982794,0.982794
1103,0.982794,0.982794
1104,0.982794,0.982794
1105,5.11728,-1.1659
1106,5.11728,-1.1659
1107,5.11728,-1.1659
1108,5.11728,-1.1659
1109,5.11728,-1.1659
1110,5.11728,-1.1659
1111,4.93919,-1.344
1112,4.93919,-1.344
1113,4.93919,-1.344
1114,4.93919,-1.344
1115,4.93919,-1.344
1116,4.93919,-1.344
1117,4.93919,-1.344
1118,4.93919,-1.344
1119,4.93919,-1.344
1120,4.93919,-1.344
1121,4.92348,-1.3597
1122,4.92348,-1.3597
1123,4.92348,-1.3597
1124,4.89224,-1.39094
1125,4.89224,-1.39094
1126,4.89224,-1.39094
1127,4.84494,-1.43824
1128,4.84494,-1.43824
1129,4.84494,-1.43824
1130,4.84494,-1.43824
1131,4.84494,-1.43824
1132,4.84494,-1.43824
1133,4.84494,-1.43824
1134,4.84494,-1.43824
1135,4.77481,-1.50838
1136,4.77481,-1.50838
1137,4.77481,-1.50838
1138,4.77481,-1.50838
1139,4.77481,-1.50838
1140,4.77481,-1.50838
1141,4.77481,-1.50838
1142,4.77481,-1.50838
1143,4.77481,-1.50838
1144,4.77481,-1.50838
1145,4.77481,-1.50838
1146,4.77481,-1.50838
1147,4.77481,-1.50838
1148,4.77481,-1.50838
1149,4.77481,-1.50838
1150,4.77481,-1.50838
1151,4.77481,-1.50838
1152,4.77481,-1.50838
1153,4.77481,-1.50838
1154,4.77481,-1.50838
1155,4.77481,-1.50838
1156,4.77481,-1.50838
1157,4.59528,-1.68791
1158,4.59528,-1.68791
1159,4.59528,-1.68791
1160,4.59528,-1.68791
1161,4.59528,-1.68791
1162,4.59528,-1.68791
1163,4.59528,-1.68791
1164,4.59528,-1.68791
1165,4.59528,-1.68791
1166,4.59528,-1.68791
1167,4.59528,-1.68791
1168,4.59528,-1.68791
1169,4.59528,-1.68791
1170,4.59528,-1.68791
1171,4.59528,-1.68791
1172,4.59528,-1.68791
1173,4.59528,-1.68791
1174,4.59528,-1.68791
1175,4.85429,-1.4289
1176,4.85429,-1.4289
1177,4.85429,-1.4289
1178,4.85429,-1.4289
1179,4.85429,-1.4289
1180,4.61272,-1.67046
1181,4.61272,-1.67046
1182,4.61272,-1.67046
1183,4.61272,-1.67046
1184,4.61272,-1.67046
1185,4.61272,-1.67046
1186,4.81206,-1.47113
1187,4.81206,-1.47113
1188,4.81206,-1.47113
1189,4.81206,-1.47113
1190,4.81206,-1.47113
1191,6.03821,-0.244979
1192,6.03821,-0.244979
1193,6.03821,-0.244979
1194,6.03821,-0.244979
1195,5.03414,-1.24905
1196,5.03414,-1.24905
1197,5.03414,-1.24905
1198,5.35589,-0.927295
1199,5.35589,-0.927295
1200,5.35589,-0.927295
1201,5.35589,-0.927295
1202,5.35589,-0.927295
1203,0.927295,0.927295
1204,0.927295,0.927295
1205,0.927295,0.927295
1206,0.927295,0.927295
1207,1.03038,1.03038
1208,1.03038,1.03038
1209,1.19029,1.19029
1210,1.19029,1.19029
1211,1.19029,1.19029
1212,1.19029,1.19029
1213,0.244979,0.244979
1214,0.244979,0.244979
1215,0.244979,0.244979
1216,0.244979,0.244979
1217,0.588003,0.588003
1218,0.982794,0.982794
1219,1.2925,1.2925
1220,1.2925,1.2925
1221,1.2925,1.2925
1222,1.2925,1.2925
1223,1.48014,1.48014
1224,1.48014,1.48014
1225,1.48014,1.48014
1226,1.48014,1.48014
1227,1.48014,1.48014
1228,1.48014,1.48014
1229,1.66146,1.66146
1230,1.66146,1.66146
1231,1.66146,1.66146
1232,1.66146,1.66146
1233,1.66146,1.66146
1234,2.1588,2.1588
1235,2.1588,2.1588
1236,2.1588,2.1588
1237,1.81577,1.81577
1238,1.81577,1.81577
1239,1.81577,1.81577
1240,1.81577,1.81577
1241,2.1588,2.1588
1242,2.1588,2.1588
1243,2.1588,2.1588
1244,1.73595,1.73595
1245,1.73595,1.73595
1246,1.73595,1.73595
1247,1.73595,1.73595
1248,1.73595,1.73595
1249,1.73595,1.73595
1250,1.78947,1.78947
1251,1.78947,1.78947
1252,1.78947,1.78947
1253,1.78947,1.78947
1254,1.78947,1.78947
1255,1.78947,1.78947
1256,1.67567,1.67567
1257,1.67567,1.67567
1258,1.67567,1.67567
1259,1.67567,1.67567
1260,1.67567,1.67567
1261,1.67567,1.67567
1262,1.67567,1.67567
1263,1.67567,1.67567
1264,1.67567,1.67567
1265,1.67567,1.67567
1266,1.65753,1.65753
1267,1.65753,1.65753
1268,1.65753,1.65753
1269,1.65753,1.65753
1270,1.65753,1.65753
1271,1.65753,1.65753
1272,1.65753,1.65753
1273,1.65753,1.65753
1274,1.65753,1.65753
1275,1.65753,1.65753
1276,1.65753,1.65753
1277,1.65753,1.65753
1278,1.65753,1.65753
1279,1.65753,1.65753
1280,1.65753,1.65753
1281,1.65753,1.65753
1282,1.65753,1.65753
1283,1.65753,1.65753
1284,1.65753,1.65753
1285,1.65753,1.65753
1286,1.65753,1.65753
1287,1.65753,1.65753
1288,1.65753,1.65753
1289,1.65753,1.65753
1290,1.65753,1.65753
1291,1.65753,1.65753
1292,1.65753,1.65753
1293,1.65753,1.65753
1294,1.44644,1.44644
1295,1.44644,1.44644
1296,1.44644,1.44644
1297,1.44644,1.44644
1298,1.44644,1.44644
1299,1.44644,1.44644
1300,1.44644,1.44644
1301,1.44644,1.44644
1302,1.44644,1.44644
1303,1.44644,1.44644
1304,1.44644,1.44644
1305,1.44644,1.44644
1306,1.2925,1.2925
1307,1.2925,1.2925
1308,1.2925,1.2925
1309,1.2925,1.2925
1310,1.2925,1.2925
1311,1.4289,1.4289
1312,1.4289,1.4289
1313,1.4289,1.4289
1314,1.4289,1.4289
1315,1.71269,1.71269
1316,1.71269,1.71269
1317,1.71269,1.71269
1318,1.71269,1.71269
1319,1.71269,1.71269
1320,1.71269,1.71269
1321,1.71269,1.71269
1322,1.71269,1.71269
1323,1.71269,1.71269
1324,1.71269,1.71269
1325,1.71269,1.71269
1326,1.8491,1.8491
1327,1.8491,1.8491
1328,1.92957,1.92957
1329,1.92957,1.92957
1330,1.92957,1.92957
1331,1.92957,1.92957
1332,2.11122,2.11122
1333,2.11122,2.11122
1334,2.11122,2.11122
1335,2.11122,2.11122
1336,1.7976,1.7976
1337,1.7976,1.7976
1338,1.7976,1.7976
1339,1.7976,1.7976
1340,1.7976,1.7976
1341,1.7976,1.7976
1342,1.7976,1.7976
1343,1.7976,1.7976
1344,1.7976,1.7976
1345,1.7976,1.7976
1346,1.73595,1.73595
1347,1.73595,1.73595
1348,1.73595,1.73595
1349,1.40565,1.40565
1350,1.40565,1.40565
1351,1.40565,1.40565
1352,1.2925,1.2925
1353,1.2925,1.2925
1354,1.21203,1.21203
1355,1.21203,1.21203
1356,1.1659,1.1659
1357,1.1659,1.1659
1358,1.1659,1.1659
1359,1.05165,1.05165
1360,1.05165,1.05165
1361,1.05165,1.05165
1362,1.05165,1.05165
1363,1.05165,1.05165
1364,1.05165,1.05165
1365,1.05165,1.05165
1366,1.05165,1.05165
1367,1.19029,1.19029
1368,1.19029,1.19029
1369,1.19029,1.19029
1370,1.78947,1.78947
1371,1.78947,1.78947
1372,1.78947,1.78947
1373,1.78947,1.78947
1374,1.78947,1.78947
1375,1.78947,1.78947
1376,1.78947,1.78947
1377,1.78947,1.78947
1378,1.78947,1.78947
1379,1.78947,1.78947
1380,1.3734,1.3734
1381,1.3734,1.3734
1382,1.3734,1.3734
1383,6.08579,-0.197396
1384,6.08579,-0.197396
1385,6.08579,-0.197396
1386,6.08579,-0.197396
1387,0.197396,0.197396
1388,0.197396,0.197396
1389,1.10715,1.10715
1390,1.10715,1.10715
1391,1.10715,1.10715
1392,5.35589,-0.927295
1393,5.35589,-0.927295
1394,5.35589,-0.927295
1395,5.35589,-0.927295
1396,5.25281,-1.03038
1397,5.25281,-1.03038
1398,5.0929,-1.19029
1399,4.81206,-1.47113
1400,4.81206,-1.47113
1401,4.81206,-1.47113
1402,4.81206,-1.47113
1403,4.81206,-1.47113
1404,4.61272,-1.67046
1405,4.61272,-1.67046
1406,4.61272,-1.67046
1407,4.61272,-1.67046
1408,4.61272,-1.67046
1409,4.06889,-2.2143
1410,4.06889,-2.2143
1411,4.06889,-2.2143
1412,4.06889,-2.2143
1413,4.06889,-2.2143
1414,4.06889,-2.2143
1415,5.17604,-1.10715
1416,5.17604,-1.10715
1417,5.17604,-1.10715
1418,4.24874,-2.03444
1419,4.24874,-2.03444
1420,5.38713,-0.896055
1421,5.38713,-0.896055
1422,5.38713,-0.896055
1423,5.38713,-0.896055
1424,5.60844,-0.674741
1425,5.60844,-0.674741
1426,5.60844,-0.674741
1427,6.11804,-0.165149
1428,6.11804,-0.165149
1429,6.11804,-0.165149
1430,6.11804,-0.165149
1431,6.11804,-0.165149
1432,6.11804,-0.165149
1433,5.69518,-0.588003
1434,5.30039,-0.982794
1435,5.0929,-1.19029
1436,5.0929,-1.19029
1437,5.0929,-1.19029
1438,5.0929,-1.19029
1439,5.0929,-1.19029
1440,5.0929,-1.19029
1441,5.0929,-1.19029
1442,4.99069,-1.2925
1443,4.99069,-1.2925
1444,4.99069,-1.2925
1445,4.99069,-1.2925
1446,4.99069,-1.2925
1447,4.99069,-1.2925
1448,5.07116,-1.21203
1449,5.07116,-1.21203
1450,5.11728,-1.1659
1451,5.11728,-1.1659
1452,5.11728,-1.1659
1453,5.23154,-1.05165
1454,5.23154,-1.05165
1455,5.23154,-1.05165
1456,5.23154,-1.05165
1457,5.23154,-1.05165
1458,5.23154,-1.05165
1459,5.23154,-1.05165
1460,5.23154,-1.05165
1461,5.07116,-1.21203
1462,5.07116,-1.21203
1463,5.07116,-1.21203
1464,4.99069,-1.2925
1465,4.99069,-1.2925
1466,4.86128,-1.42191
1467,4.86128,-1.42191
1468,4.86128,-1.42191
1469,4.86128,-1.42191
1470,4.86128,-1.42191
1471,4.86128,-1.42191
1472,4.86128,-1.42191
1473,4.86128,-1.42191
1474,4.86128,-1.42191
1475,4.86128,-1.42191
1476,4.86128,-1.42191
1477,4.84494,-1.43824
1478,4.84494,-1.43824
1479,4.84494,-1.43824
1480,4.84494,-1.43824
1481,4.80886,-1.47432
1482,4.80886,-1.47432
1483,4.80886,-1.47432
1484,4.80886,-1.47432
1485,4.80886,-1.47432
1486,4.80886,-1.47432
1487,4.80886,-1.47432
1488,4.80886,-1.47432
1489,4.80886,-1.47432
1490,4.80886,-1.47432
1491,4.80886,-1.47432
1492,4.80886,-1.47432
1493,4.80886,-1.47432
1494,4.80886,-1.47432
1495,4.80886,-1.47432
1496,4.80886,-1.47432
1497,4.80886,-1.47432
1498,4.80886,-1.47432
1499,4.80886,-1.47432
1500,4.80886,-1.47432
1501,4.80886,-1.47432
1502,4.80886,-1.47432
1503,4.79553,-1.48766
1504,4.79553,-1.48766
1505,4.79553,-1.48766
1506,4.79553,-1.48766
1507,4.79553,-1.48766
1508,4.79553,-1.48766
1509,4.62925,-1.65394
1510,4.62925,-1.65394
1511,4.62925,-1.65394
1512,4.62925,-1.65394
1513,4.62925,-1.65394
1514,4.62925,-1.65394
1515,4.12439,-2.1588
1516,4.12439,-2.1588
1517,4.12439,-2.1588
1518,4.12439,-2.1588
1519,5.03414,-1.24905
1520,5.03414,-1.24905
1521,5.03414,-1.24905
1522,4.54724,-1.73595
1523,4.54724,-1.73595
1524,4.54724,-1.73595
1525,4.54724,-1.73595
1526,4.54724,-1.73595
1527,4.87754,-1.40565
1528,4.87754,-1.40565
1529,4.87754,-1.40565
1530,4.93106,-1.35213
1531,4.93106,-1.35213
1532,4.93106,-1.35213
1533,4.97864,-1.30454
1534,4.97864,-1.30454
1535,4.97864,-1.30454
1536,4.97864,-1.30454
1537,4.97864,-1.30454
1538,4.97864,-1.30454
1539,4.97864,-1.30454
1540,4.97864,-1.30454
1541,4.58803,-1.69515
1542,4.58803,-1.69515
1543,4.58803,-1.69515
1544,4.58803,-1.69515
1545,4.58803,-1.69515
1546,4.58803,-1.69515
1547,4.83674,-1.44644
1548,4.83674,-1.44644
1549,4.83674,-1.44644
1550,4.83674,-1.44644
1551,4.89224,-1.39094
1552,4.89224,-1.39094
1553,4.89224,-1.39094
1554,4.89224,-1.39094
1555,4.89224,-1.39094
1556,4.89224,-1.39094
1557,5.30039,-0.982794
1558,5.69518,-0.588003
1559,5.96143,-0.321751
1560,5.96143,-0.321751
1561,0.321751,0.321751
1562,0.643501,0.643501
1563,0.643501,0.643501
1564,0.643501,0.643501
1565,0.643501,0.643501
1566,0.643501,0.643501
1567,0.141897,0.141897
1568,0.141897,0.141897
1569,0.141897,0.141897
1570,0.141897,0.141897
1571,0.141897,0.141897
1572,0.141897,0.141897
1573,0.141897,0.141897
1574,0.694738,0.694738
1575,0.694738,0.694738
1576,0.694738,0.694738
1577,0.694738,0.694738
1578,0.876058,0.876058
1579,0.876058,0.876058
1580,0.876058,0.876058
1581,0.876058,0.876058
1582,1.32582,1.32582
1583,1.32582,1.32582
1584,1.81577,1.81577
1585,1.81577,1.81577
1586,2.24554,2.24554
1587,2.24554,2.24554
1588,2.24554,2.24554
1589,2.24554,2.24554
1590,2.24554,2.24554
1591,2.24554,2.24554
1592,2.24554,2.24554
1593,1.71269,1.71269
1594,1.71269,1.71269
1595,1.71269,1.71269
1596,1.71269,1.71269
1597,1.4289,1.4289
1598,1.4289,1.4289
1599,1.4289,1.4289
1600,1.4289,1.4289
1601,1.4289,1.4289
1602,1.4289,1.4289
1603,1.81577,1.81577
1604,1.81577,1.81577
1605,1.9513,1.9513
1606,1.9513,1.9513
1607,1.9513,1.9513
1608,1.9513,1.9513
1609,1.9513,1.9513
1610,1.9513,1.9513
1611,1.9513,1.9513
1612,2.08994,2.08994
1613,2.08994,2.08994
1614,2.08994,2.08994
1615,2.08994,2.08994
1616,2.08994,2.08994
1617,2.08994,2.08994
1618,1.97569,1.97569
1619,1.97569,1.97569
1620,1.97569,1.97569
1621,1.92957,1.92957
1622,1.92957,1.92957
1623,1.8491,1.8491
1624,1.8491,1.8491
1625,1.75065,1.75065
1626,1.75065,1.75065
1627,1.75065,1.75065
1628,1.75065,1.75065
1629,1.75065,1.75065
1630,1.75065,1.75065
1631,1.67753,1.67753
1632,1.67753,1.67753
1633,1.67753,1.67753
1634,1.67753,1.67753
1635,1.67753,1.67753
1636,1.67753,1.67753
1637,1.67753,1.67753
1638,1.67753,1.67753
1639,1.67753,1.67753
1640,1.67753,1.67753
1641,1.67753,1.67753
1642,1.67753,1.67753
1643,1.67753,1.67753
1644,1.67753,1.67753
1645,1.67753,1.67753
1646,1.67753,1.67753
1647,1.67753,1.67753
1648,1.67753,1.67753
1649,1.67753,1.67753
1650,1.67753,1.67753
1651,1.6421,1.6421
1652,1.6421,1.6421
1653,1.6421,1.6421
1654,1.6421,1.6421
1655,1.6421,1.6421
1656,1.6421,1.6421
1657,1.6421,1.6421
1658,1.6421,1.6421
1659,1.6421,1.6421
1660,1.6421,1.6421
1661,1.6421,1.6421
1662,1.6421,1.6421
1663,1.6421,1.6421
1664,1.6421,1.6421
1665,1.6421,1.6421
1666,1.6421,1.6421
1667,1.6421,1.6421
1668,1.6421,1.6421
1669,1.6421,1.6421
1670,1.4289,1.4289
1671,1.4289,1.4289
1672,1.4289,1.4289
1673,1.39612,1.39612
1674,1.39612,1.39612
1675,1.39612,1.39612
1676,1.39612,1.39612
1677,1.39612,1.39612
1678,1.39612,1.39612
1679,1.39612,1.39612
1680,1.39612,1.39612
1681,1.39612,1.39612
1682,1.39612,1.39612
1683,1.39612,1.39612
1684,1.41815,1.41815
1685,1.41815,1.41815
1686,1.41815,1.41815
1687,1.44644,1.44644
1688,1.44644,1.44644
1689,1.44644,1.44644
1690,1.44644,1.44644
1691,1.69515,1.69515
1692,1.69515,1.69515
1693,1.69515,1.69515
1694,1.69515,1.69515
1695,2.2143,2.2143
1696,2.2143,2.2143
1697,2.2143,2.2143
1698,2.2143,2.2143
1699,2.2143,2.2143
1700,2.2143,2.2143
1701,1.10715,1.10715
1702,1.10715,1.10715
1703,1.10715,1.10715
1704,1.73595,1.73595
1705,1.73595,1.73595
1706,1.73595,1.73595
1707,1.73595,1.73595
1708,1.73595,1.73595
1709,1.73595,1.73595
1710,1.73595,1.73595
1711,1.73595,1.73595
1712,2.49809,2.49809
1713,2.49809,2.49809
1714,2.49809,2.49809
1715,2.49809,2.49809
1716,2.2143,2.2143
1717,2.2143,2.2143
1718,1.69515,1.69515
1719,1.69515,1.69515
1720,1.69515,1.69515
1721,1.69515,1.69515
1722,1.44644,1.44644
1723,1.44644,1.44644
1724,1.44644,1.44644
1725,1.44644,1.44644
1726,1.44644,1.44644
1727,1.44644,1.44644
1728,1.72345,1.72345
1729,1.72345,1.72345
1730,1.72345,1.72345
1731,1.72345,1.72345
1732,1.72345,1.72345
1733,1.72345,1.72345
1734,1.72345,1.72345
1735,1.72345,1.72345
1736,1.69515,1.69515
1737,1.69515,1.69515
1738,1.69515,1.69515
1739,1.69515,1.69515
1740,1.49949,1.49949
1741,1.49949,1.49949
1742,1.49949,1.49949
1743,1.49949,1.49949
1744,1.49949,1.49949
1745,1.49949,1.49949
1746,1.49949,1.49949
1747,1.49949,1.49949
1748,1.49949,1.49949
1749,1.49949,1.49949
1750,1.49949,1.49949
1751,1.49949,1.49949
1752,1.6421,1.6421
1753,1.6421,1.6421
1754,1.6421,1.6421
1755,1.6421,1.6421
1756,1.6421,1.6421
1757,1.6421,1.6421
1758,1.6421,1.6421
1759,1.68791,1.68791
1760,1.68791,1.68791
1761,1.68791,1.68791
1762,1.68791,1.68791
1763,1.68791,1.68791
1764,1.68791,1.68791
1765,1.68791,1.68791
1766,1.68791,1.68791
1767,1.68791,1.68791
1768,1.72345,1.72345
1769,1.72345,1.72345
1770,1.72345,1.72345
1771,1.72345,1.72345
1772,1.72345,1.72345
1773,1.72345,1.72345
1774,1.72345,1.72345
1775,2.89661,2.89661
1776,2.89661,2.89661
1777,2.89661,2.89661
1778,2.89661,2.89661
1779,1.92957,1.92957
1780,1.92957,1.92957
1781,1.92957,1.92957
1782,1.92957,1.92957
1783,1.92957,1.92957
1784,1.8491,1.8491
1785,1.8491,1.8491
1786,1.71269,1.71269
1787,1.71269,1.71269
1788,1.71269,1.71269
1789,1.71269,1.71269
1790,1.71269,1.71269
1791,1.71269,1.71269
1792,1.71269,1.71269
1793,2.67795,2.67795
1794,2.67795,2.67795
1795,2.1588,2.1588
1796,2.1588,2.1588
1797,2.1588,2.1588
1798,2.1588,2.1588
1799,2.1588,2.1588
1800,1.73595,1.73595
1801,1.73595,1.73595
1802,1.73595,1.73595
1803,1.73595,1.73595
1804,1.73595,1.73595
1805,1.73595,1.73595
1806,1.73595,1.73595
1807,1.73595,1.73595
1808,1.73595,1.73595
1809,1.3734,1.3734
1810,1.3734,1.3734
1811,1.3734,1.3734
1812,1.3734,1.3734
1813,1.3734,1.3734
1814,1.3734,1.3734
1815,1.3734,1.3734
1816,0.982794,0.982794
1817,0.982794,0.982794
1818,0.982794,0.982794
1819,5.49779,-0.785398
1820,5.49779,-0.785398
1821,1.10715,1.10715
1822,1.99742,1.99742
1823,1.99742,1.99742
1824,1.99742,1.99742
1825,1.99742,1.99742
1826,1.99742,1.99742
1827,1.99742,1.99742
1828,1.99742,1.99742
1829,1.99742,1.99742
1830,1.99742,1.99742
1831,1.99742,1.99742
1832,1.99742,1.99742
1833,2.07014,2.07014
1834,2.07014,2.07014
1835,2.07014,2.07014
1836,2.07014,2.07014
1837,2.07014,2.07014
1838,2.07014,2.07014
1839,2.07014,2.07014
1840,2.07014,2.07014
1841,2.07014,2.07014
1842,1.9513,1.9513
1843,1.9513,1.9513
1844,1.9513,1.9513
1845,1.9513,1.9513
1846,1.9513,1.9513
1847,2.11122,2.11122
1848,2.11122,2.11122
1849,2.11122,2.11122
1850,2.11122,2.11122
1851,2.11122,2.11122
1852,1.10715,1.10715
1853,1.10715,1.10715
1854,2.08994,2.08994
1855,2.08994,2.08994
1856,2.08994,2.08994
1857,2.08994,2.08994
1858,2.08994,2.08994
1859,2.08994,2.08994
1860,2.08994,2.08994
1861,2.08994,2.08994
1862,2.60117,2.60117
1863,2.60117,2.60117
1864,2.60117,2.60117
1865,2.60117,2.60117
1866,2.60117,2.60117
1867,2.60117,2.60117
1868,2.60117,2.60117
1869,2.1588,2.1588
1870,2.1588,2.1588
1871,2.1588,2.1588
1872,2.89661,2.89661
1873,2.89661,2.89661
1874,2.89661,2.89661
1875,2.89661,2.89661
1876,2.1588,2.1588
1877,2.1588,2.1588
1878,2.1588,2.1588
1879,2.55359,2.55359
1880,2.55359,2.55359
1881,2.55359,2.55359
1882,2.55359,2.55359
1883,2.1588,2.1588
1884,1.89255,1.89255
1885,1.89255,1.89255
1886,1.89255,1.89255
1887,2.76109,2.76109
1888,2.76109,2.76109
1889,2.76109,2.76109
1890,2.92292,2.92292
1891,2.92292,2.92292
1892,2.92292,2.92292
1893,2.92292,2.92292
1894,2.92292,2.92292
1895,2.92292,2.92292
1896,2.92292,2.92292
1897,2.92292,2.92292
1898,2.92292,2.92292
1899,2.92292,2.92292
1900,2.49809,2.49809
1901,2.49809,2.49809
1902,2.49809,2.49809
1903,2.49809,2.49809
1904,2.49809,2.49809
1905,2.81984,2.81984
1906,2.81984,2.81984
1907,2.81984,2.81984
1908,2.44685,2.44685
1909,2.44685,2.44685
1910,2.44685,2.44685
1911,2.44685,2.44685
1912,2.44685,2.44685
1913,2.44685,2.44685
1914,2.44685,2.44685
1915,2.44685,2.44685
1916,2.44685,2.44685
1917,2.4859,2.4859
1918,2.4859,2.4859
1919,2.4859,2.4859
1920,2.4859,2.4859
1921,2.4859,2.4859
1922,2.4859,2.4859
1923,2.4859,2.4859
1924,2.50884,2.50884
1925,2.50884,2.50884
1926,2.50884,2.50884
1927,2.50884,2.50884
1928,2.50884,2.50884
1929,2.50884,2.50884
1930,2.50884,2.50884
1931,2.50884,2.50884
1932,2.50884,2.50884
1933,2.50884,2.50884
1934,2.50884,2.50884
1935,2.50884,2.50884
1936,2.89661,2.89661
1937,2.89661,2.89661
1938,2.89661,2.89661
1939,2.89661,2.89661
1940,2.76109,2.76109
1941,2.76109,2.76109
1942,2.58299,2.58299
1943,2.58299,2.58299
1944,2.58299,2.58299
1945,2.58299,2.58299
1946,2.52134,2.52134
1947,2.52134,2.52134
1948,2.46685,2.46685
1949,2.46685,2.46685
1950,2.46685,2.46685
1951,2.23184,2.23184
1952,2.23184,2.23184
1953,2.23184,2.23184
1954,2.23184,2.23184
1955,2.23184,2.23184
1956,2.23184,2.23184
1957,2.23184,2.23184
1958,2.23184,2.23184
1959,2.23184,2.23184
1960,2.23184,2.23184
1961,2.23184,2.23184
1962,2.23184,2.23184
1963,2.23184,2.23184
1964,2.23184,2.23184
1965,0.785398,0.785398
1966,0.785398,0.785398
1967,2.18152,2.18152
1968,2.18152,2.18152
1969,2.18152,2.18152
1970,2.18152,2.18152
1971,2.18152,2.18152
1972,2.18152,2.18152
1973,2.18152,2.18152
1974,2.18152,2.18152
1975,2.18152,2.18152
1976,2.18152,2.18152
1977,2.13753,2.13753
1978,2.13753,2.13753
1979,2.13753,2.13753
1980,2.13753,2.13753
1981,2.13753,2.13753
1982,2.13753,2.13753
1983,2.13753,2.13753
1984,2.13753,2.13753
1985,2.13753,2.13753
1986,2.13753,2.13753
1987,2.13753,2.13753
1988,2.13753,2.13753
1989,2.13753,2.13753
1990,1.81577,1.81577
1991,1.81577,1.81577
1992,1.81577,1.81577
1993,1.81577,1.81577
1994,1.9513,1.9513
1995,1.9513,1.9513
1996,2.11122,2.11122
1997,2.11122,2.11122
1998,2.11122,2.11122
1999,2.11122,2.11122
2000,1.89255,1.89255
2001,1.89255,1.89255
2002,1.89255,1.89255
2003,1.89255,1.89255
2004,1.89255,1.89255
2005,0.785398,0.785398
2006,0.785398,0.785398
2007,2.35619,2.35619
2008,2.35619,2.35619
2009,2.35619,2.35619
2010,2.35619,2.35619
2011,1.24905,1.24905
2012,1.24905,1.24905
2013,1.24905,1.24905
2014,1.89255,1.89255
2015,2.81984,2.81984
2016,2.81984,2.81984
2017,2.81984,2.81984
2018,1.97569,1.97569
2019,1.97569,1.97569
2020,1.97569,1.97569
2021,1.97569,1.97569
2022,1.97569,1.97569
2023,1.97569,1.97569
2024,1.92957,1.92957
2025,1.92957,1.92957
2026,1.92957,1.92957
2027,1.92957,1.92957
2028,1.92957,1.92957
2029,1.92957,1.92957
2030,1.92957,1.92957
2031,1.92957,1.92957
2032,1.92957,1.92957
2033,1.92957,1.92957
2034,1.92957,1.92957
2035,1.8491,1.8491
2036,1.8491,1.8491
2037,1.8491,1.8491
2038,1.8491,1.8491
2039,1.8491,1.8491
2040,1.8491,1.8491
2041,1.8491,1.8491
2042,1.8491,1.8491
2043,1.8491,1.8491
2044,1.8491,1.8491
2045,1.8491,1.8491
2046,1.32582,1.32582
2047,1.32582,1.32582
2048,1.32582,1.32582
2049,1.32582,1.32582
2050,1.81577,1.81577
2051,1.81577,1.81577
2052,1.81577,1.81577
2053,1.81577,1.81577
2054,1.4289,1.4289
2055,1.4289,1.4289
2056,1.4289,1.4289
2057,1.4289,1.4289
2058,1.4289,1.4289
2059,1.4289,1.4289
2060,1.4289,1.4289
2061,1.4289,1.4289
2062,1.4289,1.4289
2063,1.4289,1.4289
2064,1.19029,1.19029
2065,1.19029,1.19029
2066,1.19029,1.19029
2067,1.19029,1.19029
2068,1.19029,1.19029
2069,2.7367,2.7367
2070,2.7367,2.7367
2071,2.7367,2.7367
2072,2.7367,2.7367
2073,2.7367,2.7367
2074,2.7367,2.7367
2075,2.7367,2.7367
2076,2.7367,2.7367
2077,3.38657,-2.89661
2078,3.38657,-2.89661
2079,3.38657,-2.89661
2080,3.38657,-2.89661
2081,3.38657,-2.89661
2082,3.38657,-2.89661
2083,3.5221,-2.76109
2084,3.5221,-2.76109
2085,3.5221,-2.76109
2086,3.5221,-2.76109
2087,3.5221,-2.76109
2088,2.67795,2.67795
2089,2.67795,2.67795
2090,2.67795,2.67795
2091,2.67795,2.67795
2092,2.67795,2.67795
2093,4.12439,-2.1588
2094,4.12439,-2.1588
2095,4.39064,-1.89255
2096,4.39064,-1.89255
2097,4.39064,-1.89255
2098,4.12439,-2.1588
2099,4.12439,-2.1588
2100,4.12439,-2.1588
2101,2.55359,2.55359
2102,2.55359,2.55359
2103,2.55359,2.55359
2104,2.55359,2.55359
2105,2.55359,2.55359
2106,2.55359,2.55359
2107,2.55359,2.55359
2108,2.55359,2.55359
2109,2.55359,2.55359
2110,2.55359,2.55359
2111,2.55359,2.55359
2112,2.55359,2.55359
2113,4.12439,-2.1588
2114,4.12439,-2.1588
2115,4.12439,-2.1588
2116,5.17604,-1.10715
2117,5.17604,-1.10715
2118,5.17604,-1.10715
2119,3.92699,-2.35619
2120,2.55359,2.55359
2121,2.55359,2.55359
2122,2.55359,2.55359
2123,2.55359,2.55359
2124,2.55359,2.55359
2125,2.55359,2.55359
2126,2.55359,2.55359
2127,3.60524,-2.67795
2128,3.60524,-2.67795
2129,3.60524,-2.67795
2130,3.60524,-2.67795
2131,3.60524,-2.67795
2132,1.9513,1.9513
2133,1.9513,1.9513
2134,1.9513,1.9513
2135,1.9513,1.9513
2136,1.9513,1.9513
2137,1.9513,1.9513
2138,2.24554,2.24554
2139,2.24554,2.24554
2140,2.24554,2.24554
2141,2.46685,2.46685
2142,2.46685,2.46685
2143,2.46685,2.46685
2144,2.46685,2.46685
2145,2.46685,2.46685
2146,2.03444,2.03444
2147,2.03444,2.03444
2148,2.46685,2.46685
2149,2.46685,2.46685
2150,2.46685,2.46685
2151,2.46685,2.46685
2152,2.46685,2.46685
2153,2.46685,2.46685
2154,2.46685,2.46685
2155,2.46685,2.46685
2156,2.46685,2.46685
2157,2.46685,2.46685
2158,3.60524,-2.67795
2159,3.60524,-2.67795
2160,3.60524,-2.67795
2161,2.67795,2.67795
2162,2.67795,2.67795
2163,2.67795,2.67795
2164,2.67795,2.67795
2165,2.67795,2.67795
2166,3.60524,-2.67795
2167,3.60524,-2.67795
2168,2.67795,2.67795
2169,2.67795,2.67795
2170,2.67795,2.67795
2171,4.12439,-2.1588
2172,4.12439,-2.1588
2173,4.46741,-1.81577
2174,4.46741,-1.81577
2175,4.99069,-1.2925
2176,4.99069,-1.2925
2177,4.99069,-1.2925
2178,4.99069,-1.2925
2179,5.07116,-1.21203
2180,5.07116,-1.21203
2181,5.13902,-1.14417
2182,5.13902,-1.14417
2183,5.13902,-1.14417
2184,5.13902,-1.14417
2185,5.13902,-1.14417
2186,5.13902,-1.14417
2187,5.21174,-1.07145
2188,5.21174,-1.07145
2189,5.21174,-1.07145
2190,5.21174,-1.07145
2191,5.21174,-1.07145
2192,5.21174,-1.07145
2193,5.21174,-1.07145
2194,5.69518,-0.588003
2195,5.69518,-0.588003
2196,5.69518,-0.588003
2197,5.69518,-0.588003
2198,5.30039,-0.982794
2199,5.30039,-0.982794
2200,5.30039,-0.982794
2201,5.81954,-0.463648
2202,5.81954,-0.463648
2203,5.81954,-0.463648
2204,4.00376,-2.27942
2205,4.00376,-2.27942
2206,4.00376,-2.27942
2207,4.00376,-2.27942
2208,4.00376,-2.27942
2209,4.00376,-2.27942
2210,4.00376,-2.27942
2211,4.00376,-2.27942
2212,4.00376,-2.27942
2213,4.00376,-2.27942
2214,4.00376,-2.27942
2215,4.39064,-1.89255
2216,4.39064,-1.89255
2217,5.03414,-1.24905
2218,5.30039,-0.982794
2219,5.30039,-0.982794
2220,5.30039,-0.982794
2221,4.95737,-1.32582
2222,4.95737,-1.32582
2223,4.46741,-1.81577
2224,4.46741,-1.81577
2225,4.33188,-1.9513
2226,4.33188,-1.9513
2227,4.15379,-2.1294
2228,4.15379,-2.1294
2229,4.15379,-2.1294
2230,4.15379,-2.1294
2231,4.09214,-2.19105
2232,4.09214,-2.19105
2233,4.05135,-2.23184
2234,4.05135,-2.23184
2235,4.05135,-2.23184
2236,4.05135,-2.23184
2237,4.05135,-2.23184
2238,4.05135,-2.23184
2239,4.05135,-2.23184
2240,4.05135,-2.23184
2241,4.05135,-2.23184
2242,4.05135,-2.23184
2243,4.05135,-2.23184
2244,4.08359,-2.19959
2245,4.08359,-2.19959
2246,4.08359,-2.19959
2247,4.08359,-2.19959
2248,4.08359,-2.19959
2249,4.08359,-2.19959
2250,4.08359,-2.19959
2251,4.08359,-2.19959
2252,4.08359,-2.19959
2253,4.08359,-2.19959
