#Grabcut execution time: 0s 441ms 441747us 
0.0000              80.5199             
1.0000              65.1219             
2.0000              64.1844             
3.0000              64.1163             
4.0000              64.2076             
5.0000              64.3301             
6.0000              65.1951             
7.0000              65.5977             
8.0000              65.7285             
9.0000              66.1656             
10.0000             66.4533             
11.0000             65.4509             
12.0000             65.0035             
13.0000             65.4183             
14.0000             65.1200             
15.0000             65.4130             
16.0000             65.7850             
17.0000             66.4546             
18.0000             66.2394             
19.0000             66.1004             
20.0000             65.8489             
21.0000             65.9076             
22.0000             65.9715             
23.0000             66.4309             
24.0000             66.8196             
25.0000             65.2487             
26.0000             65.0987             
27.0000             65.3849             
28.0000             65.9436             
29.0000             65.9479             
30.0000             66.2221             
31.0000             66.2221             
#Execution time: 143s 143720ms 143720658us 
