#Grabcut execution time: 0s 343ms 343928us 
0.0000              104.3864            
1.0000              42.5116             
2.0000              40.4988             
3.0000              40.0368             
4.0000              39.8114             
5.0000              39.9286             
6.0000              39.7096             
7.0000              39.7124             
8.0000              39.9562             
9.0000              39.8601             
10.0000             40.0329             
11.0000             39.8339             
12.0000             40.0134             
13.0000             39.9884             
14.0000             40.2123             
15.0000             40.2801             
16.0000             40.1655             
17.0000             40.3996             
18.0000             40.3642             
19.0000             40.2563             
20.0000             40.5097             
21.0000             40.5423             
22.0000             40.5214             
23.0000             40.6314             
24.0000             40.5896             
25.0000             40.5239             
26.0000             40.5297             
27.0000             40.7017             
28.0000             40.7457             
29.0000             40.4830             
30.0000             40.5486             
31.0000             40.5486             
#Execution time: 54s 54839ms 54839554us 
