n,tangent,t2
0,5.03414,-1.24905
1,5.03414,-1.24905
2,5.03414,-1.24905
3,5.03414,-1.24905
4,5.33264,-0.950547
5,5.33264,-0.950547
6,5.33264,-0.950547
7,5.33264,-0.950547
8,5.33264,-0.950547
9,5.33264,-0.950547
10,5.33264,-0.950547
11,5.33264,-0.950547
12,5.33264,-0.950547
13,5.33264,-0.950547
14,5.0929,-1.19029
15,5.0929,-1.19029
16,5.0929,-1.19029
17,5.0929,-1.19029
18,5.0929,-1.19029
19,5.25281,-1.03038
20,5.40713,-0.876058
21,5.40713,-0.876058
22,5.40713,-0.876058
23,5.40713,-0.876058
24,5.58845,-0.694738
25,5.58845,-0.694738
26,5.58845,-0.694738
27,5.58845,-0.694738
28,5.58845,-0.694738
29,0.674741,0.674741
30,0.674741,0.674741
31,0.674741,0.674741
32,0.674741,0.674741
33,0.674741,0.674741
34,0.674741,0.674741
35,0.674741,0.674741
36,0.674741,0.674741
37,0.620249,0.620249
38,0.620249,0.620249
39,0.620249,0.620249
40,0.620249,0.620249
41,0.620249,0.620249
42,0.620249,0.620249
43,5.60844,-0.674741
44,5.60844,-0.674741
45,5.60844,-0.674741
46,5.60844,-0.674741
47,5.38713,-0.896055
48,5.38713,-0.896055
49,5.38713,-0.896055
50,5.33264,-0.950547
51,5.33264,-0.950547
52,5.33264,-0.950547
53,5.27099,-1.0122
54,5.27099,-1.0122
55,5.21174,-1.07145
56,5.21174,-1.07145
57,5.21174,-1.07145
58,5.21174,-1.07145
59,5.21174,-1.07145
60,5.21174,-1.07145
61,5.13902,-1.14417
62,5.13902,-1.14417
63,5.13902,-1.14417
64,5.13902,-1.14417
65,5.13902,-1.14417
66,5.13902,-1.14417
67,4.90978,-1.3734
68,4.90978,-1.3734
69,4.90978,-1.3734
70,4.54724,-1.73595
71,4.54724,-1.73595
72,4.54724,-1.73595
73,4.54724,-1.73595
74,4.54724,-1.73595
75,4.54724,-1.73595
76,4.87754,-1.40565
77,4.87754,-1.40565
78,4.87754,-1.40565
79,4.99069,-1.2925
80,4.99069,-1.2925
81,4.99069,-1.2925
82,4.99069,-1.2925
83,4.99069,-1.2925
84,4.90978,-1.3734
85,4.90978,-1.3734
86,4.90978,-1.3734
87,4.51499,-1.76819
88,4.51499,-1.76819
89,4.51499,-1.76819
90,4.51499,-1.76819
91,5.17604,-1.10715
92,5.17604,-1.10715
93,0.380506,0.380506
94,0.380506,0.380506
95,0.380506,0.380506
96,0.380506,0.380506
97,0.380506,0.380506
98,0.380506,0.380506
99,0.380506,0.380506
100,1.10715,1.10715
101,1.10715,1.10715
102,0.321751,0.321751
103,0.321751,0.321751
104,5.96143,-0.321751
105,5.63968,-0.643501
106,5.63968,-0.643501
107,5.63968,-0.643501
108,5.63968,-0.643501
109,5.63968,-0.643501
110,6.08579,-0.197396
111,6.08579,-0.197396
112,6.08579,-0.197396
113,6.08579,-0.197396
114,6.08579,-0.197396
115,6.08579,-0.197396
116,3.92699,-2.35619
117,3.92699,-2.35619
118,5.69518,-0.588003
119,5.69518,-0.588003
120,5.69518,-0.588003
121,5.69518,-0.588003
122,5.69518,-0.588003
123,5.69518,-0.588003
124,5.69518,-0.588003
125,4.58803,-1.69515
126,4.58803,-1.69515
127,4.58803,-1.69515
128,4.58803,-1.69515
129,4.58803,-1.69515
130,4.58803,-1.69515
131,4.58803,-1.69515
132,4.58803,-1.69515
133,4.58803,-1.69515
134,4.53254,-1.75065
135,4.53254,-1.75065
136,4.53254,-1.75065
137,4.5013,-1.78189
138,4.5013,-1.78189
139,4.5013,-1.78189
140,4.5013,-1.78189
141,4.5013,-1.78189
142,4.5013,-1.78189
143,4.5013,-1.78189
144,4.5013,-1.78189
145,4.5013,-1.78189
146,4.65363,-1.62955
147,4.65363,-1.62955
148,4.65363,-1.62955
149,4.65363,-1.62955
150,4.65363,-1.62955
151,4.65363,-1.62955
152,4.65363,-1.62955
153,4.65363,-1.62955
154,4.65363,-1.62955
155,4.77114,-1.51204
156,4.77114,-1.51204
157,4.77114,-1.51204
158,4.77114,-1.51204
159,4.77114,-1.51204
160,4.77114,-1.51204
161,4.77114,-1.51204
162,4.77114,-1.51204
163,4.77114,-1.51204
164,0.463648,0.463648
165,0.463648,0.463648
166,5.69518,-0.588003
167,5.69518,-0.588003
168,5.30039,-0.982794
169,4.78916,-1.49402
170,4.78916,-1.49402
171,4.78916,-1.49402
172,4.78916,-1.49402
173,4.78916,-1.49402
174,4.78916,-1.49402
175,4.78916,-1.49402
176,4.78916,-1.49402
177,4.78916,-1.49402
178,4.78916,-1.49402
179,4.78916,-1.49402
180,4.78916,-1.49402
181,4.78916,-1.49402
182,4.78916,-1.49402
183,4.78916,-1.49402
184,4.78916,-1.49402
185,4.51499,-1.76819
186,4.51499,-1.76819
187,4.51499,-1.76819
188,4.51499,-1.76819
189,4.51499,-1.76819
190,4.90978,-1.3734
191,4.90978,-1.3734
192,5.38713,-0.896055
193,5.38713,-0.896055
194,5.38713,-0.896055
195,5.38713,-0.896055
196,5.38713,-0.896055
197,5.38713,-0.896055
198,5.38713,-0.896055
199,5.33264,-0.950547
200,5.33264,-0.950547
201,5.33264,-0.950547
202,5.33264,-0.950547
203,5.33264,-0.950547
204,5.33264,-0.950547
205,5.33264,-0.950547
206,5.38713,-0.896055
207,5.38713,-0.896055
208,5.38713,-0.896055
209,5.38713,-0.896055
210,5.38713,-0.896055
211,5.38713,-0.896055
212,5.38713,-0.896055
213,0.785398,0.785398
214,0.785398,0.785398
215,5.49779,-0.785398
216,5.49779,-0.785398
217,0.982794,0.982794
218,0.982794,0.982794
219,1.3734,1.3734
220,1.3734,1.3734
221,1.3734,1.3734
222,1.3734,1.3734
223,1.3734,1.3734
224,1.1659,1.1659
225,1.1659,1.1659
226,1.1659,1.1659
227,1.05165,1.05165
228,1.05165,1.05165
229,1.05165,1.05165
230,1.05165,1.05165
231,1.05165,1.05165
232,1.05165,1.05165
233,1.05165,1.05165
234,1.05165,1.05165
235,0.244979,0.244979
236,0.244979,0.244979
237,0.244979,0.244979
238,0.244979,0.244979
239,1.10715,1.10715
240,2.03444,2.03444
241,2.03444,2.03444
242,2.03444,2.03444
243,0.982794,0.982794
244,0.982794,0.982794
245,0.982794,0.982794
246,0.982794,0.982794
247,0.982794,0.982794
248,0.982794,0.982794
249,0.463648,0.463648
250,5.69518,-0.588003
251,5.69518,-0.588003
252,5.69518,-0.588003
253,5.69518,-0.588003
254,5.69518,-0.588003
255,5.69518,-0.588003
256,5.69518,-0.588003
257,5.69518,-0.588003
258,1.05165,1.05165
259,1.05165,1.05165
260,1.05165,1.05165
261,1.05165,1.05165
262,1.05165,1.05165
263,1.1659,1.1659
264,1.1659,1.1659
265,1.1659,1.1659
266,1.4289,1.4289
267,1.4289,1.4289
268,1.4289,1.4289
269,1.4289,1.4289
270,1.71269,1.71269
271,1.71269,1.71269
272,1.71269,1.71269
273,2.2143,2.2143
274,2.2143,2.2143
275,2.2143,2.2143
276,2.2143,2.2143
277,2.2143,2.2143
278,1.89255,1.89255
279,1.89255,1.89255
280,1.24905,1.24905
281,1.24905,1.24905
282,5.69518,-0.588003
283,5.69518,-0.588003
284,5.69518,-0.588003
285,5.96143,-0.321751
286,5.96143,-0.321751
287,0.321751,0.321751
288,1.3734,1.3734
289,1.3734,1.3734
290,1.3734,1.3734
291,1.3734,1.3734
292,1.3734,1.3734
293,1.3734,1.3734
294,1.3734,1.3734
295,1.8491,1.8491
296,1.8491,1.8491
297,1.8491,1.8491
298,1.8491,1.8491
299,1.8491,1.8491
300,1.8491,1.8491
301,1.8491,1.8491
302,1.8491,1.8491
303,1.8491,1.8491
304,1.8491,1.8491
305,2.24554,2.24554
306,2.24554,2.24554
307,2.24554,2.24554
308,2.24554,2.24554
309,2.24554,2.24554
310,2.24554,2.24554
311,2.24554,2.24554
312,2.24554,2.24554
313,1.10715,1.10715
314,0.244979,0.244979
315,0.244979,0.244979
316,0.244979,0.244979
317,0.244979,0.244979
318,0.588003,0.588003
319,1.03038,1.03038
320,1.03038,1.03038
321,1.03038,1.03038
322,1.21203,1.21203
323,1.21203,1.21203
324,1.21203,1.21203
325,1.2925,1.2925
326,1.2925,1.2925
327,1.40565,1.40565
328,1.40565,1.40565
329,1.40565,1.40565
330,1.40565,1.40565
331,1.40565,1.40565
332,1.40565,1.40565
333,1.40565,1.40565
334,1.40565,1.40565
335,1.40565,1.40565
336,1.40565,1.40565
337,1.76819,1.76819
338,1.76819,1.76819
339,1.76819,1.76819
340,1.76819,1.76819
341,1.76819,1.76819
342,1.19029,1.19029
343,1.19029,1.19029
344,1.19029,1.19029
345,1.19029,1.19029
346,1.19029,1.19029
347,1.19029,1.19029
348,2.1588,2.1588
349,2.1588,2.1588
350,2.55359,2.55359
351,2.55359,2.55359
352,2.55359,2.55359
353,2.55359,2.55359
354,2.1588,2.1588
355,2.1588,2.1588
356,2.1588,2.1588
357,2.1588,2.1588
358,2.1588,2.1588
359,1.44644,1.44644
360,1.44644,1.44644
361,1.44644,1.44644
362,1.44644,1.44644
363,1.44644,1.44644
364,1.69515,1.69515
365,1.69515,1.69515
366,1.69515,1.69515
367,1.69515,1.69515
368,2.1588,2.1588
369,2.55359,2.55359
370,2.55359,2.55359
371,2.55359,2.55359
372,2.03444,2.03444
373,0.982794,0.982794
374,0.982794,0.982794
375,0.982794,0.982794
376,0.982794,0.982794
377,1.32582,1.32582
378,1.32582,1.32582
379,1.32582,1.32582
380,1.32582,1.32582
381,0.321751,0.321751
382,0.321751,0.321751
383,0.321751,0.321751
384,0.588003,0.588003
385,0.982794,0.982794
386,1.4289,1.4289
387,1.4289,1.4289
388,1.4289,1.4289
389,1.4289,1.4289
390,1.4289,1.4289
391,1.4289,1.4289
392,1.4289,1.4289
393,1.4289,1.4289
394,1.4289,1.4289
395,1.4289,1.4289
396,1.4289,1.4289
397,1.76819,1.76819
398,1.76819,1.76819
399,2.1588,2.1588
400,2.60117,2.60117
401,2.60117,2.60117
402,2.60117,2.60117
403,2.60117,2.60117
404,2.60117,2.60117
405,2.60117,2.60117
406,2.60117,2.60117
407,2.60117,2.60117
408,2.60117,2.60117
409,0.643501,0.643501
410,0.643501,0.643501
411,0.643501,0.643501
412,0.643501,0.643501
413,0.244979,0.244979
414,0.244979,0.244979
415,6.03821,-0.244979
416,6.03821,-0.244979
417,5.63968,-0.643501
418,5.63968,-0.643501
419,5.63968,-0.643501
420,5.63968,-0.643501
421,5.63968,-0.643501
422,5.74277,-0.54042
423,5.74277,-0.54042
424,5.74277,-0.54042
425,5.74277,-0.54042
426,0.674741,0.674741
427,0.674741,0.674741
428,0.674741,0.674741
429,0.674741,0.674741
430,0.674741,0.674741
431,0.674741,0.674741
432,0.674741,0.674741
433,0.674741,0.674741
434,2.35619,2.35619
435,2.35619,2.35619
436,0.674741,0.674741
437,0.674741,0.674741
438,0.674741,0.674741
439,0.674741,0.674741
440,0.674741,0.674741
441,0.674741,0.674741
442,0.674741,0.674741
443,0.674741,0.674741
444,0.674741,0.674741
445,0.620249,0.620249
446,0.620249,0.620249
447,0.620249,0.620249
448,0.558599,0.558599
449,0.558599,0.558599
450,0.558599,0.558599
451,0.558599,0.558599
452,0.558599,0.558599
453,0.558599,0.558599
454,0.558599,0.558599
455,0.674741,0.674741
456,0.674741,0.674741
457,0.674741,0.674741
458,0.674741,0.674741
459,0.674741,0.674741
460,0.674741,0.674741
461,0.674741,0.674741
462,0.124355,0.124355
463,0.124355,0.124355
464,0.124355,0.124355
465,0.124355,0.124355
466,6.15883,-0.124355
467,6.15883,-0.124355
468,6.15883,-0.124355
469,6.15883,-0.124355
470,5.72459,-0.558599
471,5.72459,-0.558599
472,5.72459,-0.558599
473,5.72459,-0.558599
474,5.72459,-0.558599
475,5.72459,-0.558599
476,5.72459,-0.558599
477,5.72459,-0.558599
478,5.72459,-0.558599
479,5.72459,-0.558599
480,5.94016,-0.343024
481,5.94016,-0.343024
482,5.94016,-0.343024
483,5.94016,-0.343024
484,5.94016,-0.343024
485,5.94016,-0.343024
486,5.94016,-0.343024
487,5.98469,-0.298499
488,5.98469,-0.298499
489,5.98469,-0.298499
490,5.98469,-0.298499
491,5.98469,-0.298499
492,5.98469,-0.298499
493,6.08579,-0.197396
494,6.08579,-0.197396
495,6.08579,-0.197396
496,6.08579,-0.197396
497,6.08579,-0.197396
498,6.00489,-0.2783
499,6.00489,-0.2783
500,6.00489,-0.2783
501,6.00489,-0.2783
502,5.32311,-0.96007
503,5.32311,-0.96007
504,5.32311,-0.96007
505,5.32311,-0.96007
506,5.32311,-0.96007
507,5.32311,-0.96007
508,5.32311,-0.96007
509,5.32311,-0.96007
510,5.32311,-0.96007
511,5.32311,-0.96007
512,5.32311,-0.96007
513,5.32311,-0.96007
514,5.32311,-0.96007
515,5.32311,-0.96007
516,5.63968,-0.643501
517,5.63968,-0.643501
518,5.63968,-0.643501
519,5.63968,-0.643501
520,5.63968,-0.643501
521,5.63968,-0.643501
522,5.63968,-0.643501
523,3.60524,-2.67795
524,3.60524,-2.67795
525,4.46741,-1.81577
526,4.46741,-1.81577
527,4.97864,-1.30454
528,4.97864,-1.30454
529,4.97864,-1.30454
530,4.97864,-1.30454
531,4.97864,-1.30454
532,4.97864,-1.30454
533,4.97864,-1.30454
534,5.00385,-1.27934
535,5.00385,-1.27934
536,5.00385,-1.27934
537,5.00385,-1.27934
538,5.00385,-1.27934
539,5.00385,-1.27934
540,5.00385,-1.27934
541,5.00385,-1.27934
542,5.90268,-0.380506
543,5.90268,-0.380506
544,5.90268,-0.380506
545,5.90268,-0.380506
546,5.90268,-0.380506
547,5.90268,-0.380506
548,5.69518,-0.588003
549,5.69518,-0.588003
550,5.69518,-0.588003
551,3.7296,-2.55359
552,3.7296,-2.55359
553,3.7296,-2.55359
554,3.7296,-2.55359
555,3.7296,-2.55359
556,5.81954,-0.463648
557,5.81954,-0.463648
558,5.17604,-1.10715
559,4.24874,-2.03444
560,4.24874,-2.03444
561,4.24874,-2.03444
562,6.14129,-0.141897
563,6.14129,-0.141897
564,6.14129,-0.141897
565,6.14129,-0.141897
566,6.14129,-0.141897
567,6.14129,-0.141897
568,6.14129,-0.141897
569,5.17604,-1.10715
570,4.12439,-2.1588
571,4.12439,-2.1588
572,3.7296,-2.55359
573,3.46334,-2.81984
574,3.46334,-2.81984
575,3.46334,-2.81984
576,3.46334,-2.81984
577,5.81954,-0.463648
578,5.81954,-0.463648
579,5.81954,-0.463648
580,3.7296,-2.55359
581,3.7296,-2.55359
582,3.7296,-2.55359
583,3.7296,-2.55359
584,3.7296,-2.55359
585,5.69518,-0.588003
586,5.69518,-0.588003
587,6.08579,-0.197396
588,6.08579,-0.197396
589,6.08579,-0.197396
590,6.08579,-0.197396
591,6.08579,-0.197396
592,6.08579,-0.197396
593,3.7296,-2.55359
594,3.7296,-2.55359
595,3.38657,-2.89661
596,3.38657,-2.89661
597,3.38657,-2.89661
598,3.38657,-2.89661
599,3.38657,-2.89661
600,3.38657,-2.89661
601,3.38657,-2.89661
602,3.38657,-2.89661
603,3.38657,-2.89661
604,4.57049,-1.71269
605,4.57049,-1.71269
606,4.57049,-1.71269
607,4.57049,-1.71269
608,4.85429,-1.4289
609,4.85429,-1.4289
610,4.85429,-1.4289
611,4.85429,-1.4289
612,4.85429,-1.4289
613,4.85429,-1.4289
614,4.85429,-1.4289
615,4.85429,-1.4289
616,4.85429,-1.4289
617,4.85429,-1.4289
618,4.85429,-1.4289
619,5.40713,-0.876058
620,5.40713,-0.876058
621,5.40713,-0.876058
622,5.40713,-0.876058
623,5.40713,-0.876058
624,5.40713,-0.876058
625,5.40713,-0.876058
626,5.40713,-0.876058
627,5.40713,-0.876058
628,4.95737,-1.32582
629,4.95737,-1.32582
630,4.58803,-1.69515
631,4.58803,-1.69515
632,4.58803,-1.69515
633,4.58803,-1.69515
634,4.58803,-1.69515
635,4.58803,-1.69515
636,4.58803,-1.69515
637,4.83674,-1.44644
638,4.83674,-1.44644
639,4.83674,-1.44644
640,4.83674,-1.44644
641,4.83674,-1.44644
642,4.83674,-1.44644
643,4.24874,-2.03444
644,4.24874,-2.03444
645,4.82305,-1.46014
646,4.82305,-1.46014
647,4.82305,-1.46014
648,4.82305,-1.46014
649,4.82305,-1.46014
650,4.82305,-1.46014
651,4.82305,-1.46014
652,4.60173,-1.68145
653,4.60173,-1.68145
654,4.60173,-1.68145
655,4.60173,-1.68145
656,4.60173,-1.68145
657,4.60173,-1.68145
658,4.87754,-1.40565
659,4.87754,-1.40565
660,4.87754,-1.40565
661,4.87754,-1.40565
662,4.54724,-1.73595
663,4.54724,-1.73595
664,4.54724,-1.73595
665,4.43409,-1.8491
666,4.43409,-1.8491
667,4.43409,-1.8491
668,4.43409,-1.8491
669,4.43409,-1.8491
670,4.54724,-1.73595
671,4.54724,-1.73595
672,4.54724,-1.73595
673,4.54724,-1.73595
674,4.54724,-1.73595
675,4.54724,-1.73595
676,4.54724,-1.73595
677,4.54724,-1.73595
678,5.03414,-1.24905
679,5.03414,-1.24905
680,5.03414,-1.24905
681,5.03414,-1.24905
682,5.30039,-0.982794
683,5.30039,-0.982794
684,5.30039,-0.982794
685,5.30039,-0.982794
686,5.30039,-0.982794
687,6.11804,-0.165149
688,6.11804,-0.165149
689,6.11804,-0.165149
690,6.11804,-0.165149
691,6.11804,-0.165149
692,6.11804,-0.165149
693,6.11804,-0.165149
694,6.11804,-0.165149
695,0.463648,0.463648
696,1.10715,1.10715
697,1.10715,1.10715
698,0.620249,0.620249
699,0.620249,0.620249
700,0.620249,0.620249
701,0.620249,0.620249
702,0.620249,0.620249
703,0.620249,0.620249
704,0.620249,0.620249
705,0.620249,0.620249
706,0.620249,0.620249
707,0.620249,0.620249
708,0.620249,0.620249
709,0.620249,0.620249
710,0.165149,0.165149
711,0.165149,0.165149
712,0.165149,0.165149
713,0.165149,0.165149
714,0.165149,0.165149
715,0.165149,0.165149
716,0.588003,0.588003
717,0.588003,0.588003
718,0.588003,0.588003
719,0.588003,0.588003
720,5.49779,-0.785398
721,5.49779,-0.785398
722,5.49779,-0.785398
723,5.49779,-0.785398
724,5.49779,-0.785398
725,5.49779,-0.785398
726,5.49779,-0.785398
727,5.49779,-0.785398
728,5.49779,-0.785398
729,5.49779,-0.785398
730,0.785398,0.785398
731,0.785398,0.785398
732,0.785398,0.785398
733,0.785398,0.785398
734,0.785398,0.785398
735,1.76819,1.76819
736,1.76819,1.76819
737,1.76819,1.76819
738,1.76819,1.76819
739,1.76819,1.76819
740,1.76819,1.76819
741,1.76819,1.76819
742,1.76819,1.76819
743,1.76819,1.76819
744,1.24905,1.24905
745,1.24905,1.24905
746,1.24905,1.24905
747,2.1588,2.1588
748,2.1588,2.1588
749,2.1588,2.1588
750,2.1588,2.1588
751,1.78947,1.78947
752,1.78947,1.78947
753,1.78947,1.78947
754,1.78947,1.78947
755,1.78947,1.78947
756,1.73595,1.73595
757,1.73595,1.73595
758,1.73595,1.73595
759,1.73595,1.73595
760,1.73595,1.73595
761,1.73595,1.73595
762,1.9513,1.9513
763,1.9513,1.9513
764,1.9513,1.9513
765,1.9513,1.9513
766,1.9513,1.9513
767,1.10715,1.10715
768,1.10715,1.10715
769,1.10715,1.10715
770,2.35619,2.35619
771,2.35619,2.35619
772,0.463648,0.463648
773,0.463648,0.463648
774,0.463648,0.463648
775,1.81577,1.81577
776,1.81577,1.81577
777,1.81577,1.81577
778,1.81577,1.81577
779,1.81577,1.81577
780,2.81984,2.81984
781,2.81984,2.81984
782,2.81984,2.81984
783,2.81984,2.81984
784,0.785398,0.785398
785,0.785398,0.785398
786,2.35619,2.35619
787,2.35619,2.35619
788,0.463648,0.463648
789,0.463648,0.463648
790,1.24905,1.24905
791,1.24905,1.24905
792,1.89255,1.89255
793,2.67795,2.67795
794,3.60524,-2.67795
795,3.60524,-2.67795
796,3.60524,-2.67795
797,1.81577,1.81577
798,1.81577,1.81577
799,1.81577,1.81577
800,1.81577,1.81577
801,1.81577,1.81577
802,1.81577,1.81577
803,1.10715,1.10715
804,0.588003,0.588003
805,0.588003,0.588003
806,0.588003,0.588003
807,0.982794,0.982794
808,0.982794,0.982794
809,2.03444,2.03444
810,2.03444,2.03444
811,3.7296,-2.55359
812,3.7296,-2.55359
813,3.7296,-2.55359
814,3.7296,-2.55359
815,3.7296,-2.55359
816,3.7296,-2.55359
817,3.46334,-2.81984
818,3.46334,-2.81984
819,2.81984,2.81984
820,2.81984,2.81984
821,0.674741,0.674741
822,0.674741,0.674741
823,0.674741,0.674741
824,0.674741,0.674741
825,0.674741,0.674741
826,0.896055,0.896055
827,0.896055,0.896055
828,0.896055,0.896055
829,0.896055,0.896055
830,2.03444,2.03444
831,2.03444,2.03444
832,3.60524,-2.67795
833,3.60524,-2.67795
834,3.60524,-2.67795
835,3.60524,-2.67795
836,3.60524,-2.67795
837,2.67795,2.67795
838,2.03444,2.03444
839,0.982794,0.982794
840,0.982794,0.982794
841,0.54042,0.54042
842,0.54042,0.54042
843,0.54042,0.54042
844,0.380506,0.380506
845,0.197396,0.197396
846,0.197396,0.197396
847,0.197396,0.197396
848,0.197396,0.197396
849,0.197396,0.197396
850,1.10715,1.10715
851,2.03444,2.03444
852,2.67795,2.67795
853,2.67795,2.67795
854,2.67795,2.67795
855,0.785398,0.785398
856,0.785398,0.785398
857,0.785398,0.785398
858,0.785398,0.785398
859,2.35619,2.35619
860,2.35619,2.35619
861,1.10715,1.10715
862,1.10715,1.10715
863,2.1588,2.1588
864,2.1588,2.1588
865,2.1588,2.1588
866,2.1588,2.1588
867,3.46334,-2.81984
868,3.46334,-2.81984
869,3.46334,-2.81984
870,2.81984,2.81984
871,2.03444,2.03444
872,0.982794,0.982794
873,0.982794,0.982794
874,0.588003,0.588003
875,0.588003,0.588003
876,0.588003,0.588003
877,1.24905,1.24905
878,1.24905,1.24905
879,1.89255,1.89255
880,2.1588,2.1588
881,2.55359,2.55359
882,2.81984,2.81984
883,2.81984,2.81984
884,2.81984,2.81984
885,2.81984,2.81984
886,0.588003,0.588003
887,0.588003,0.588003
888,0.588003,0.588003
889,0.588003,0.588003
890,1.10715,1.10715
891,2.1588,2.1588
892,2.1588,2.1588
893,2.55359,2.55359
894,2.81984,2.81984
895,2.81984,2.81984
896,2.81984,2.81984
897,2.81984,2.81984
898,0.982794,0.982794
899,0.982794,0.982794
900,0.982794,0.982794
901,1.32582,1.32582
902,1.32582,1.32582
903,1.81577,1.81577
904,1.81577,1.81577
905,2.67795,2.67795
906,2.67795,2.67795
907,2.67795,2.67795
908,1.24905,1.24905
909,1.24905,1.24905
910,1.24905,1.24905
911,1.89255,1.89255
912,2.1588,2.1588
913,2.55359,2.55359
914,2.55359,2.55359
915,3.38657,-2.89661
916,3.38657,-2.89661
917,3.38657,-2.89661
918,3.38657,-2.89661
919,2.89661,2.89661
920,2.89661,2.89661
921,2.89661,2.89661
922,0.982794,0.982794
923,0.982794,0.982794
924,0.982794,0.982794
925,1.3734,1.3734
926,1.3734,1.3734
927,1.3734,1.3734
928,1.76819,1.76819
929,1.76819,1.76819
930,1.76819,1.76819
931,1.76819,1.76819
932,1.24905,1.24905
933,1.24905,1.24905
934,1.24905,1.24905
935,1.24905,1.24905
936,1.24905,1.24905
937,1.24905,1.24905
938,2.03444,2.03444
939,2.03444,2.03444
940,2.03444,2.03444
941,1.24905,1.24905
942,1.24905,1.24905
943,1.24905,1.24905
944,1.24905,1.24905
945,1.89255,1.89255
946,1.89255,1.89255
947,1.89255,1.89255
948,1.10715,1.10715
949,1.10715,1.10715
950,1.10715,1.10715
951,2.1588,2.1588
952,2.1588,2.1588
953,2.1588,2.1588
954,2.1588,2.1588
955,1.03038,1.03038
956,1.03038,1.03038
957,1.03038,1.03038
958,1.03038,1.03038
959,1.03038,1.03038
960,1.03038,1.03038
961,1.03038,1.03038
962,5.96143,-0.321751
963,5.96143,-0.321751
964,5.96143,-0.321751
965,0.165149,0.165149
966,0.165149,0.165149
967,0.165149,0.165149
968,0.165149,0.165149
969,0.165149,0.165149
970,6.11804,-0.165149
971,6.11804,-0.165149
972,6.11804,-0.165149
973,6.05639,-0.226799
974,6.05639,-0.226799
975,6.05639,-0.226799
976,6.05639,-0.226799
977,6.05639,-0.226799
978,6.02258,-0.260602
979,6.02258,-0.260602
980,6.02258,-0.260602
981,6.02258,-0.260602
982,6.02258,-0.260602
983,6.02258,-0.260602
984,6.02258,-0.260602
985,6.02258,-0.260602
986,6.02258,-0.260602
987,6.02258,-0.260602
988,6.08579,-0.197396
989,6.08579,-0.197396
990,6.08579,-0.197396
991,6.08579,-0.197396
992,6.08579,-0.197396
993,6.00489,-0.2783
994,6.00489,-0.2783
995,6.00489,-0.2783
996,6.00489,-0.2783
997,6.00489,-0.2783
998,6.10333,-0.179853
999,6.10333,-0.179853
1000,6.10333,-0.179853
1001,6.10333,-0.179853
1002,6.10333,-0.179853
1003,6.10333,-0.179853
1004,6.20925,-0.073939
1005,6.20925,-0.073939
1006,6.20925,-0.073939
1007,6.20925,-0.073939
1008,6.20925,-0.073939
1009,6.20925,-0.073939
1010,6.20925,-0.073939
1011,6.20925,-0.073939
1012,6.20925,-0.073939
1013,6.20925,-0.073939
1014,6.20925,-0.073939
1015,6.20925,-0.073939
1016,6.20925,-0.073939
1017,6.20925,-0.073939
1018,6.23323,-0.0499584
1019,6.23323,-0.0499584
1020,6.23323,-0.0499584
1021,6.23323,-0.0499584
1022,6.23323,-0.0499584
1023,6.23323,-0.0499584
1024,6.23323,-0.0499584
1025,6.23323,-0.0499584
1026,6.23323,-0.0499584
1027,6.23323,-0.0499584
1028,0.0499584,0.0499584
1029,0.0499584,0.0499584
1030,0.0499584,0.0499584
1031,0.0499584,0.0499584
1032,0.0499584,0.0499584
1033,0.0499584,0.0499584
1034,0.0499584,0.0499584
1035,0.0499584,0.0499584
1036,0.0499584,0.0499584
1037,0.0499584,0.0499584
1038,0.132552,0.132552
1039,0.132552,0.132552
1040,0.132552,0.132552
1041,0.132552,0.132552
1042,0.132552,0.132552
1043,0.132552,0.132552
1044,0.132552,0.132552
1045,0.132552,0.132552
1046,0.179853,0.179853
1047,0.179853,0.179853
1048,0.179853,0.179853
1049,0.179853,0.179853
1050,0.179853,0.179853
1051,0.179853,0.179853
1052,0.298499,0.298499
1053,0.298499,0.298499
1054,0.298499,0.298499
1055,0.298499,0.298499
1056,0.298499,0.298499
1057,0.298499,0.298499
1058,0.343024,0.343024
1059,0.343024,0.343024
1060,0.343024,0.343024
1061,0.343024,0.343024
1062,0.343024,0.343024
1063,0.343024,0.343024
1064,0.404892,0.404892
1065,0.404892,0.404892
1066,0.404892,0.404892
1067,0.519146,0.519146
1068,0.519146,0.519146
1069,0.519146,0.519146
1070,0.519146,0.519146
1071,0.519146,0.519146
1072,0.519146,0.519146
1073,0.321751,0.321751
1074,0.321751,0.321751
1075,0.321751,0.321751
1076,0.694738,0.694738
1077,0.694738,0.694738
1078,0.694738,0.694738
1079,0.694738,0.694738
1080,0.694738,0.694738
1081,0.694738,0.694738
1082,0.694738,0.694738
1083,0.694738,0.694738
1084,0.694738,0.694738
1085,0.197396,0.197396
1086,0.197396,0.197396
1087,0.197396,0.197396
1088,0.197396,0.197396
1089,0.197396,0.197396
1090,0.380506,0.380506
1091,0.380506,0.380506
1092,0.558599,0.558599
1093,0.558599,0.558599
1094,0.558599,0.558599
1095,0.558599,0.558599
1096,0.620249,0.620249
1097,0.620249,0.620249
1098,0.741947,0.741947
1099,0.741947,0.741947
1100,0.741947,0.741947
1101,0.741947,0.741947
1102,0.741947,0.741947
1103,0.741947,0.741947
1104,0.741947,0.741947
1105,0.741947,0.741947
1106,0.741947,0.741947
1107,0.741947,0.741947
1108,0.741947,0.741947
1109,0.741947,0.741947
1110,0.741947,0.741947
1111,0.741947,0.741947
1112,0.741947,0.741947
1113,0.741947,0.741947
1114,0.741947,0.741947
1115,0.741947,0.741947
1116,0.741947,0.741947
1117,0.741947,0.741947
1118,0.741947,0.741947
1119,0.54042,0.54042
1120,0.54042,0.54042
1121,0.380506,0.380506
1122,0.380506,0.380506
1123,0.380506,0.380506
1124,5.96143,-0.321751
1125,5.23154,-1.05165
1126,5.23154,-1.05165
1127,5.23154,-1.05165
1128,5.23154,-1.05165
1129,5.23154,-1.05165
1130,5.23154,-1.05165
1131,5.23154,-1.05165
1132,5.23154,-1.05165
1133,5.23154,-1.05165
1134,5.23154,-1.05165
1135,5.23154,-1.05165
1136,5.23154,-1.05165
1137,5.23154,-1.05165
1138,5.0929,-1.19029
1139,5.0929,-1.19029
1140,5.0929,-1.19029
1141,5.0929,-1.19029
1142,5.30039,-0.982794
1143,5.30039,-0.982794
1144,5.30039,-0.982794
1145,5.11728,-1.1659
1146,5.11728,-1.1659
1147,5.11728,-1.1659
1148,5.11728,-1.1659
1149,5.11728,-1.1659
1150,5.11728,-1.1659
1151,5.11728,-1.1659
1152,5.11728,-1.1659
1153,5.11728,-1.1659
1154,5.11728,-1.1659
1155,5.05541,-1.22777
1156,5.05541,-1.22777
1157,5.05541,-1.22777
1158,5.05541,-1.22777
1159,5.05541,-1.22777
1160,5.05541,-1.22777
1161,5.01089,-1.2723
1162,5.01089,-1.2723
1163,5.01089,-1.2723
1164,5.01089,-1.2723
1165,5.01089,-1.2723
1166,5.01089,-1.2723
1167,4.97299,-1.31019
1168,4.97299,-1.31019
1169,4.97299,-1.31019
1170,4.97299,-1.31019
1171,4.97299,-1.31019
1172,4.93919,-1.344
1173,4.93919,-1.344
1174,4.93919,-1.344
1175,4.93919,-1.344
1176,4.93919,-1.344
1177,4.7837,-1.49949
1178,4.7837,-1.49949
1179,4.7837,-1.49949
1180,4.7837,-1.49949
1181,4.7837,-1.49949
1182,4.7837,-1.49949
1183,4.7837,-1.49949
1184,4.7837,-1.49949
1185,4.7837,-1.49949
1186,4.7837,-1.49949
1187,4.7837,-1.49949
1188,4.7837,-1.49949
1189,4.7837,-1.49949
1190,4.7837,-1.49949
1191,5.30039,-0.982794
1192,5.30039,-0.982794
1193,5.30039,-0.982794
1194,4.85429,-1.4289
1195,4.85429,-1.4289
1196,4.85429,-1.4289
1197,4.85429,-1.4289
1198,4.85429,-1.4289
1199,4.85429,-1.4289
1200,4.85429,-1.4289
1201,4.85429,-1.4289
1202,4.85429,-1.4289
1203,4.85429,-1.4289
1204,4.85429,-1.4289
1205,4.85429,-1.4289
1206,4.85429,-1.4289
1207,4.85429,-1.4289
1208,4.85429,-1.4289
1209,5.35589,-0.927295
1210,5.35589,-0.927295
1211,5.35589,-0.927295
1212,5.35589,-0.927295
1213,5.35589,-0.927295
1214,4.87754,-1.40565
1215,4.87754,-1.40565
1216,4.87754,-1.40565
1217,4.61272,-1.67046
1218,4.61272,-1.67046
1219,4.61272,-1.67046
1220,4.61272,-1.67046
1221,4.61272,-1.67046
1222,4.61272,-1.67046
1223,4.61272,-1.67046
1224,4.61272,-1.67046
1225,4.61272,-1.67046
1226,4.81206,-1.47113
1227,4.81206,-1.47113
1228,4.81206,-1.47113
1229,4.81206,-1.47113
1230,4.81206,-1.47113
1231,4.93106,-1.35213
1232,4.93106,-1.35213
1233,4.93106,-1.35213
1234,4.93106,-1.35213
1235,4.93106,-1.35213
1236,4.93106,-1.35213
1237,4.81727,-1.46592
1238,4.81727,-1.46592
1239,4.81727,-1.46592
1240,4.81727,-1.46592
1241,4.81727,-1.46592
1242,4.81727,-1.46592
1243,4.81727,-1.46592
1244,4.81727,-1.46592
1245,4.81727,-1.46592
1246,4.81727,-1.46592
1247,4.80305,-1.48014
1248,4.80305,-1.48014
1249,4.80305,-1.48014
1250,4.80305,-1.48014
1251,4.80305,-1.48014
1252,4.80305,-1.48014
1253,4.80305,-1.48014
1254,4.80305,-1.48014
1255,4.80305,-1.48014
1256,4.80305,-1.48014
1257,4.80305,-1.48014
1258,4.93919,-1.344
1259,4.93919,-1.344
1260,4.93919,-1.344
1261,4.93919,-1.344
1262,4.93919,-1.344
1263,4.93919,-1.344
1264,4.93919,-1.344
1265,4.93919,-1.344
1266,4.93919,-1.344
1267,4.93919,-1.344
1268,5.30039,-0.982794
1269,5.30039,-0.982794
1270,5.30039,-0.982794
1271,4.95737,-1.32582
1272,4.95737,-1.32582
1273,4.46741,-1.81577
1274,4.46741,-1.81577
1275,4.33188,-1.9513
1276,4.33188,-1.9513
1277,4.17197,-2.11122
1278,4.17197,-2.11122
1279,4.17197,-2.11122
1280,4.17197,-2.11122
1281,4.17197,-2.11122
1282,5.40713,-0.876058
1283,5.40713,-0.876058
1284,5.40713,-0.876058
1285,5.40713,-0.876058
1286,5.40713,-0.876058
1287,5.58845,-0.694738
1288,5.58845,-0.694738
1289,5.58845,-0.694738
1290,5.58845,-0.694738
1291,5.74277,-0.54042
1292,5.74277,-0.54042
1293,5.90268,-0.380506
1294,6.03821,-0.244979
1295,6.03821,-0.244979
1296,0.244979,0.244979
1297,0.244979,0.244979
1298,0.643501,0.643501
1299,0.643501,0.643501
1300,0.927295,0.927295
1301,0.927295,0.927295
1302,1.40565,1.40565
1303,1.40565,1.40565
1304,1.40565,1.40565
1305,1.40565,1.40565
1306,1.40565,1.40565
1307,1.40565,1.40565
1308,1.2925,1.2925
1309,1.2925,1.2925
1310,1.21203,1.21203
1311,1.21203,1.21203
1312,1.21203,1.21203
1313,1.21203,1.21203
1314,1.21203,1.21203
1315,0.588003,0.588003
1316,0.588003,0.588003
1317,0.588003,0.588003
1318,1.03038,1.03038
1319,1.03038,1.03038
1320,1.03038,1.03038
1321,1.21203,1.21203
1322,1.21203,1.21203
1323,1.21203,1.21203
1324,1.2925,1.2925
1325,1.2925,1.2925
1326,1.40565,1.40565
1327,1.40565,1.40565
1328,1.40565,1.40565
1329,1.73595,1.73595
1330,1.73595,1.73595
1331,1.73595,1.73595
1332,1.73595,1.73595
1333,1.73595,1.73595
1334,1.40565,1.40565
1335,1.40565,1.40565
1336,1.40565,1.40565
1337,1.40565,1.40565
1338,1.40565,1.40565
1339,1.40565,1.40565
1340,1.40565,1.40565
1341,1.19029,1.19029
1342,1.19029,1.19029
1343,1.19029,1.19029
1344,1.19029,1.19029
1345,1.40565,1.40565
1346,1.40565,1.40565
1347,1.40565,1.40565
1348,1.40565,1.40565
1349,1.40565,1.40565
1350,1.40565,1.40565
1351,1.19029,1.19029
1352,1.19029,1.19029
1353,1.19029,1.19029
1354,1.19029,1.19029
1355,1.19029,1.19029
1356,1.19029,1.19029
1357,1.89255,1.89255
1358,2.1588,2.1588
1359,2.1588,2.1588
1360,2.1588,2.1588
1361,1.73595,1.73595
1362,1.73595,1.73595
1363,1.73595,1.73595
1364,1.73595,1.73595
1365,1.73595,1.73595
1366,1.73595,1.73595
1367,1.78947,1.78947
1368,1.78947,1.78947
1369,1.78947,1.78947
1370,1.78947,1.78947
1371,1.78947,1.78947
1372,1.78947,1.78947
1373,1.78947,1.78947
1374,1.32582,1.32582
1375,1.32582,1.32582
1376,1.32582,1.32582
1377,1.32582,1.32582
1378,1.32582,1.32582
1379,1.32582,1.32582
1380,0.927295,0.927295
1381,0.927295,0.927295
1382,0.927295,0.927295
1383,0.927295,0.927295
1384,0.927295,0.927295
1385,1.24905,1.24905
1386,1.24905,1.24905
1387,1.24905,1.24905
1388,1.24905,1.24905
1389,1.24905,1.24905
1390,1.24905,1.24905
1391,1.24905,1.24905
1392,0.321751,0.321751
1393,0.321751,0.321751
1394,0.321751,0.321751
1395,0.588003,0.588003
1396,0.588003,0.588003
1397,0.588003,0.588003
1398,0.197396,0.197396
1399,0.197396,0.197396
1400,0.197396,0.197396
1401,0.197396,0.197396
1402,0.197396,0.197396
1403,0.588003,0.588003
1404,0.588003,0.588003
1405,0.588003,0.588003
1406,0.588003,0.588003
1407,0.588003,0.588003
1408,0.588003,0.588003
1409,0.588003,0.588003
1410,0.588003,0.588003
1411,0.588003,0.588003
1412,5.69518,-0.588003
1413,5.69518,-0.588003
1414,5.30039,-0.982794
1415,5.03414,-1.24905
1416,5.03414,-1.24905
1417,5.03414,-1.24905
1418,5.35589,-0.927295
1419,5.35589,-0.927295
1420,5.35589,-0.927295
1421,5.35589,-0.927295
1422,5.35589,-0.927295
1423,5.03414,-1.24905
1424,5.03414,-1.24905
1425,5.03414,-1.24905
1426,5.23154,-1.05165
1427,5.23154,-1.05165
1428,5.23154,-1.05165
1429,5.23154,-1.05165
1430,5.23154,-1.05165
1431,5.23154,-1.05165
1432,5.23154,-1.05165
1433,5.23154,-1.05165
1434,5.23154,-1.05165
1435,5.23154,-1.05165
1436,5.23154,-1.05165
1437,5.96143,-0.321751
1438,5.96143,-0.321751
1439,5.96143,-0.321751
1440,5.03414,-1.24905
1441,5.03414,-1.24905
1442,5.03414,-1.24905
1443,5.30039,-0.982794
1444,5.30039,-0.982794
1445,5.30039,-0.982794
1446,4.95737,-1.32582
1447,4.95737,-1.32582
1448,4.95737,-1.32582
1449,4.95737,-1.32582
1450,5.30039,-0.982794
1451,5.30039,-0.982794
1452,5.30039,-0.982794
1453,5.30039,-0.982794
1454,4.33188,-1.9513
1455,4.33188,-1.9513
1456,4.33188,-1.9513
1457,4.33188,-1.9513
1458,4.33188,-1.9513
1459,4.33188,-1.9513
1460,4.33188,-1.9513
1461,5.03414,-1.24905
1462,6.03821,-0.244979
1463,6.03821,-0.244979
1464,6.03821,-0.244979
1465,6.03821,-0.244979
1466,5.17604,-1.10715
1467,4.24874,-2.03444
1468,4.24874,-2.03444
1469,4.24874,-2.03444
1470,4.90978,-1.3734
1471,4.90978,-1.3734
1472,4.90978,-1.3734
1473,4.90978,-1.3734
1474,4.90978,-1.3734
1475,4.51499,-1.76819
1476,4.51499,-1.76819
1477,4.43409,-1.8491
1478,4.43409,-1.8491
1479,4.35362,-1.92957
1480,4.35362,-1.92957
1481,4.3075,-1.97569
1482,4.3075,-1.97569
1483,4.3075,-1.97569
1484,4.3075,-1.97569
1485,4.3075,-1.97569
1486,4.3075,-1.97569
1487,4.3075,-1.97569
1488,4.54724,-1.73595
1489,4.54724,-1.73595
1490,4.54724,-1.73595
1491,4.54724,-1.73595
1492,4.54724,-1.73595
1493,4.54724,-1.73595
1494,4.43409,-1.8491
1495,4.43409,-1.8491
1496,4.35362,-1.92957
1497,4.35362,-1.92957
1498,4.35362,-1.92957
1499,4.35362,-1.92957
1500,4.17197,-2.11122
1501,4.17197,-2.11122
1502,3.7296,-2.55359
1503,3.7296,-2.55359
1504,3.7296,-2.55359
1505,4.54724,-1.73595
1506,4.54724,-1.73595
1507,4.54724,-1.73595
1508,4.54724,-1.73595
1509,4.54724,-1.73595
1510,4.54724,-1.73595
1511,4.12439,-2.1588
1512,4.12439,-2.1588
1513,4.12439,-2.1588
1514,4.12439,-2.1588
1515,4.90978,-1.3734
1516,4.90978,-1.3734
1517,4.90978,-1.3734
1518,4.90978,-1.3734
1519,4.90978,-1.3734
1520,4.51499,-1.76819
1521,4.51499,-1.76819
1522,4.33188,-1.9513
1523,4.33188,-1.9513
1524,4.33188,-1.9513
1525,4.33188,-1.9513
1526,4.61272,-1.67046
1527,4.61272,-1.67046
1528,4.61272,-1.67046
1529,4.61272,-1.67046
1530,4.61272,-1.67046
1531,4.81206,-1.47113
1532,4.81206,-1.47113
1533,4.81206,-1.47113
1534,4.81206,-1.47113
1535,4.81206,-1.47113
1536,5.0929,-1.19029
1537,5.0929,-1.19029
1538,5.0929,-1.19029
1539,5.81954,-0.463648
1540,5.81954,-0.463648
1541,5.81954,-0.463648
1542,5.81954,-0.463648
1543,5.81954,-0.463648
1544,5.03414,-1.24905
1545,5.03414,-1.24905
1546,5.03414,-1.24905
1547,5.30039,-0.982794
1548,5.69518,-0.588003
1549,5.69518,-0.588003
1550,0.54042,0.54042
1551,0.54042,0.54042
1552,0.54042,0.54042
1553,0.54042,0.54042
1554,0.643501,0.643501
1555,0.643501,0.643501
1556,0.643501,0.643501
1557,0.643501,0.643501
1558,0.643501,0.643501
1559,0.643501,0.643501
1560,5.81954,-0.463648
1561,5.81954,-0.463648
1562,5.81954,-0.463648
1563,0.507099,0.507099
1564,0.507099,0.507099
1565,0.507099,0.507099
1566,0.507099,0.507099
1567,0.507099,0.507099
1568,0.507099,0.507099
1569,0.507099,0.507099
1570,0.507099,0.507099
1571,0.507099,0.507099
1572,0.507099,0.507099
1573,0.643501,0.643501
1574,0.643501,0.643501
1575,0.927295,0.927295
1576,0.927295,0.927295
1577,1.40565,1.40565
1578,1.40565,1.40565
1579,1.40565,1.40565
1580,1.40565,1.40565
1581,1.40565,1.40565
1582,1.40565,1.40565
1583,1.2925,1.2925
1584,1.2925,1.2925
1585,1.21203,1.21203
1586,1.21203,1.21203
1587,1.1659,1.1659
1588,1.1659,1.1659
1589,1.1659,1.1659
1590,1.1659,1.1659
1591,1.1659,1.1659
1592,1.1659,1.1659
1593,1.1659,1.1659
1594,1.1659,1.1659
1595,2.1588,2.1588
1596,2.1588,2.1588
1597,2.1588,2.1588
1598,1.70335,1.70335
1599,1.70335,1.70335
1600,1.70335,1.70335
1601,1.70335,1.70335
1602,1.70335,1.70335
1603,1.70335,1.70335
1604,1.70335,1.70335
1605,1.70335,1.70335
1606,1.68145,1.68145
1607,1.68145,1.68145
1608,1.68145,1.68145
1609,1.68145,1.68145
1610,1.68145,1.68145
1611,1.46014,1.46014
1612,1.46014,1.46014
1613,1.46014,1.46014
1614,1.46014,1.46014
1615,0.896055,0.896055
1616,0.896055,0.896055
1617,0.896055,0.896055
1618,0.896055,0.896055
1619,0.896055,0.896055
1620,0.896055,0.896055
1621,0.896055,0.896055
1622,1.03038,1.03038
1623,1.03038,1.03038
1624,1.03038,1.03038
1625,1.03038,1.03038
1626,2.11122,2.11122
1627,2.11122,2.11122
1628,2.11122,2.11122
1629,2.11122,2.11122
1630,2.11122,2.11122
1631,2.11122,2.11122
1632,2.11122,2.11122
1633,1.81577,1.81577
1634,1.81577,1.81577
1635,1.32582,1.32582
1636,1.32582,1.32582
1637,0.982794,0.982794
1638,0.982794,0.982794
1639,0.982794,0.982794
1640,0.982794,0.982794
1641,1.73595,1.73595
1642,1.73595,1.73595
1643,1.73595,1.73595
1644,1.73595,1.73595
1645,1.73595,1.73595
1646,1.73595,1.73595
1647,1.73595,1.73595
1648,1.73595,1.73595
1649,1.8491,1.8491
1650,1.8491,1.8491
1651,1.8491,1.8491
1652,1.8491,1.8491
1653,1.8491,1.8491
1654,1.69515,1.69515
1655,1.69515,1.69515
1656,1.69515,1.69515
1657,1.69515,1.69515
1658,1.69515,1.69515
1659,1.69515,1.69515
1660,1.69515,1.69515
1661,1.69515,1.69515
1662,2.81984,2.81984
1663,2.81984,2.81984
1664,2.81984,2.81984
1665,2.55359,2.55359
1666,2.1588,2.1588
1667,2.1588,2.1588
1668,2.1588,2.1588
1669,2.49809,2.49809
1670,2.49809,2.49809
1671,2.49809,2.49809
1672,2.49809,2.49809
1673,2.2143,2.2143
1674,2.2143,2.2143
1675,1.89255,1.89255
1676,1.89255,1.89255
1677,1.32582,1.32582
1678,1.32582,1.32582
1679,1.32582,1.32582
1680,1.32582,1.32582
1681,1.81577,1.81577
1682,1.81577,1.81577
1683,2.67795,2.67795
1684,2.67795,2.67795
1685,2.67795,2.67795
1686,0.785398,0.785398
1687,0.785398,0.785398
1688,0.785398,0.785398
1689,0.785398,0.785398
1690,2.67795,2.67795
1691,2.67795,2.67795
1692,2.03444,2.03444
1693,2.03444,2.03444
1694,2.03444,2.03444
1695,2.03444,2.03444
1696,0.463648,0.463648
1697,0.463648,0.463648
1698,1.32582,1.32582
1699,1.32582,1.32582
1700,1.81577,1.81577
1701,1.81577,1.81577
1702,1.81577,1.81577
1703,1.81577,1.81577
1704,0.785398,0.785398
1705,0.785398,0.785398
1706,0.785398,0.785398
1707,0.785398,0.785398
1708,2.35619,2.35619
1709,2.35619,2.35619
1710,2.35619,2.35619
1711,2.35619,2.35619
1712,0.463648,0.463648
1713,0.463648,0.463648
1714,0.463648,0.463648
1715,2.89661,2.89661
1716,2.89661,2.89661
1717,2.89661,2.89661
1718,2.89661,2.89661
1719,2.55359,2.55359
1720,2.55359,2.55359
1721,2.55359,2.55359
1722,0.197396,0.197396
1723,0.197396,0.197396
1724,0.197396,0.197396
1725,0.197396,0.197396
1726,0.197396,0.197396
1727,1.10715,1.10715
1728,2.03444,2.03444
1729,2.89661,2.89661
1730,2.89661,2.89661
1731,2.89661,2.89661
1732,2.89661,2.89661
1733,2.89661,2.89661
1734,0.785398,0.785398
1735,0.785398,0.785398
1736,0.785398,0.785398
1737,0.785398,0.785398
1738,2.55359,2.55359
1739,2.55359,2.55359
1740,2.55359,2.55359
1741,3.46334,-2.81984
1742,3.46334,-2.81984
1743,3.46334,-2.81984
1744,3.46334,-2.81984
1745,2.81984,2.81984
1746,2.81984,2.81984
1747,2.81984,2.81984
1748,3.60524,-2.67795
1749,3.60524,-2.67795
1750,2.67795,2.67795
1751,2.11122,2.11122
1752,2.11122,2.11122
1753,2.11122,2.11122
1754,2.11122,2.11122
1755,2.11122,2.11122
1756,2.11122,2.11122
1757,2.11122,2.11122
1758,2.11122,2.11122
1759,1.76819,1.76819
1760,1.76819,1.76819
1761,1.76819,1.76819
1762,1.76819,1.76819
1763,1.76819,1.76819
1764,1.9513,1.9513
1765,1.9513,1.9513
1766,1.9513,1.9513
1767,1.9513,1.9513
1768,1.67046,1.67046
1769,1.67046,1.67046
1770,1.67046,1.67046
1771,1.67046,1.67046
1772,1.67046,1.67046
1773,1.67046,1.67046
1774,1.67046,1.67046
1775,1.67046,1.67046
1776,1.67046,1.67046
1777,1.67046,1.67046
1778,2.55359,2.55359
1779,2.55359,2.55359
1780,2.55359,2.55359
1781,2.1588,2.1588
1782,1.89255,1.89255
1783,1.89255,1.89255
1784,1.89255,1.89255
1785,1.89255,1.89255
1786,1.89255,1.89255
1787,1.89255,1.89255
1788,1.89255,1.89255
1789,2.1588,2.1588
1790,2.1588,2.1588
1791,2.1588,2.1588
1792,2.1588,2.1588
1793,1.10715,1.10715
1794,1.10715,1.10715
1795,2.03444,2.03444
1796,2.03444,2.03444
1797,2.03444,2.03444
1798,1.10715,1.10715
1799,1.10715,1.10715
1800,2.03444,2.03444
1801,2.03444,2.03444
1802,2.03444,2.03444
1803,1.32582,1.32582
1804,1.32582,1.32582
1805,1.32582,1.32582
1806,1.32582,1.32582
1807,1.32582,1.32582
1808,1.32582,1.32582
1809,1.32582,1.32582
1810,1.32582,1.32582
1811,1.89255,1.89255
1812,1.89255,1.89255
1813,1.89255,1.89255
1814,1.32582,1.32582
1815,1.32582,1.32582
1816,1.32582,1.32582
1817,1.32582,1.32582
1818,1.32582,1.32582
1819,1.32582,1.32582
1820,1.32582,1.32582
1821,1.32582,1.32582
1822,1.89255,1.89255
1823,1.89255,1.89255
1824,1.89255,1.89255
1825,0.982794,0.982794
1826,0.982794,0.982794
1827,0.982794,0.982794
1828,0.982794,0.982794
1829,0.982794,0.982794
1830,0.982794,0.982794
1831,1.4289,1.4289
1832,1.4289,1.4289
1833,1.4289,1.4289
1834,1.4289,1.4289
1835,1.71269,1.71269
1836,1.71269,1.71269
1837,1.71269,1.71269
1838,1.71269,1.71269
1839,1.71269,1.71269
1840,0.785398,0.785398
1841,5.49779,-0.785398
1842,5.49779,-0.785398
1843,0.982794,0.982794
1844,0.982794,0.982794
1845,1.2925,1.2925
1846,1.2925,1.2925
1847,1.2925,1.2925
1848,1.2925,1.2925
1849,1.38545,1.38545
1850,1.38545,1.38545
1851,1.38545,1.38545
1852,1.38545,1.38545
1853,1.38545,1.38545
1854,1.38545,1.38545
1855,1.38545,1.38545
1856,1.38545,1.38545
1857,1.38545,1.38545
1858,1.38545,1.38545
1859,1.38545,1.38545
1860,1.38545,1.38545
1861,1.38545,1.38545
1862,1.38545,1.38545
1863,1.38545,1.38545
1864,1.38545,1.38545
1865,1.38545,1.38545
1866,1.38545,1.38545
1867,1.35213,1.35213
1868,1.35213,1.35213
1869,1.35213,1.35213
1870,1.35213,1.35213
1871,1.35213,1.35213
1872,1.35213,1.35213
1873,1.35213,1.35213
1874,1.35213,1.35213
1875,1.35213,1.35213
1876,1.35213,1.35213
1877,1.35213,1.35213
1878,1.2925,1.2925
1879,1.2925,1.2925
1880,1.2925,1.2925
1881,1.2925,1.2925
1882,0.244979,0.244979
1883,0.244979,0.244979
1884,6.03821,-0.244979
1885,6.03821,-0.244979
1886,5.30039,-0.982794
1887,5.30039,-0.982794
1888,5.30039,-0.982794
1889,5.69518,-0.588003
1890,5.90268,-0.380506
1891,5.90268,-0.380506
1892,5.90268,-0.380506
1893,5.90268,-0.380506
1894,5.90268,-0.380506
1895,5.74277,-0.54042
1896,5.74277,-0.54042
1897,5.74277,-0.54042
1898,5.74277,-0.54042
1899,5.74277,-0.54042
1900,0.54042,0.54042
1901,0.54042,0.54042
1902,0.54042,0.54042
1903,0.54042,0.54042
1904,0.54042,0.54042
1905,0.982794,0.982794
1906,1.32582,1.32582
1907,1.32582,1.32582
1908,1.81577,1.81577
1909,1.81577,1.81577
1910,2.2143,2.2143
1911,2.2143,2.2143
1912,2.2143,2.2143
1913,2.2143,2.2143
1914,2.2143,2.2143
1915,1.8491,1.8491
1916,1.8491,1.8491
1917,1.8491,1.8491
1918,1.8491,1.8491
1919,1.8491,1.8491
1920,1.8491,1.8491
1921,1.8491,1.8491
1922,1.8491,1.8491
1923,2.2143,2.2143
1924,2.2143,2.2143
1925,2.2143,2.2143
1926,2.2143,2.2143
1927,2.2143,2.2143
1928,2.07014,2.07014
1929,2.07014,2.07014
1930,2.07014,2.07014
1931,2.07014,2.07014
1932,2.07014,2.07014
1933,2.07014,2.07014
1934,1.99742,1.99742
1935,1.99742,1.99742
1936,1.99742,1.99742
1937,1.99742,1.99742
1938,1.99742,1.99742
1939,1.99742,1.99742
1940,1.99742,1.99742
1941,1.99742,1.99742
1942,1.99742,1.99742
1943,1.99742,1.99742
1944,1.99742,1.99742
1945,1.99742,1.99742
1946,1.99742,1.99742
1947,1.99742,1.99742
1948,1.99742,1.99742
1949,2.07014,2.07014
1950,2.07014,2.07014
1951,2.07014,2.07014
1952,2.07014,2.07014
1953,2.07014,2.07014
1954,2.07014,2.07014
1955,2.1294,2.1294
1956,2.1294,2.1294
1957,2.1294,2.1294
1958,2.19105,2.19105
1959,2.19105,2.19105
1960,2.30361,2.30361
1961,2.30361,2.30361
1962,2.30361,2.30361
1963,2.30361,2.30361
1964,2.30361,2.30361
1965,2.30361,2.30361
1966,2.30361,2.30361
1967,2.30361,2.30361
1968,2.40878,2.40878
1969,2.40878,2.40878
1970,2.40878,2.40878
1971,2.40878,2.40878
1972,2.40878,2.40878
1973,2.40878,2.40878
1974,2.40878,2.40878
1975,2.40878,2.40878
1976,2.52134,2.52134
1977,2.52134,2.52134
1978,2.52134,2.52134
1979,2.58994,2.58994
1980,2.58994,2.58994
1981,2.58994,2.58994
1982,2.58994,2.58994
1983,2.58994,2.58994
1984,2.58994,2.58994
1985,2.6168,2.6168
1986,2.6168,2.6168
1987,2.6168,2.6168
1988,2.6168,2.6168
1989,2.6168,2.6168
1990,2.6168,2.6168
1991,2.6168,2.6168
1992,2.6168,2.6168
1993,2.6168,2.6168
1994,2.6168,2.6168
1995,2.6168,2.6168
1996,2.6168,2.6168
1997,2.6168,2.6168
1998,2.6168,2.6168
1999,2.6168,2.6168
2000,2.6168,2.6168
2001,2.6168,2.6168
2002,2.6168,2.6168
2003,2.7468,2.7468
2004,2.7468,2.7468
2005,2.7468,2.7468
2006,2.7468,2.7468
2007,2.7468,2.7468
2008,2.7468,2.7468
2009,2.7468,2.7468
2010,2.77442,2.77442
2011,2.77442,2.77442
2012,2.77442,2.77442
2013,2.77442,2.77442
2014,2.77442,2.77442
2015,2.77442,2.77442
2016,2.77442,2.77442
2017,2.77442,2.77442
2018,2.77442,2.77442
2019,2.77442,2.77442
2020,2.77442,2.77442
2021,2.77442,2.77442
2022,2.77442,2.77442
2023,2.77442,2.77442
2024,2.77442,2.77442
2025,2.77442,2.77442
2026,2.77442,2.77442
2027,2.60117,2.60117
2028,2.60117,2.60117
2029,2.60117,2.60117
2030,2.60117,2.60117
2031,2.60117,2.60117
2032,2.76109,2.76109
2033,2.86329,2.86329
2034,2.86329,2.86329
2035,2.86329,2.86329
2036,2.86329,2.86329
2037,2.86329,2.86329
2038,2.86329,2.86329
2039,2.86329,2.86329
2040,2.86329,2.86329
2041,2.86329,2.86329
2042,3.00904,3.00904
2043,3.00904,3.00904
2044,3.00904,3.00904
2045,3.00904,3.00904
2046,3.00904,3.00904
2047,3.00904,3.00904
2048,3.00904,3.00904
2049,3.00904,3.00904
2050,3.05093,3.05093
2051,3.05093,3.05093
2052,3.05093,3.05093
2053,3.05093,3.05093
2054,3.05093,3.05093
2055,3.05093,3.05093
2056,3.23225,-3.05093
2057,3.23225,-3.05093
2058,3.23225,-3.05093
2059,3.23225,-3.05093
2060,3.23225,-3.05093
2061,3.23225,-3.05093
2062,3.23225,-3.05093
2063,3.23225,-3.05093
2064,3.23225,-3.05093
2065,3.23225,-3.05093
2066,3.23225,-3.05093
2067,3.23225,-3.05093
2068,3.23225,-3.05093
2069,3.23225,-3.05093
2070,3.23225,-3.05093
2071,3.23225,-3.05093
2072,3.23225,-3.05093
2073,3.41989,-2.86329
2074,3.41989,-2.86329
2075,3.41989,-2.86329
2076,3.41989,-2.86329
2077,3.41989,-2.86329
2078,3.41989,-2.86329
2079,3.41989,-2.86329
2080,3.41989,-2.86329
2081,3.41989,-2.86329
2082,3.41989,-2.86329
2083,3.41989,-2.86329
2084,3.41989,-2.86329
2085,3.41989,-2.86329
2086,3.41989,-2.86329
2087,3.35269,-2.9305
2088,3.35269,-2.9305
2089,3.35269,-2.9305
2090,3.35269,-2.9305
2091,3.35269,-2.9305
2092,3.35269,-2.9305
2093,3.35269,-2.9305
2094,3.35269,-2.9305
2095,3.35269,-2.9305
2096,3.35269,-2.9305
2097,3.35269,-2.9305
2098,3.35269,-2.9305
2099,3.35269,-2.9305
2100,3.35269,-2.9305
2101,3.35269,-2.9305
2102,3.35269,-2.9305
2103,3.35269,-2.9305
2104,3.35269,-2.9305
2105,3.35269,-2.9305
2106,3.35269,-2.9305
2107,3.35269,-2.9305
2108,3.35269,-2.9305
2109,3.41989,-2.86329
2110,3.41989,-2.86329
2111,3.41989,-2.86329
2112,3.41989,-2.86329
2113,3.41989,-2.86329
2114,3.30674,-2.97644
2115,3.30674,-2.97644
2116,3.30674,-2.97644
2117,3.30674,-2.97644
2118,3.30674,-2.97644
2119,3.30674,-2.97644
2120,3.36026,-2.92292
2121,3.36026,-2.92292
2122,3.36026,-2.92292
2123,3.36026,-2.92292
2124,3.36026,-2.92292
2125,3.36026,-2.92292
2126,3.32145,-2.96174
2127,3.32145,-2.96174
2128,3.32145,-2.96174
2129,3.32145,-2.96174
2130,3.32145,-2.96174
2131,3.32145,-2.96174
2132,3.32145,-2.96174
2133,3.32145,-2.96174
2134,3.32145,-2.96174
2135,3.35269,-2.9305
2136,3.35269,-2.9305
2137,3.35269,-2.9305
2138,3.35269,-2.9305
2139,3.35269,-2.9305
2140,3.35269,-2.9305
2141,3.35269,-2.9305
2142,3.35269,-2.9305
2143,3.35269,-2.9305
2144,5.49779,-0.785398
2145,5.49779,-0.785398
2146,3.30674,-2.97644
2147,3.30674,-2.97644
2148,3.30674,-2.97644
2149,2.97644,2.97644
2150,2.97644,2.97644
2151,2.97644,2.97644
2152,2.97644,2.97644
2153,2.97644,2.97644
2154,2.97644,2.97644
2155,3.46334,-2.81984
2156,3.83633,-2.44685
2157,3.83633,-2.44685
2158,3.83633,-2.44685
2159,3.83633,-2.44685
2160,3.83633,-2.44685
2161,3.83633,-2.44685
2162,3.83633,-2.44685
2163,3.83633,-2.44685
2164,3.83633,-2.44685
2165,3.83633,-2.44685
2166,2.49809,2.49809
2167,2.49809,2.49809
2168,2.49809,2.49809
2169,2.49809,2.49809
2170,2.49809,2.49809
2171,2.89661,2.89661
2172,2.89661,2.89661
2173,3.38657,-2.89661
2174,3.38657,-2.89661
2175,3.38657,-2.89661
2176,5.49779,-0.785398
2177,5.49779,-0.785398
2178,3.78509,-2.49809
2179,3.78509,-2.49809
2180,3.78509,-2.49809
2181,3.78509,-2.49809
2182,3.78509,-2.49809
2183,2.55359,2.55359
2184,2.55359,2.55359
2185,2.1588,2.1588
2186,2.1588,2.1588
2187,2.1588,2.1588
2188,2.89661,2.89661
2189,2.89661,2.89661
2190,3.38657,-2.89661
2191,3.38657,-2.89661
2192,4.06889,-2.2143
2193,4.06889,-2.2143
2194,4.06889,-2.2143
2195,4.06889,-2.2143
2196,3.78509,-2.49809
2197,3.78509,-2.49809
2198,3.78509,-2.49809
2199,2.60117,2.60117
2200,2.60117,2.60117
2201,2.60117,2.60117
2202,2.60117,2.60117
2203,2.60117,2.60117
2204,2.60117,2.60117
2205,2.76109,2.76109
2206,2.76109,2.76109
2207,2.76109,2.76109
2208,3.46334,-2.81984
2209,3.81633,-2.46685
2210,3.81633,-2.46685
2211,3.81633,-2.46685
2212,3.81633,-2.46685
2213,3.81633,-2.46685
2214,3.81633,-2.46685
2215,3.81633,-2.46685
2216,3.81633,-2.46685
2217,2.35619,2.35619
2218,0.785398,0.785398
2219,0.785398,0.785398
2220,2.60117,2.60117
2221,2.60117,2.60117
2222,2.60117,2.60117
2223,2.60117,2.60117
2224,2.76109,2.76109
2225,2.89661,2.89661
2226,2.89661,2.89661
2227,3.38657,-2.89661
2228,3.38657,-2.89661
2229,3.7296,-2.55359
2230,4.12439,-2.1588
2231,4.12439,-2.1588
2232,4.12439,-2.1588
2233,4.12439,-2.1588
2234,2.76109,2.76109
2235,2.76109,2.76109
2236,2.76109,2.76109
2237,2.76109,2.76109
2238,2.76109,2.76109
2239,2.76109,2.76109
2240,3.46334,-2.81984
2241,3.46334,-2.81984
2242,3.46334,-2.81984
2243,2.49809,2.49809
2244,2.49809,2.49809
2245,2.49809,2.49809
2246,2.49809,2.49809
2247,2.49809,2.49809
2248,2.81984,2.81984
2249,2.81984,2.81984
2250,3.46334,-2.81984
2251,3.46334,-2.81984
2252,3.46334,-2.81984
2253,3.46334,-2.81984
2254,2.81984,2.81984
2255,2.55359,2.55359
2256,2.55359,2.55359
2257,2.55359,2.55359
2258,2.81984,2.81984
2259,2.81984,2.81984
2260,3.46334,-2.81984
2261,3.7296,-2.55359
2262,3.7296,-2.55359
2263,3.7296,-2.55359
2264,3.7296,-2.55359
2265,2.49809,2.49809
2266,2.49809,2.49809
2267,2.49809,2.49809
2268,2.49809,2.49809
2269,2.49809,2.49809
2270,2.49809,2.49809
2271,2.81984,2.81984
2272,2.81984,2.81984
2273,3.46334,-2.81984
2274,3.46334,-2.81984
2275,5.49779,-0.785398
2276,5.49779,-0.785398
2277,3.7296,-2.55359
2278,3.7296,-2.55359
2279,3.7296,-2.55359
2280,2.49809,2.49809
2281,2.49809,2.49809
2282,2.49809,2.49809
2283,2.49809,2.49809
2284,2.49809,2.49809
2285,2.49809,2.49809
2286,2.81984,2.81984
2287,2.81984,2.81984
2288,3.46334,-2.81984
2289,3.46334,-2.81984
2290,5.49779,-0.785398
2291,5.49779,-0.785398
2292,5.49779,-0.785398
2293,5.49779,-0.785398
2294,3.7296,-2.55359
2295,3.7296,-2.55359
2296,3.7296,-2.55359
2297,2.55359,2.55359
2298,2.55359,2.55359
2299,2.55359,2.55359
2300,2.55359,2.55359
2301,2.55359,2.55359
2302,3.38657,-2.89661
2303,3.38657,-2.89661
2304,3.38657,-2.89661
2305,3.38657,-2.89661
2306,3.38657,-2.89661
2307,3.38657,-2.89661
2308,3.38657,-2.89661
2309,2.55359,2.55359
2310,2.55359,2.55359
2311,2.55359,2.55359
2312,2.55359,2.55359
2313,2.55359,2.55359
2314,3.7296,-2.55359
2315,3.7296,-2.55359
2316,3.7296,-2.55359
2317,3.7296,-2.55359
2318,3.7296,-2.55359
2319,3.7296,-2.55359
2320,3.7296,-2.55359
2321,2.67795,2.67795
2322,2.67795,2.67795
2323,3.60524,-2.67795
2324,4.39064,-1.89255
2325,4.39064,-1.89255
2326,4.39064,-1.89255
2327,3.81633,-2.46685
2328,3.81633,-2.46685
2329,3.81633,-2.46685
2330,3.81633,-2.46685
2331,3.81633,-2.46685
2332,3.81633,-2.46685
2333,3.81633,-2.46685
2334,3.81633,-2.46685
2335,3.81633,-2.46685
2336,3.81633,-2.46685
2337,2.89661,2.89661
2338,2.89661,2.89661
2339,2.89661,2.89661
2340,3.38657,-2.89661
2341,3.38657,-2.89661
2342,4.51499,-1.76819
2343,4.51499,-1.76819
2344,4.51499,-1.76819
2345,4.51499,-1.76819
2346,4.51499,-1.76819
2347,3.46334,-2.81984
2348,3.46334,-2.81984
2349,3.46334,-2.81984
2350,3.89252,-2.39066
2351,3.89252,-2.39066
2352,3.89252,-2.39066
2353,3.89252,-2.39066
2354,3.89252,-2.39066
2355,3.89252,-2.39066
2356,3.89252,-2.39066
2357,3.89252,-2.39066
2358,3.89252,-2.39066
2359,3.89252,-2.39066
2360,3.89252,-2.39066
2361,3.89252,-2.39066
2362,3.89252,-2.39066
2363,3.96146,-2.32173
2364,3.96146,-2.32173
2365,3.96146,-2.32173
2366,3.96146,-2.32173
2367,3.96146,-2.32173
2368,3.96146,-2.32173
2369,3.96146,-2.32173
2370,3.96146,-2.32173
2371,3.96146,-2.32173
2372,3.96146,-2.32173
2373,3.96146,-2.32173
2374,3.96146,-2.32173
2375,3.96146,-2.32173
2376,3.96146,-2.32173
2377,3.96146,-2.32173
2378,3.96146,-2.32173
2379,3.81633,-2.46685
2380,3.81633,-2.46685
2381,3.81633,-2.46685
2382,3.81633,-2.46685
2383,3.81633,-2.46685
2384,3.81633,-2.46685
2385,4.03765,-2.24554
2386,4.03765,-2.24554
2387,4.03765,-2.24554
2388,4.39064,-1.89255
2389,4.39064,-1.89255
2390,4.39064,-1.89255
2391,4.12439,-2.1588
2392,3.83633,-2.44685
2393,3.83633,-2.44685
2394,3.83633,-2.44685
2395,3.83633,-2.44685
2396,3.83633,-2.44685
2397,3.83633,-2.44685
2398,3.83633,-2.44685
2399,3.83633,-2.44685
2400,3.83633,-2.44685
2401,3.83633,-2.44685
2402,3.83633,-2.44685
2403,3.83633,-2.44685
2404,5.35589,-0.927295
2405,5.35589,-0.927295
2406,5.35589,-0.927295
2407,5.35589,-0.927295
2408,5.35589,-0.927295
2409,5.35589,-0.927295
2410,4.24874,-2.03444
2411,3.38657,-2.89661
2412,3.38657,-2.89661
2413,2.89661,2.89661
2414,2.89661,2.89661
2415,2.76109,2.76109
2416,2.76109,2.76109
2417,2.60117,2.60117
2418,2.49809,2.49809
2419,2.49809,2.49809
2420,2.49809,2.49809
2421,2.49809,2.49809
2422,2.49809,2.49809
2423,2.60117,2.60117
2424,2.60117,2.60117
2425,2.60117,2.60117
2426,2.60117,2.60117
2427,2.60117,2.60117
2428,2.60117,2.60117
2429,2.60117,2.60117
2430,2.60117,2.60117
2431,2.89661,2.89661
2432,2.89661,2.89661
2433,3.38657,-2.89661
2434,3.38657,-2.89661
2435,3.7296,-2.55359
2436,3.7296,-2.55359
2437,3.7296,-2.55359
2438,3.46334,-2.81984
2439,3.46334,-2.81984
2440,3.46334,-2.81984
2441,4.24874,-2.03444
2442,4.24874,-2.03444
2443,3.46334,-2.81984
2444,3.46334,-2.81984
2445,2.76109,2.76109
2446,2.76109,2.76109
2447,2.76109,2.76109
2448,2.76109,2.76109
2449,2.76109,2.76109
2450,2.89661,2.89661
2451,2.89661,2.89661
2452,3.38657,-2.89661
2453,3.38657,-2.89661
2454,4.12439,-2.1588
2455,4.12439,-2.1588
2456,4.12439,-2.1588
2457,3.7296,-2.55359
2458,3.30674,-2.97644
2459,3.30674,-2.97644
2460,3.30674,-2.97644
2461,3.30674,-2.97644
2462,3.30674,-2.97644
2463,3.30674,-2.97644
2464,3.30674,-2.97644
2465,5.49779,-0.785398
2466,5.49779,-0.785398
2467,4.24874,-2.03444
2468,4.24874,-2.03444
2469,4.24874,-2.03444
2470,3.38657,-2.89661
2471,3.38657,-2.89661
2472,3.38657,-2.89661
2473,3.38657,-2.89661
2474,4.12439,-2.1588
2475,4.12439,-2.1588
2476,4.12439,-2.1588
2477,3.7296,-2.55359
2478,3.38657,-2.89661
2479,3.38657,-2.89661
2480,3.38657,-2.89661
2481,3.38657,-2.89661
2482,3.38657,-2.89661
2483,5.49779,-0.785398
2484,5.49779,-0.785398
2485,5.49779,-0.785398
2486,5.49779,-0.785398
2487,5.49779,-0.785398
2488,5.49779,-0.785398
2489,3.60524,-2.67795
2490,3.60524,-2.67795
2491,4.17197,-2.11122
2492,4.17197,-2.11122
2493,4.17197,-2.11122
2494,4.17197,-2.11122
2495,4.17197,-2.11122
2496,4.17197,-2.11122
2497,3.7296,-2.55359
2498,3.41989,-2.86329
2499,3.41989,-2.86329
2500,3.41989,-2.86329
2501,3.41989,-2.86329
2502,3.33899,-2.9442
2503,3.33899,-2.9442
2504,3.33899,-2.9442
2505,3.33899,-2.9442
2506,3.33899,-2.9442
2507,3.86823,-2.41495
2508,3.86823,-2.41495
2509,3.86823,-2.41495
2510,3.86823,-2.41495
2511,3.86823,-2.41495
2512,3.86823,-2.41495
2513,3.86823,-2.41495
2514,3.98575,-2.29744
2515,3.98575,-2.29744
2516,3.98575,-2.29744
2517,3.98575,-2.29744
2518,3.98575,-2.29744
2519,3.98575,-2.29744
2520,3.98575,-2.29744
2521,4.17197,-2.11122
2522,4.17197,-2.11122
2523,4.33188,-1.9513
2524,4.46741,-1.81577
2525,4.46741,-1.81577
2526,4.46741,-1.81577
2527,4.46741,-1.81577
2528,3.46334,-2.81984
2529,3.46334,-2.81984
2530,3.46334,-2.81984
2531,3.7296,-2.55359
2532,4.06889,-2.2143
2533,4.06889,-2.2143
2534,4.06889,-2.2143
2535,4.06889,-2.2143
2536,4.06889,-2.2143
2537,3.76184,-2.52134
2538,3.76184,-2.52134
2539,3.76184,-2.52134
2540,3.76184,-2.52134
2541,3.76184,-2.52134
2542,3.76184,-2.52134
2543,3.76184,-2.52134
2544,3.76184,-2.52134
2545,3.76184,-2.52134
2546,3.76184,-2.52134
2547,4.12439,-2.1588
2548,4.12439,-2.1588
2549,4.12439,-2.1588
2550,3.7296,-2.55359
2551,3.7296,-2.55359
2552,3.7296,-2.55359
2553,3.7296,-2.55359
2554,3.7296,-2.55359
2555,3.7296,-2.55359
2556,3.7296,-2.55359
2557,3.7296,-2.55359
2558,4.12439,-2.1588
2559,4.46741,-1.81577
2560,4.46741,-1.81577
2561,4.95737,-1.32582
2562,4.95737,-1.32582
2563,4.95737,-1.32582
2564,4.95737,-1.32582
2565,4.24874,-2.03444
2566,3.78509,-2.49809
2567,3.78509,-2.49809
2568,3.78509,-2.49809
2569,3.78509,-2.49809
2570,4.03765,-2.24554
2571,4.03765,-2.24554
2572,4.03765,-2.24554
2573,4.03765,-2.24554
2574,4.03765,-2.24554
2575,4.03765,-2.24554
2576,4.03765,-2.24554
2577,4.03765,-2.24554
2578,4.03765,-2.24554
2579,4.03765,-2.24554
2580,4.03765,-2.24554
2581,4.43409,-1.8491
2582,4.43409,-1.8491
2583,4.43409,-1.8491
2584,4.43409,-1.8491
2585,4.63562,-1.64757
2586,4.63562,-1.64757
2587,4.63562,-1.64757
2588,4.63562,-1.64757
2589,4.63562,-1.64757
2590,4.63562,-1.64757
2591,4.63562,-1.64757
2592,4.63562,-1.64757
2593,4.63562,-1.64757
2594,4.63562,-1.64757
2595,4.63562,-1.64757
2596,4.63562,-1.64757
2597,4.63562,-1.64757
2598,3.50036,-2.78282
2599,3.50036,-2.78282
2600,3.50036,-2.78282
2601,3.50036,-2.78282
2602,3.50036,-2.78282
2603,3.50036,-2.78282
2604,3.50036,-2.78282
2605,3.50036,-2.78282
2606,3.50036,-2.78282
2607,3.50036,-2.78282
2608,3.7296,-2.55359
2609,3.7296,-2.55359
2610,3.7296,-2.55359
2611,3.7296,-2.55359
2612,3.7296,-2.55359
2613,3.7296,-2.55359
2614,4.12439,-2.1588
2615,4.57049,-1.71269
2616,4.57049,-1.71269
2617,4.57049,-1.71269
2618,4.57049,-1.71269
2619,4.57049,-1.71269
2620,4.57049,-1.71269
2621,4.57049,-1.71269
