#Grabcut execution time: 0s 344ms 344552us 
0.0000              71.6256             
1.0000              20.9304             
2.0000              18.7587             
3.0000              18.8391             
4.0000              19.2714             
5.0000              19.8494             
6.0000              20.4012             
7.0000              20.7949             
8.0000              21.2791             
9.0000              21.8096             
10.0000             22.2400             
11.0000             22.6411             
12.0000             22.8898             
13.0000             23.1970             
14.0000             23.4016             
15.0000             23.4329             
16.0000             23.6234             
17.0000             23.7186             
18.0000             23.6940             
19.0000             23.7201             
20.0000             23.7496             
21.0000             23.7889             
22.0000             23.7739             
23.0000             23.7684             
24.0000             23.7587             
25.0000             23.7437             
26.0000             23.7396             
27.0000             23.7400             
28.0000             23.7302             
29.0000             23.7179             
30.0000             23.7149             
31.0000             23.7149             
#Execution time: 32s 32081ms 32081261us 
