#Grabcut execution time: 0s 350ms 350355us 
0.0000              722.3144            
1.0000              558.1001            
2.0000              554.7827            
3.0000              550.9734            
4.0000              549.5725            
5.0000              548.5644            
6.0000              547.2213            
7.0000              548.4706            
8.0000              546.8981            
9.0000              549.7311            
10.0000             549.8447            
11.0000             548.6463            
12.0000             550.3574            
13.0000             551.8020            
14.0000             549.7509            
15.0000             552.3500            
16.0000             551.4967            
17.0000             550.0059            
18.0000             551.8773            
19.0000             552.1259            
20.0000             549.7464            
21.0000             550.9985            
22.0000             549.4689            
23.0000             548.7999            
24.0000             549.5813            
25.0000             548.4457            
26.0000             550.2411            
27.0000             550.4650            
28.0000             548.0158            
29.0000             548.1479            
30.0000             550.2589            
31.0000             550.2589            
#Execution time: 23s 23491ms 23491667us 
