#Grabcut execution time: 0s 344ms 344369us 
0.0000              206.0489            
1.0000              48.3429             
2.0000              44.5825             
3.0000              43.5955             
4.0000              43.1314             
5.0000              42.8197             
6.0000              42.9241             
7.0000              42.9930             
8.0000              43.0098             
9.0000              42.8978             
10.0000             43.1212             
11.0000             42.9373             
12.0000             42.9506             
13.0000             42.9841             
14.0000             43.0112             
15.0000             42.7695             
16.0000             42.6845             
17.0000             42.6912             
18.0000             42.7781             
19.0000             42.7587             
20.0000             42.7774             
21.0000             42.9505             
22.0000             42.7522             
23.0000             42.9027             
24.0000             43.0189             
25.0000             42.9335             
26.0000             43.0444             
27.0000             43.1004             
28.0000             43.1561             
29.0000             43.0651             
30.0000             43.2482             
31.0000             43.2482             
#Execution time: 30s 30334ms 30334732us 
