#Grabcut execution time: 0s 334ms 334791us 
0.0000              208.2638            
1.0000              23.1769             
2.0000              16.8789             
3.0000              14.4085             
4.0000              13.1052             
5.0000              12.6918             
6.0000              12.4560             
7.0000              11.9986             
8.0000              11.3663             
9.0000              11.2649             
10.0000             11.2918             
11.0000             11.2376             
12.0000             11.1244             
13.0000             10.8830             
14.0000             10.8040             
15.0000             10.7185             
16.0000             10.6085             
17.0000             10.6557             
18.0000             10.7975             
19.0000             10.4599             
20.0000             10.5314             
21.0000             10.6612             
22.0000             10.4155             
23.0000             10.3900             
24.0000             10.4620             
25.0000             10.4465             
26.0000             10.2684             
27.0000             10.2874             
28.0000             10.3677             
29.0000             10.2632             
30.0000             10.1285             
31.0000             10.1285             
#Execution time: 19s 19388ms 19388483us 
