#Grabcut execution time: 0s 353ms 353678us 
0.0000              80.7897             
1.0000              65.9564             
2.0000              64.8742             
3.0000              64.7972             
4.0000              65.3367             
5.0000              65.1035             
6.0000              65.6585             
7.0000              66.8386             
8.0000              65.2455             
9.0000              65.5091             
10.0000             65.9695             
11.0000             66.1652             
12.0000             66.5130             
13.0000             66.6815             
14.0000             67.0176             
15.0000             67.6705             
16.0000             65.1056             
17.0000             65.2114             
18.0000             65.7979             
19.0000             65.9222             
20.0000             66.3706             
21.0000             66.1642             
22.0000             66.3881             
23.0000             66.0574             
24.0000             65.9502             
25.0000             65.9882             
26.0000             66.6328             
27.0000             66.2618             
28.0000             66.6092             
29.0000             66.9634             
30.0000             67.6435             
31.0000             67.6435             
#Execution time: 77s 77288ms 77288295us 
