n,tangent,t2
0,4.95737,-1.32582
1,4.95737,-1.32582
2,4.95737,-1.32582
3,4.95737,-1.32582
4,4.95737,-1.32582
5,5.13061,-1.15257
6,5.13061,-1.15257
7,5.13061,-1.15257
8,5.13061,-1.15257
9,5.13061,-1.15257
10,5.21949,-1.0637
11,5.21949,-1.0637
12,5.21949,-1.0637
13,5.21949,-1.0637
14,5.21949,-1.0637
15,5.21949,-1.0637
16,5.21949,-1.0637
17,5.21949,-1.0637
18,5.21949,-1.0637
19,5.0929,-1.19029
20,4.90978,-1.3734
21,4.90978,-1.3734
22,4.90978,-1.3734
23,4.90978,-1.3734
24,4.90978,-1.3734
25,4.99069,-1.2925
26,4.99069,-1.2925
27,4.99069,-1.2925
28,4.99069,-1.2925
29,4.99069,-1.2925
30,4.85429,-1.4289
31,4.85429,-1.4289
32,4.85429,-1.4289
33,4.85429,-1.4289
34,4.85429,-1.4289
35,4.85429,-1.4289
36,4.85429,-1.4289
37,4.89224,-1.39094
38,4.89224,-1.39094
39,4.89224,-1.39094
40,4.89224,-1.39094
41,4.89224,-1.39094
42,4.89224,-1.39094
43,4.89224,-1.39094
44,4.85429,-1.4289
45,4.85429,-1.4289
46,4.85429,-1.4289
47,4.85429,-1.4289
48,4.85429,-1.4289
49,4.85429,-1.4289
50,4.85429,-1.4289
51,4.85429,-1.4289
52,4.85429,-1.4289
53,4.85429,-1.4289
54,4.85429,-1.4289
55,4.49372,-1.78947
56,4.49372,-1.78947
57,4.49372,-1.78947
58,4.49372,-1.78947
59,4.49372,-1.78947
60,4.49372,-1.78947
61,4.49372,-1.78947
62,4.49372,-1.78947
63,4.58803,-1.69515
64,4.58803,-1.69515
65,4.58803,-1.69515
66,4.58803,-1.69515
67,4.83674,-1.44644
68,4.83674,-1.44644
69,4.83674,-1.44644
70,4.83674,-1.44644
71,4.93106,-1.35213
72,4.93106,-1.35213
73,4.93106,-1.35213
74,4.97864,-1.30454
75,4.97864,-1.30454
76,4.97864,-1.30454
77,4.97864,-1.30454
78,4.97864,-1.30454
79,4.97864,-1.30454
80,4.97864,-1.30454
81,4.97864,-1.30454
82,4.97864,-1.30454
83,4.97864,-1.30454
84,4.97864,-1.30454
85,5.11728,-1.1659
86,5.11728,-1.1659
87,5.11728,-1.1659
88,5.23154,-1.05165
89,5.23154,-1.05165
90,5.23154,-1.05165
91,5.35589,-0.927295
92,5.35589,-0.927295
93,5.35589,-0.927295
94,5.35589,-0.927295
95,5.35589,-0.927295
96,5.35589,-0.927295
97,5.35589,-0.927295
98,5.35589,-0.927295
99,5.35589,-0.927295
100,5.35589,-0.927295
101,5.35589,-0.927295
102,5.35589,-0.927295
103,4.93106,-1.35213
104,4.93106,-1.35213
105,4.93106,-1.35213
106,4.93106,-1.35213
107,4.93106,-1.35213
108,4.76789,-1.5153
109,4.76789,-1.5153
110,4.76789,-1.5153
111,4.76789,-1.5153
112,4.76789,-1.5153
113,4.76789,-1.5153
114,4.76789,-1.5153
115,4.76789,-1.5153
116,4.76789,-1.5153
117,4.65689,-1.62629
118,4.65689,-1.62629
119,4.65689,-1.62629
120,4.65689,-1.62629
121,4.65689,-1.62629
122,4.65689,-1.62629
123,4.65689,-1.62629
124,4.65689,-1.62629
125,4.65689,-1.62629
126,4.5013,-1.78189
127,4.5013,-1.78189
128,4.5013,-1.78189
129,4.5013,-1.78189
130,4.5013,-1.78189
131,4.5013,-1.78189
132,4.5013,-1.78189
133,4.5013,-1.78189
134,4.5013,-1.78189
135,4.53254,-1.75065
136,4.53254,-1.75065
137,4.53254,-1.75065
138,4.62925,-1.65394
139,4.62925,-1.65394
140,4.62925,-1.65394
141,4.62925,-1.65394
142,4.62925,-1.65394
143,4.62925,-1.65394
144,4.79913,-1.48406
145,4.79913,-1.48406
146,4.79913,-1.48406
147,4.79913,-1.48406
148,4.79913,-1.48406
149,4.79913,-1.48406
150,4.79913,-1.48406
151,4.79913,-1.48406
152,4.79913,-1.48406
153,4.79913,-1.48406
154,4.79913,-1.48406
155,4.79913,-1.48406
156,4.79913,-1.48406
157,4.79913,-1.48406
158,4.79913,-1.48406
159,4.79913,-1.48406
160,4.79913,-1.48406
161,4.79913,-1.48406
162,4.89224,-1.39094
163,4.89224,-1.39094
164,4.89224,-1.39094
165,4.89224,-1.39094
166,4.89224,-1.39094
167,4.89224,-1.39094
168,4.89224,-1.39094
169,4.89224,-1.39094
170,4.63562,-1.64757
171,4.63562,-1.64757
172,4.63562,-1.64757
173,4.63562,-1.64757
174,4.63562,-1.64757
175,4.63562,-1.64757
176,4.63562,-1.64757
177,4.63562,-1.64757
178,4.63562,-1.64757
179,4.78916,-1.49402
180,4.78916,-1.49402
181,4.78916,-1.49402
182,4.78916,-1.49402
183,4.78916,-1.49402
184,4.78916,-1.49402
185,5.00385,-1.27934
186,5.00385,-1.27934
187,5.00385,-1.27934
188,5.00385,-1.27934
189,5.06116,-1.22203
190,5.06116,-1.22203
191,5.06116,-1.22203
192,5.06116,-1.22203
193,5.06116,-1.22203
194,5.06116,-1.22203
195,5.06116,-1.22203
196,5.06116,-1.22203
197,5.06116,-1.22203
198,5.06116,-1.22203
199,5.06116,-1.22203
200,5.06116,-1.22203
201,5.06116,-1.22203
202,5.06116,-1.22203
203,5.06116,-1.22203
204,5.35589,-0.927295
205,5.35589,-0.927295
206,5.66294,-0.620249
207,5.66294,-0.620249
208,5.66294,-0.620249
209,5.66294,-0.620249
210,5.66294,-0.620249
211,5.72459,-0.558599
212,5.72459,-0.558599
213,5.72459,-0.558599
214,5.72459,-0.558599
215,5.90268,-0.380506
216,6.18352,-0.0996687
217,6.18352,-0.0996687
218,6.18352,-0.0996687
219,6.18352,-0.0996687
220,6.18352,-0.0996687
221,0.0996687,0.0996687
222,0.0996687,0.0996687
223,0.0996687,0.0996687
224,0.0996687,0.0996687
225,0.0996687,0.0996687
226,0.643501,0.643501
227,0.643501,0.643501
228,0.950547,0.950547
229,0.950547,0.950547
230,0.950547,0.950547
231,0.950547,0.950547
232,0.950547,0.950547
233,0.950547,0.950547
234,0.950547,0.950547
235,1.15257,1.15257
236,1.15257,1.15257
237,1.15257,1.15257
238,1.15257,1.15257
239,1.15257,1.15257
240,1.15257,1.15257
241,1.15257,1.15257
242,1.15257,1.15257
243,1.15257,1.15257
244,1.15257,1.15257
245,1.15257,1.15257
246,1.15257,1.15257
247,1.15257,1.15257
248,1.53748,1.53748
249,1.53748,1.53748
250,1.53748,1.53748
251,1.53748,1.53748
252,1.53748,1.53748
253,1.53748,1.53748
254,1.53748,1.53748
255,1.53748,1.53748
256,1.53748,1.53748
257,1.53748,1.53748
258,1.53748,1.53748
259,1.53748,1.53748
260,1.53748,1.53748
261,1.53748,1.53748
262,1.53748,1.53748
263,1.60412,1.60412
264,1.60412,1.60412
265,1.60412,1.60412
266,1.60412,1.60412
267,1.60412,1.60412
268,1.60412,1.60412
269,1.60412,1.60412
270,1.60412,1.60412
271,1.60412,1.60412
272,1.60412,1.60412
273,1.60412,1.60412
274,1.60412,1.60412
275,1.60412,1.60412
276,1.60412,1.60412
277,1.60412,1.60412
278,1.60412,1.60412
279,1.60412,1.60412
280,1.60412,1.60412
281,1.60412,1.60412
282,1.60412,1.60412
283,1.60412,1.60412
284,1.60412,1.60412
285,1.60412,1.60412
286,1.60412,1.60412
287,1.53235,1.53235
288,1.53235,1.53235
289,1.53235,1.53235
290,1.53235,1.53235
291,1.53235,1.53235
292,1.53235,1.53235
293,1.53235,1.53235
294,1.53235,1.53235
295,1.53235,1.53235
296,1.53235,1.53235
297,1.53235,1.53235
298,1.53235,1.53235
299,1.53235,1.53235
300,1.53235,1.53235
301,1.53235,1.53235
302,1.53235,1.53235
303,1.53235,1.53235
304,1.53235,1.53235
305,1.53235,1.53235
306,1.53235,1.53235
307,1.53235,1.53235
308,1.53235,1.53235
309,1.53235,1.53235
310,1.53235,1.53235
311,1.53235,1.53235
312,1.53235,1.53235
313,1.53235,1.53235
314,1.53235,1.53235
315,1.53235,1.53235
316,1.53235,1.53235
317,1.53235,1.53235
318,1.53235,1.53235
319,1.53235,1.53235
320,1.53235,1.53235
321,1.39094,1.39094
322,1.39094,1.39094
323,1.39094,1.39094
324,1.39094,1.39094
325,1.39094,1.39094
326,1.39094,1.39094
327,1.27934,1.27934
328,1.27934,1.27934
329,1.27934,1.27934
330,1.27934,1.27934
331,1.21781,1.21781
332,1.21781,1.21781
333,1.21781,1.21781
334,1.21781,1.21781
335,1.21781,1.21781
336,1.21781,1.21781
337,1.21781,1.21781
338,1.21781,1.21781
339,1.21781,1.21781
340,1.21781,1.21781
341,1.21781,1.21781
342,1.21781,1.21781
343,1.21781,1.21781
344,1.21781,1.21781
345,1.21781,1.21781
346,1.1659,1.1659
347,1.1659,1.1659
348,1.1659,1.1659
349,1.1659,1.1659
350,1.1659,1.1659
351,1.1659,1.1659
352,0.380506,0.380506
353,0.380506,0.380506
354,0.380506,0.380506
355,0.179853,0.179853
356,0.179853,0.179853
357,0.179853,0.179853
358,0.179853,0.179853
359,0.179853,0.179853
360,0.179853,0.179853
361,0.0344691,0.0344691
362,0.0344691,0.0344691
363,0.0344691,0.0344691
364,0.0344691,0.0344691
365,0.0344691,0.0344691
366,0.0344691,0.0344691
367,0.0344691,0.0344691
368,0.0344691,0.0344691
369,0.0344691,0.0344691
370,0.0344691,0.0344691
371,0.0344691,0.0344691
372,0.0344691,0.0344691
373,0.0344691,0.0344691
374,0.0344691,0.0344691
375,0.0344691,0.0344691
376,0.0344691,0.0344691
377,0.0344691,0.0344691
378,0.0344691,0.0344691
379,0.0344691,0.0344691
380,0.0344691,0.0344691
381,0.0344691,0.0344691
382,0.0344691,0.0344691
383,0.0344691,0.0344691
384,0.0344691,0.0344691
385,0.0344691,0.0344691
386,0.0344691,0.0344691
387,0.0344691,0.0344691
388,0.0344691,0.0344691
389,0.0344691,0.0344691
390,0.0949517,0.0949517
391,0.0949517,0.0949517
392,0.0949517,0.0949517
393,0.0949517,0.0949517
394,0.0949517,0.0949517
395,0.0949517,0.0949517
396,0.0949517,0.0949517
397,0.0949517,0.0949517
398,0.0949517,0.0949517
399,0.0949517,0.0949517
400,0.0949517,0.0949517
401,0.231091,0.231091
402,0.231091,0.231091
403,0.231091,0.231091
404,0.231091,0.231091
405,0.231091,0.231091
406,0.231091,0.231091
407,0.231091,0.231091
408,0.231091,0.231091
409,0.231091,0.231091
410,0.231091,0.231091
411,0.231091,0.231091
412,0.231091,0.231091
413,0.231091,0.231091
414,0.231091,0.231091
415,0.231091,0.231091
416,0.380506,0.380506
417,0.380506,0.380506
418,0.380506,0.380506
419,0.380506,0.380506
420,0.0767719,0.0767719
421,0.0767719,0.0767719
422,0.0767719,0.0767719
423,0.0767719,0.0767719
424,0.0767719,0.0767719
425,0.0767719,0.0767719
426,0.0767719,0.0767719
427,0.0767719,0.0767719
428,0.0767719,0.0767719
429,0.0767719,0.0767719
430,0.0767719,0.0767719
431,0.0767719,0.0767719
432,0.0767719,0.0767719
433,0.179853,0.179853
434,0.179853,0.179853
435,0.179853,0.179853
436,0.179853,0.179853
437,0.179853,0.179853
438,0.179853,0.179853
439,0.2783,0.2783
440,0.2783,0.2783
441,0.358771,0.358771
442,0.358771,0.358771
443,0.404892,0.404892
444,0.404892,0.404892
445,0.404892,0.404892
446,0.519146,0.519146
447,0.519146,0.519146
448,0.519146,0.519146
449,0.694738,0.694738
450,0.694738,0.694738
451,0.694738,0.694738
452,0.694738,0.694738
453,0.832981,0.832981
454,0.832981,0.832981
455,0.832981,0.832981
456,0.832981,0.832981
457,0.832981,0.832981
458,0.832981,0.832981
459,0.832981,0.832981
460,0.832981,0.832981
461,0.832981,0.832981
462,0.832981,0.832981
463,0.832981,0.832981
464,0.832981,0.832981
465,0.832981,0.832981
466,0.832981,0.832981
467,0.832981,0.832981
468,0.737815,0.737815
469,0.737815,0.737815
470,0.737815,0.737815
471,0.737815,0.737815
472,0.737815,0.737815
473,0.737815,0.737815
474,0.737815,0.737815
475,0.737815,0.737815
476,0.737815,0.737815
477,0.68573,0.68573
478,0.68573,0.68573
479,0.68573,0.68573
480,0.68573,0.68573
481,0.68573,0.68573
482,0.68573,0.68573
483,0.68573,0.68573
484,0.68573,0.68573
485,0.68573,0.68573
486,0.533708,0.533708
487,0.533708,0.533708
488,0.533708,0.533708
489,0.533708,0.533708
490,0.533708,0.533708
491,0.533708,0.533708
492,0.533708,0.533708
493,0.533708,0.533708
494,0.533708,0.533708
495,0.533708,0.533708
496,0.533708,0.533708
497,0.533708,0.533708
498,0.533708,0.533708
499,0.533708,0.533708
500,0.533708,0.533708
501,0.533708,0.533708
502,0.533708,0.533708
503,0.533708,0.533708
504,0.533708,0.533708
505,0.533708,0.533708
506,0.533708,0.533708
507,0.533708,0.533708
508,0.533708,0.533708
509,0.533708,0.533708
510,0.493941,0.493941
511,0.493941,0.493941
512,0.493941,0.493941
513,0.493941,0.493941
514,0.493941,0.493941
515,0.493941,0.493941
516,0.493941,0.493941
517,0.493941,0.493941
518,0.493941,0.493941
519,0.493941,0.493941
520,0.493941,0.493941
521,0.493941,0.493941
522,0.493941,0.493941
523,0.493941,0.493941
524,0.493941,0.493941
525,0.493941,0.493941
526,0.493941,0.493941
527,0.708626,0.708626
528,0.708626,0.708626
529,0.708626,0.708626
530,0.708626,0.708626
531,0.708626,0.708626
532,0.86217,0.86217
533,0.86217,0.86217
534,0.86217,0.86217
535,0.86217,0.86217
536,0.86217,0.86217
537,1.03038,1.03038
538,1.03038,1.03038
539,1.19029,1.19029
540,1.4289,1.4289
541,1.4289,1.4289
542,1.4289,1.4289
543,1.4289,1.4289
544,1.71269,1.71269
545,1.71269,1.71269
546,1.71269,1.71269
547,2.11122,2.11122
548,2.11122,2.11122
549,2.11122,2.11122
550,2.11122,2.11122
551,2.11122,2.11122
552,1.9513,1.9513
553,1.81577,1.81577
554,1.81577,1.81577
555,1.81577,1.81577
556,1.81577,1.81577
557,2.24554,2.24554
558,2.24554,2.24554
559,2.24554,2.24554
560,2.46685,2.46685
561,2.46685,2.46685
562,2.46685,2.46685
563,2.63449,2.63449
564,2.63449,2.63449
565,2.63449,2.63449
566,2.63449,2.63449
567,2.63449,2.63449
568,2.72337,2.72337
569,2.72337,2.72337
570,2.72337,2.72337
571,2.72337,2.72337
572,2.89661,2.89661
573,2.89661,2.89661
574,2.89661,2.89661
575,2.89661,2.89661
576,2.89661,2.89661
577,2.89661,2.89661
578,3.60524,-2.67795
579,3.60524,-2.67795
580,3.60524,-2.67795
581,2.9997,2.9997
582,2.9997,2.9997
583,2.9997,2.9997
584,2.9997,2.9997
585,2.9997,2.9997
586,3.28349,-2.9997
587,3.28349,-2.9997
588,3.28349,-2.9997
589,3.43305,-2.85014
590,3.43305,-2.85014
591,3.43305,-2.85014
592,3.43305,-2.85014
593,3.43305,-2.85014
594,3.43305,-2.85014
595,3.43305,-2.85014
596,3.43305,-2.85014
597,3.70019,-2.58299
598,3.70019,-2.58299
599,3.70019,-2.58299
600,3.70019,-2.58299
601,3.70019,-2.58299
602,3.70019,-2.58299
603,3.70019,-2.58299
604,3.70019,-2.58299
605,3.70019,-2.58299
606,3.70019,-2.58299
607,3.70019,-2.58299
608,3.70019,-2.58299
609,3.70019,-2.58299
610,3.70019,-2.58299
611,3.70019,-2.58299
612,3.70019,-2.58299
613,3.66074,-2.62245
614,3.66074,-2.62245
615,3.66074,-2.62245
616,3.54648,-2.7367
617,3.54648,-2.7367
618,3.54648,-2.7367
619,3.54648,-2.7367
620,3.54648,-2.7367
621,3.54648,-2.7367
622,3.7296,-2.55359
623,3.7296,-2.55359
624,3.7296,-2.55359
625,3.46334,-2.81984
626,3.46334,-2.81984
627,3.46334,-2.81984
628,3.7296,-2.55359
629,3.7296,-2.55359
630,3.7296,-2.55359
631,3.7296,-2.55359
632,3.7296,-2.55359
633,3.7296,-2.55359
634,3.7296,-2.55359
635,3.7296,-2.55359
636,3.7296,-2.55359
637,3.7296,-2.55359
638,3.7296,-2.55359
639,4.12439,-2.1588
640,4.12439,-2.1588
641,4.12439,-2.1588
642,3.76184,-2.52134
643,3.76184,-2.52134
644,3.76184,-2.52134
645,3.76184,-2.52134
646,3.76184,-2.52134
647,3.76184,-2.52134
648,3.76184,-2.52134
649,3.76184,-2.52134
650,3.76184,-2.52134
651,3.76184,-2.52134
652,3.70019,-2.58299
653,3.70019,-2.58299
654,3.70019,-2.58299
655,3.70019,-2.58299
656,3.50036,-2.78282
657,3.50036,-2.78282
658,3.50036,-2.78282
659,3.41989,-2.86329
660,3.41989,-2.86329
661,3.41989,-2.86329
662,3.41989,-2.86329
663,2.89661,2.89661
664,2.89661,2.89661
665,2.76109,2.76109
666,2.76109,2.76109
667,2.76109,2.76109
668,1.9513,1.9513
669,1.9513,1.9513
670,1.9513,1.9513
671,1.9513,1.9513
672,1.9513,1.9513
673,1.19029,1.19029
674,1.19029,1.19029
675,1.19029,1.19029
676,1.03038,1.03038
677,0.885067,0.885067
678,0.885067,0.885067
679,0.885067,0.885067
680,0.885067,0.885067
681,0.885067,0.885067
682,0.885067,0.885067
683,0.885067,0.885067
684,0.885067,0.885067
685,0.885067,0.885067
686,0.885067,0.885067
687,0.885067,0.885067
688,0.885067,0.885067
689,0.885067,0.885067
690,0.885067,0.885067
691,0.885067,0.885067
692,0.885067,0.885067
693,0.885067,0.885067
694,0.885067,0.885067
695,0.950547,0.950547
696,0.950547,0.950547
697,0.950547,0.950547
698,1.0122,1.0122
699,1.0122,1.0122
700,1.0637,1.0637
701,1.0637,1.0637
702,1.0637,1.0637
703,1.0637,1.0637
704,1.0637,1.0637
705,1.12842,1.12842
706,1.12842,1.12842
707,1.12842,1.12842
708,1.12842,1.12842
709,1.12842,1.12842
710,1.12842,1.12842
711,1.12842,1.12842
712,1.12842,1.12842
713,1.12842,1.12842
714,1.12842,1.12842
715,1.12842,1.12842
716,1.12842,1.12842
717,1.12842,1.12842
718,1.12842,1.12842
719,1.12842,1.12842
720,1.12842,1.12842
721,1.12842,1.12842
722,1.12842,1.12842
723,1.12842,1.12842
724,1.12842,1.12842
725,1.12842,1.12842
726,1.12842,1.12842
727,1.12842,1.12842
728,1.12842,1.12842
729,1.12842,1.12842
730,1.12842,1.12842
731,1.12842,1.12842
732,1.12842,1.12842
733,1.12842,1.12842
734,1.12842,1.12842
735,1.12842,1.12842
736,1.12842,1.12842
737,1.21203,1.21203
738,1.21203,1.21203
739,1.2925,1.2925
740,1.2925,1.2925
741,1.2925,1.2925
742,1.2925,1.2925
743,1.2925,1.2925
744,1.2925,1.2925
745,1.2925,1.2925
746,1.2925,1.2925
747,1.2925,1.2925
748,1.2925,1.2925
749,1.2925,1.2925
750,1.2925,1.2925
751,1.2925,1.2925
752,1.2925,1.2925
753,1.2925,1.2925
754,1.2925,1.2925
755,1.2925,1.2925
756,1.21203,1.21203
757,1.21203,1.21203
758,1.14417,1.14417
759,1.14417,1.14417
760,1.14417,1.14417
761,1.14417,1.14417
762,1.14417,1.14417
763,1.14417,1.14417
764,1.14417,1.14417
765,1.14417,1.14417
766,1.14417,1.14417
767,1.14417,1.14417
768,1.14417,1.14417
769,1.14417,1.14417
770,1.14417,1.14417
771,1.22203,1.22203
772,1.22203,1.22203
773,1.22203,1.22203
774,1.22203,1.22203
775,1.27934,1.27934
776,1.27934,1.27934
777,1.27934,1.27934
778,1.27934,1.27934
779,1.27934,1.27934
780,1.27934,1.27934
781,1.27934,1.27934
782,1.27934,1.27934
783,1.1659,1.1659
784,1.1659,1.1659
785,1.1659,1.1659
786,1.1659,1.1659
787,1.1659,1.1659
788,1.1659,1.1659
789,1.1659,1.1659
790,1.1659,1.1659
791,1.1659,1.1659
792,1.1659,1.1659
793,0.96007,0.96007
794,0.96007,0.96007
795,0.96007,0.96007
796,0.96007,0.96007
797,0.96007,0.96007
798,0.96007,0.96007
799,0.96007,0.96007
800,0.96007,0.96007
801,0.96007,0.96007
802,0.96007,0.96007
803,0.828849,0.828849
804,0.828849,0.828849
805,0.828849,0.828849
806,0.828849,0.828849
807,0.828849,0.828849
808,0.828849,0.828849
809,0.828849,0.828849
810,0.828849,0.828849
811,0.828849,0.828849
812,0.828849,0.828849
813,0.828849,0.828849
814,0.828849,0.828849
815,0.828849,0.828849
816,0.828849,0.828849
817,0.828849,0.828849
818,0.828849,0.828849
819,0.828849,0.828849
820,0.828849,0.828849
821,0.828849,0.828849
822,0.828849,0.828849
823,0.828849,0.828849
824,1.05165,1.05165
825,1.05165,1.05165
826,1.05165,1.05165
827,1.05165,1.05165
828,1.05165,1.05165
829,1.05165,1.05165
830,1.05165,1.05165
831,1.05165,1.05165
832,1.00407,1.00407
833,1.00407,1.00407
834,1.00407,1.00407
835,1.00407,1.00407
836,1.00407,1.00407
837,1.00407,1.00407
838,1.00407,1.00407
839,1.00407,1.00407
840,1.00407,1.00407
841,1.00407,1.00407
842,1.00407,1.00407
843,1.00407,1.00407
844,1.00407,1.00407
845,1.00407,1.00407
846,1.00407,1.00407
847,1.00407,1.00407
848,1.00407,1.00407
849,1.00407,1.00407
850,0.896055,0.896055
851,0.896055,0.896055
852,0.896055,0.896055
853,0.674741,0.674741
854,0.674741,0.674741
855,0.674741,0.674741
856,0.620249,0.620249
857,0.620249,0.620249
858,0.620249,0.620249
859,0.558599,0.558599
860,0.558599,0.558599
861,0.558599,0.558599
862,0.558599,0.558599
863,0.358771,0.358771
864,0.358771,0.358771
865,0.358771,0.358771
866,0.2783,0.2783
867,0.2783,0.2783
868,0.197396,0.197396
869,0.197396,0.197396
870,0.197396,0.197396
871,0.197396,0.197396
872,0.197396,0.197396
873,0.197396,0.197396
874,0.197396,0.197396
875,6.00489,-0.2783
876,6.00489,-0.2783
877,6.00489,-0.2783
878,6.00489,-0.2783
879,6.00489,-0.2783
880,6.00489,-0.2783
881,6.00489,-0.2783
882,6.00489,-0.2783
883,6.00489,-0.2783
884,6.00489,-0.2783
885,6.00489,-0.2783
886,6.14129,-0.141897
887,6.14129,-0.141897
888,6.14129,-0.141897
889,6.14129,-0.141897
890,6.14129,-0.141897
891,6.14129,-0.141897
892,6.14129,-0.141897
893,6.10333,-0.179853
894,6.10333,-0.179853
895,6.10333,-0.179853
896,6.10333,-0.179853
897,6.10333,-0.179853
898,6.10333,-0.179853
899,5.98469,-0.298499
900,5.98469,-0.298499
901,5.98469,-0.298499
902,5.98469,-0.298499
903,5.98469,-0.298499
904,5.98469,-0.298499
905,5.94016,-0.343024
906,5.94016,-0.343024
907,5.94016,-0.343024
908,5.94016,-0.343024
909,5.94016,-0.343024
910,5.94016,-0.343024
911,5.86496,-0.418224
912,5.86496,-0.418224
913,5.86496,-0.418224
914,5.86496,-0.418224
915,5.86496,-0.418224
916,5.86496,-0.418224
917,5.86496,-0.418224
918,5.86496,-0.418224
919,5.86496,-0.418224
920,5.86496,-0.418224
921,5.92441,-0.358771
922,5.92441,-0.358771
923,5.92441,-0.358771
924,5.92441,-0.358771
925,5.92441,-0.358771
926,5.92441,-0.358771
927,5.92441,-0.358771
928,5.86496,-0.418224
929,5.86496,-0.418224
930,5.86496,-0.418224
931,5.86496,-0.418224
932,5.86496,-0.418224
933,5.86496,-0.418224
934,5.86496,-0.418224
935,5.86496,-0.418224
936,5.86496,-0.418224
937,5.86496,-0.418224
938,5.86496,-0.418224
939,5.86496,-0.418224
940,5.86496,-0.418224
941,5.69518,-0.588003
942,5.69518,-0.588003
943,5.69518,-0.588003
944,5.90268,-0.380506
945,5.90268,-0.380506
946,5.90268,-0.380506
947,5.90268,-0.380506
948,5.90268,-0.380506
949,5.74277,-0.54042
950,5.57456,-0.708626
951,5.57456,-0.708626
952,5.57456,-0.708626
953,5.57456,-0.708626
954,5.57456,-0.708626
955,5.42102,-0.86217
956,5.42102,-0.86217
957,5.42102,-0.86217
958,5.42102,-0.86217
959,5.42102,-0.86217
960,5.23154,-1.05165
961,5.23154,-1.05165
962,5.23154,-1.05165
963,5.11728,-1.1659
964,5.11728,-1.1659
965,5.11728,-1.1659
966,5.07116,-1.21203
967,5.07116,-1.21203
968,5.07116,-1.21203
969,5.07116,-1.21203
970,5.07116,-1.21203
971,5.07116,-1.21203
972,5.07116,-1.21203
973,5.11728,-1.1659
974,5.11728,-1.1659
975,5.11728,-1.1659
976,5.23154,-1.05165
977,5.23154,-1.05165
978,5.23154,-1.05165
979,5.43903,-0.844154
980,5.43903,-0.844154
981,5.43903,-0.844154
982,5.43903,-0.844154
983,5.43903,-0.844154
984,5.43903,-0.844154
985,5.43903,-0.844154
986,5.55654,-0.726642
987,5.55654,-0.726642
988,5.55654,-0.726642
989,5.55654,-0.726642
990,5.55654,-0.726642
991,5.55654,-0.726642
992,5.55654,-0.726642
993,5.76404,-0.519146
994,5.76404,-0.519146
995,5.76404,-0.519146
996,5.87829,-0.404892
997,5.87829,-0.404892
998,5.87829,-0.404892
999,6.08579,-0.197396
1000,6.08579,-0.197396
1001,6.08579,-0.197396
1002,0.197396,0.197396
1003,0.197396,0.197396
1004,0.620249,0.620249
1005,0.620249,0.620249
1006,0.620249,0.620249
1007,0.620249,0.620249
1008,0.620249,0.620249
1009,0.620249,0.620249
1010,0.620249,0.620249
1011,0.927295,0.927295
1012,0.927295,0.927295
1013,1.03038,1.03038
1014,1.03038,1.03038
1015,1.19029,1.19029
1016,1.49402,1.49402
1017,1.49402,1.49402
1018,1.49402,1.49402
1019,1.49402,1.49402
1020,1.49402,1.49402
1021,1.49402,1.49402
1022,1.49402,1.49402
1023,1.49402,1.49402
1024,1.49402,1.49402
1025,1.49402,1.49402
1026,1.49402,1.49402
1027,1.49402,1.49402
1028,1.49402,1.49402
1029,0.982794,0.982794
1030,0.54042,0.54042
1031,0.54042,0.54042
1032,0.54042,0.54042
1033,0.380506,0.380506
1034,0.380506,0.380506
1035,0.380506,0.380506
1036,0.380506,0.380506
1037,0.588003,0.588003
1038,0.588003,0.588003
1039,0.588003,0.588003
1040,0.588003,0.588003
1041,0.588003,0.588003
1042,0.588003,0.588003
1043,1.05165,1.05165
1044,1.05165,1.05165
1045,1.05165,1.05165
1046,1.05165,1.05165
1047,1.1659,1.1659
1048,1.1659,1.1659
1049,1.1659,1.1659
1050,1.32582,1.32582
1051,1.32582,1.32582
1052,1.32582,1.32582
1053,1.32582,1.32582
1054,1.32582,1.32582
1055,1.32582,1.32582
1056,2.09887,2.09887
1057,2.09887,2.09887
1058,2.09887,2.09887
1059,2.09887,2.09887
1060,2.09887,2.09887
1061,2.09887,2.09887
1062,2.09887,2.09887
1063,2.09887,2.09887
1064,2.09887,2.09887
1065,2.09887,2.09887
1066,2.09887,2.09887
1067,2.09887,2.09887
1068,2.09887,2.09887
1069,2.12245,2.12245
1070,2.12245,2.12245
1071,2.12245,2.12245
1072,2.12245,2.12245
1073,2.12245,2.12245
1074,2.12245,2.12245
1075,2.12245,2.12245
1076,2.19105,2.19105
1077,2.19105,2.19105
1078,2.19105,2.19105
1079,2.19105,2.19105
1080,2.19105,2.19105
1081,2.19105,2.19105
1082,2.19105,2.19105
1083,2.19105,2.19105
1084,2.19105,2.19105
1085,2.19105,2.19105
1086,2.19105,2.19105
1087,2.19105,2.19105
1088,2.19105,2.19105
1089,2.19105,2.19105
1090,2.27305,2.27305
1091,2.27305,2.27305
1092,2.27305,2.27305
1093,2.27305,2.27305
1094,2.27305,2.27305
1095,2.27305,2.27305
1096,2.27305,2.27305
1097,2.27305,2.27305
1098,2.27305,2.27305
1099,2.27305,2.27305
1100,2.27305,2.27305
1101,2.31274,2.31274
1102,2.31274,2.31274
1103,2.31274,2.31274
1104,2.31274,2.31274
1105,2.31274,2.31274
1106,2.31274,2.31274
1107,2.31274,2.31274
1108,2.31274,2.31274
1109,2.31274,2.31274
1110,2.31274,2.31274
1111,2.39965,2.39965
1112,2.39965,2.39965
1113,2.39965,2.39965
1114,2.39965,2.39965
1115,2.39965,2.39965
1116,2.39965,2.39965
1117,2.39965,2.39965
1118,2.39965,2.39965
1119,2.39965,2.39965
1120,2.39965,2.39965
1121,2.53087,2.53087
1122,2.53087,2.53087
1123,2.53087,2.53087
1124,2.53087,2.53087
1125,2.53087,2.53087
1126,2.57486,2.57486
1127,2.57486,2.57486
1128,2.57486,2.57486
1129,2.57486,2.57486
1130,2.57486,2.57486
1131,2.64765,2.64765
1132,2.64765,2.64765
1133,2.64765,2.64765
1134,2.64765,2.64765
1135,2.64765,2.64765
1136,2.64765,2.64765
1137,2.64765,2.64765
1138,2.64765,2.64765
1139,2.64765,2.64765
1140,2.64765,2.64765
1141,2.64765,2.64765
1142,2.64765,2.64765
1143,2.64765,2.64765
1144,2.64765,2.64765
1145,2.64765,2.64765
1146,2.64765,2.64765
1147,2.64765,2.64765
1148,2.49809,2.49809
1149,2.49809,2.49809
1150,2.49809,2.49809
1151,2.49809,2.49809
1152,2.49809,2.49809
1153,2.49809,2.49809
1154,2.49809,2.49809
1155,2.49809,2.49809
1156,2.49809,2.49809
1157,2.19105,2.19105
1158,2.19105,2.19105
1159,2.19105,2.19105
1160,2.19105,2.19105
1161,2.19105,2.19105
1162,2.19105,2.19105
1163,2.19105,2.19105
1164,1.81577,1.81577
1165,1.81577,1.81577
1166,1.32582,1.32582
1167,1.32582,1.32582
1168,0.982794,0.982794
1169,0.982794,0.982794
1170,0.982794,0.982794
1171,0.982794,0.982794
1172,0.982794,0.982794
1173,0.982794,0.982794
1174,0.982794,0.982794
1175,0.982794,0.982794
1176,1.24905,1.24905
1177,1.24905,1.24905
1178,1.24905,1.24905
1179,0.463648,0.463648
1180,0.463648,0.463648
1181,0.896055,0.896055
1182,0.896055,0.896055
1183,0.896055,0.896055
1184,0.896055,0.896055
1185,0.896055,0.896055
1186,0.674741,0.674741
1187,0.674741,0.674741
1188,0.674741,0.674741
1189,0.674741,0.674741
1190,0.674741,0.674741
1191,0.982794,0.982794
1192,0.982794,0.982794
1193,0.982794,0.982794
1194,0.620249,0.620249
1195,0.620249,0.620249
1196,0.620249,0.620249
1197,0.620249,0.620249
1198,0.620249,0.620249
1199,0.620249,0.620249
1200,0.620249,0.620249
1201,0.620249,0.620249
1202,0.694738,0.694738
1203,0.694738,0.694738
1204,0.694738,0.694738
1205,0.694738,0.694738
1206,0.694738,0.694738
1207,0.694738,0.694738
1208,0.694738,0.694738
1209,0.694738,0.694738
1210,0.694738,0.694738
1211,0.694738,0.694738
1212,0.694738,0.694738
1213,0.832981,0.832981
1214,0.832981,0.832981
1215,0.832981,0.832981
1216,0.832981,0.832981
1217,0.832981,0.832981
1218,0.832981,0.832981
1219,0.832981,0.832981
1220,0.832981,0.832981
1221,0.832981,0.832981
1222,0.832981,0.832981
1223,0.832981,0.832981
1224,0.737815,0.737815
1225,0.737815,0.737815
1226,0.737815,0.737815
1227,0.737815,0.737815
1228,0.737815,0.737815
1229,0.737815,0.737815
1230,0.737815,0.737815
1231,0.737815,0.737815
1232,0.737815,0.737815
1233,0.54042,0.54042
1234,0.54042,0.54042
1235,0.380506,0.380506
1236,0.244979,0.244979
1237,0.244979,0.244979
1238,0.244979,0.244979
1239,0.244979,0.244979
1240,0.244979,0.244979
1241,0.244979,0.244979
1242,0.244979,0.244979
1243,6.15883,-0.124355
1244,6.15883,-0.124355
1245,6.15883,-0.124355
1246,6.15883,-0.124355
1247,6.15883,-0.124355
1248,6.15883,-0.124355
1249,0.124355,0.124355
1250,0.124355,0.124355
1251,0.124355,0.124355
1252,0.124355,0.124355
1253,0.380506,0.380506
1254,0.380506,0.380506
1255,0.54042,0.54042
1256,0.643501,0.643501
1257,0.643501,0.643501
1258,0.643501,0.643501
1259,0.643501,0.643501
1260,0.643501,0.643501
1261,2.39965,2.39965
1262,2.39965,2.39965
1263,2.39965,2.39965
1264,2.39965,2.39965
1265,2.39965,2.39965
1266,2.39965,2.39965
1267,2.39965,2.39965
1268,2.39965,2.39965
1269,2.39965,2.39965
1270,2.39965,2.39965
1271,2.39965,2.39965
1272,2.39965,2.39965
1273,2.39965,2.39965
1274,2.39965,2.39965
1275,2.39965,2.39965
1276,2.39965,2.39965
1277,2.39965,2.39965
1278,2.39965,2.39965
1279,2.39965,2.39965
1280,2.39965,2.39965
1281,2.52134,2.52134
1282,2.52134,2.52134
1283,2.52134,2.52134
1284,2.52134,2.52134
1285,2.52134,2.52134
1286,2.52134,2.52134
1287,2.52134,2.52134
1288,2.40878,2.40878
1289,2.40878,2.40878
1290,2.40878,2.40878
1291,2.40878,2.40878
1292,2.40878,2.40878
1293,2.40878,2.40878
1294,2.40878,2.40878
1295,2.40878,2.40878
1296,2.30361,2.30361
1297,2.30361,2.30361
1298,2.30361,2.30361
1299,2.30361,2.30361
1300,2.30361,2.30361
1301,2.30361,2.30361
1302,2.30361,2.30361
1303,2.30361,2.30361
1304,1.89255,1.89255
1305,1.89255,1.89255
1306,1.89255,1.89255
1307,2.11122,2.11122
1308,2.11122,2.11122
1309,2.11122,2.11122
1310,2.11122,2.11122
1311,2.11122,2.11122
1312,2.11122,2.11122
1313,2.11122,2.11122
1314,2.11122,2.11122
1315,2.11122,2.11122
1316,2.11122,2.11122
1317,0.785398,0.785398
1318,0.785398,0.785398
1319,1.89255,1.89255
1320,1.89255,1.89255
1321,1.89255,1.89255
1322,1.19029,1.19029
1323,1.19029,1.19029
1324,1.19029,1.19029
1325,1.19029,1.19029
1326,0.643501,0.643501
1327,0.643501,0.643501
1328,0.643501,0.643501
1329,0.643501,0.643501
1330,0.927295,0.927295
1331,0.927295,0.927295
1332,1.48766,1.48766
1333,1.48766,1.48766
1334,1.48766,1.48766
1335,1.48766,1.48766
1336,1.48766,1.48766
1337,1.48766,1.48766
1338,1.65394,1.65394
1339,1.65394,1.65394
1340,1.65394,1.65394
1341,1.65394,1.65394
1342,1.65394,1.65394
1343,1.65394,1.65394
1344,2.2143,2.2143
1345,2.2143,2.2143
1346,2.49809,2.49809
1347,2.49809,2.49809
1348,2.86329,2.86329
1349,2.86329,2.86329
1350,2.86329,2.86329
1351,2.86329,2.86329
1352,3.01724,3.01724
1353,3.01724,3.01724
1354,3.01724,3.01724
1355,3.01724,3.01724
1356,3.26595,-3.01724
1357,3.26595,-3.01724
1358,3.26595,-3.01724
1359,3.26595,-3.01724
1360,3.43305,-2.85014
1361,3.43305,-2.85014
1362,3.43305,-2.85014
1363,3.43305,-2.85014
1364,3.43305,-2.85014
1365,3.43305,-2.85014
1366,3.43305,-2.85014
1367,3.43305,-2.85014
1368,3.43305,-2.85014
1369,3.43305,-2.85014
1370,2.67795,2.67795
1371,2.67795,2.67795
1372,3.30674,-2.97644
1373,3.30674,-2.97644
1374,3.30674,-2.97644
1375,3.30674,-2.97644
1376,3.30674,-2.97644
1377,3.30674,-2.97644
1378,3.30674,-2.97644
1379,3.30674,-2.97644
1380,3.36026,-2.92292
1381,3.36026,-2.92292
1382,3.36026,-2.92292
1383,3.36026,-2.92292
1384,3.36026,-2.92292
1385,3.36026,-2.92292
1386,3.19418,-3.08901
1387,3.19418,-3.08901
1388,3.19418,-3.08901
1389,3.19418,-3.08901
1390,3.19418,-3.08901
1391,3.19418,-3.08901
1392,3.19418,-3.08901
1393,3.19418,-3.08901
1394,3.19418,-3.08901
1395,3.19418,-3.08901
1396,3.19418,-3.08901
1397,3.19418,-3.08901
1398,3.19418,-3.08901
1399,3.19418,-3.08901
1400,3.19418,-3.08901
1401,3.19418,-3.08901
1402,3.19418,-3.08901
1403,3.19418,-3.08901
1404,3.19418,-3.08901
1405,3.36026,-2.92292
1406,3.36026,-2.92292
1407,3.36026,-2.92292
1408,3.36026,-2.92292
1409,3.36026,-2.92292
1410,3.36026,-2.92292
1411,3.36026,-2.92292
1412,3.36026,-2.92292
1413,3.36026,-2.92292
1414,3.36026,-2.92292
1415,3.36026,-2.92292
1416,3.54648,-2.7367
1417,3.54648,-2.7367
1418,3.54648,-2.7367
1419,3.66074,-2.62245
1420,3.66074,-2.62245
1421,3.66074,-2.62245
1422,3.86823,-2.41495
1423,3.86823,-2.41495
1424,3.86823,-2.41495
1425,3.86823,-2.41495
1426,3.86823,-2.41495
1427,3.86823,-2.41495
1428,3.86823,-2.41495
1429,3.86823,-2.41495
1430,3.86823,-2.41495
1431,3.86823,-2.41495
1432,3.86823,-2.41495
1433,3.86823,-2.41495
1434,3.86823,-2.41495
1435,3.86823,-2.41495
1436,3.86823,-2.41495
1437,3.28349,-2.9997
1438,3.28349,-2.9997
1439,3.28349,-2.9997
1440,3.28349,-2.9997
1441,3.28349,-2.9997
1442,3.28349,-2.9997
1443,3.28349,-2.9997
1444,3.43305,-2.85014
1445,3.43305,-2.85014
1446,3.43305,-2.85014
1447,3.43305,-2.85014
1448,3.49036,-2.79282
1449,3.49036,-2.79282
1450,3.49036,-2.79282
1451,3.49036,-2.79282
1452,3.54648,-2.7367
1453,3.54648,-2.7367
1454,3.54648,-2.7367
1455,3.66074,-2.62245
1456,3.66074,-2.62245
1457,3.66074,-2.62245
1458,3.76184,-2.52134
1459,3.76184,-2.52134
1460,3.76184,-2.52134
1461,3.76184,-2.52134
1462,3.76184,-2.52134
1463,3.76184,-2.52134
1464,3.76184,-2.52134
1465,3.76184,-2.52134
1466,3.70019,-2.58299
1467,3.70019,-2.58299
1468,3.66074,-2.62245
1469,3.66074,-2.62245
1470,3.66074,-2.62245
1471,3.54648,-2.7367
1472,3.54648,-2.7367
1473,3.54648,-2.7367
1474,3.50036,-2.78282
1475,3.50036,-2.78282
1476,3.50036,-2.78282
1477,3.50036,-2.78282
1478,3.50036,-2.78282
1479,3.50036,-2.78282
1480,3.50036,-2.78282
1481,3.54648,-2.7367
1482,3.54648,-2.7367
1483,3.54648,-2.7367
1484,3.66967,-2.61352
1485,3.66967,-2.61352
1486,3.66967,-2.61352
1487,3.66967,-2.61352
1488,3.66967,-2.61352
1489,3.66967,-2.61352
1490,3.66967,-2.61352
1491,3.66967,-2.61352
1492,3.66967,-2.61352
1493,3.66967,-2.61352
1494,3.66967,-2.61352
1495,3.66967,-2.61352
1496,3.66967,-2.61352
1497,3.66967,-2.61352
1498,3.66967,-2.61352
1499,2.35619,2.35619
1500,2.35619,2.35619
1501,3.64869,-2.63449
1502,3.64869,-2.63449
1503,3.64869,-2.63449
1504,3.64869,-2.63449
1505,3.64869,-2.63449
1506,3.64869,-2.63449
1507,3.64869,-2.63449
1508,3.64869,-2.63449
1509,3.55982,-2.72337
1510,3.55982,-2.72337
1511,3.55982,-2.72337
1512,3.55982,-2.72337
1513,3.36026,-2.92292
1514,3.36026,-2.92292
1515,3.36026,-2.92292
1516,3.36026,-2.92292
1517,3.36026,-2.92292
1518,3.30674,-2.97644
1519,3.30674,-2.97644
1520,3.30674,-2.97644
1521,3.30674,-2.97644
1522,3.30674,-2.97644
1523,3.30674,-2.97644
1524,3.30674,-2.97644
1525,3.30674,-2.97644
1526,3.30674,-2.97644
1527,3.30674,-2.97644
1528,3.30674,-2.97644
1529,3.30674,-2.97644
1530,3.30674,-2.97644
1531,3.36026,-2.92292
1532,3.36026,-2.92292
1533,3.36026,-2.92292
1534,3.36026,-2.92292
1535,3.36026,-2.92292
1536,3.54648,-2.7367
1537,3.54648,-2.7367
1538,3.54648,-2.7367
1539,3.66074,-2.62245
1540,3.66074,-2.62245
1541,3.66074,-2.62245
1542,3.87441,-2.40878
1543,3.87441,-2.40878
1544,3.87441,-2.40878
1545,3.87441,-2.40878
1546,3.87441,-2.40878
1547,3.87441,-2.40878
1548,3.87441,-2.40878
1549,3.87441,-2.40878
1550,3.87441,-2.40878
1551,3.87441,-2.40878
1552,3.87441,-2.40878
1553,3.87441,-2.40878
1554,3.87441,-2.40878
1555,3.87441,-2.40878
1556,3.87441,-2.40878
1557,3.87441,-2.40878
1558,3.87441,-2.40878
1559,3.82732,-2.45586
1560,3.82732,-2.45586
1561,3.82732,-2.45586
1562,3.82732,-2.45586
1563,3.82732,-2.45586
1564,3.82732,-2.45586
1565,3.82732,-2.45586
1566,3.82732,-2.45586
1567,3.82732,-2.45586
1568,3.77039,-2.5128
1569,3.77039,-2.5128
1570,3.77039,-2.5128
1571,3.77039,-2.5128
1572,3.77039,-2.5128
1573,3.77039,-2.5128
1574,3.77039,-2.5128
1575,3.77039,-2.5128
1576,3.77039,-2.5128
1577,3.77039,-2.5128
1578,3.77039,-2.5128
1579,3.77039,-2.5128
1580,3.77039,-2.5128
1581,3.77039,-2.5128
1582,3.77039,-2.5128
1583,3.77039,-2.5128
1584,3.77039,-2.5128
1585,3.77039,-2.5128
1586,3.77039,-2.5128
1587,3.70019,-2.58299
1588,3.70019,-2.58299
1589,3.70019,-2.58299
1590,3.70019,-2.58299
1591,3.70019,-2.58299
1592,3.70019,-2.58299
1593,3.70019,-2.58299
1594,3.70019,-2.58299
1595,3.77039,-2.5128
1596,3.77039,-2.5128
1597,3.77039,-2.5128
1598,3.77039,-2.5128
1599,3.77039,-2.5128
1600,3.77039,-2.5128
1601,3.80264,-2.48055
1602,3.80264,-2.48055
1603,3.80264,-2.48055
1604,3.89843,-2.38476
1605,3.89843,-2.38476
1606,3.89843,-2.38476
1607,3.89843,-2.38476
1608,3.89843,-2.38476
1609,3.89843,-2.38476
1610,3.89843,-2.38476
1611,3.89843,-2.38476
1612,3.89843,-2.38476
1613,3.89843,-2.38476
1614,3.89843,-2.38476
1615,3.89843,-2.38476
1616,3.89843,-2.38476
1617,3.89843,-2.38476
1618,3.89843,-2.38476
1619,3.89843,-2.38476
1620,3.95555,-2.32763
1621,3.95555,-2.32763
1622,3.95555,-2.32763
1623,3.95555,-2.32763
1624,3.95555,-2.32763
1625,3.95555,-2.32763
1626,3.95555,-2.32763
1627,3.95555,-2.32763
1628,3.95555,-2.32763
1629,3.95555,-2.32763
1630,3.95555,-2.32763
1631,3.95555,-2.32763
1632,3.95555,-2.32763
1633,3.95555,-2.32763
1634,3.95555,-2.32763
1635,3.95555,-2.32763
1636,4.05135,-2.23184
1637,4.05135,-2.23184
1638,4.05135,-2.23184
1639,4.05135,-2.23184
1640,4.08359,-2.19959
1641,4.08359,-2.19959
1642,4.08359,-2.19959
1643,4.10166,-2.18152
1644,4.10166,-2.18152
1645,4.10166,-2.18152
1646,4.10166,-2.18152
1647,4.10166,-2.18152
1648,4.10166,-2.18152
1649,4.10166,-2.18152
1650,4.10166,-2.18152
1651,4.10166,-2.18152
1652,4.10166,-2.18152
1653,4.10166,-2.18152
1654,4.10166,-2.18152
1655,4.08359,-2.19959
1656,4.08359,-2.19959
1657,4.08359,-2.19959
1658,4.08359,-2.19959
1659,4.05135,-2.23184
1660,4.05135,-2.23184
1661,4.05135,-2.23184
1662,4.05135,-2.23184
1663,4.05135,-2.23184
1664,4.05135,-2.23184
1665,4.05135,-2.23184
1666,4.05135,-2.23184
1667,4.05135,-2.23184
1668,4.05135,-2.23184
1669,4.18431,-2.09887
1670,4.18431,-2.09887
1671,4.18431,-2.09887
1672,4.18431,-2.09887
1673,4.18431,-2.09887
1674,4.18431,-2.09887
1675,4.18431,-2.09887
1676,4.18431,-2.09887
1677,4.22988,-2.05331
1678,4.22988,-2.05331
1679,4.22988,-2.05331
1680,4.22988,-2.05331
1681,4.22988,-2.05331
1682,4.22988,-2.05331
1683,4.22988,-2.05331
1684,4.22988,-2.05331
1685,4.22988,-2.05331
1686,4.22988,-2.05331
1687,4.22988,-2.05331
1688,4.22988,-2.05331
1689,4.22988,-2.05331
1690,4.22988,-2.05331
1691,4.26797,-2.01522
1692,4.26797,-2.01522
1693,4.26797,-2.01522
1694,4.26797,-2.01522
1695,4.26797,-2.01522
1696,4.26797,-2.01522
1697,4.26797,-2.01522
1698,4.26797,-2.01522
1699,4.26797,-2.01522
1700,4.26797,-2.01522
1701,4.26797,-2.01522
1702,4.26797,-2.01522
1703,4.26797,-2.01522
1704,4.26797,-2.01522
1705,4.26797,-2.01522
1706,4.26797,-2.01522
1707,4.21845,-2.06474
1708,4.21845,-2.06474
1709,4.21845,-2.06474
1710,4.21845,-2.06474
1711,4.21845,-2.06474
1712,4.21845,-2.06474
1713,4.21845,-2.06474
1714,4.21845,-2.06474
1715,4.21845,-2.06474
1716,4.21845,-2.06474
1717,4.21845,-2.06474
1718,4.21845,-2.06474
1719,4.21845,-2.06474
1720,4.21845,-2.06474
1721,4.21845,-2.06474
1722,4.21845,-2.06474
1723,4.21845,-2.06474
1724,4.21845,-2.06474
1725,4.21845,-2.06474
1726,4.21845,-2.06474
1727,4.15379,-2.1294
1728,4.15379,-2.1294
1729,4.15379,-2.1294
1730,4.15379,-2.1294
1731,4.15379,-2.1294
1732,4.15379,-2.1294
1733,4.15379,-2.1294
1734,4.15379,-2.1294
1735,4.20529,-2.07789
1736,4.20529,-2.07789
1737,4.20529,-2.07789
1738,4.20529,-2.07789
1739,4.20529,-2.07789
1740,4.20529,-2.07789
1741,4.20529,-2.07789
1742,4.20529,-2.07789
1743,4.20529,-2.07789
1744,4.20529,-2.07789
1745,4.20529,-2.07789
1746,4.03765,-2.24554
1747,4.03765,-2.24554
1748,4.03765,-2.24554
1749,4.03765,-2.24554
1750,4.03765,-2.24554
1751,4.03765,-2.24554
1752,4.03765,-2.24554
1753,4.09214,-2.19105
1754,4.09214,-2.19105
1755,4.09214,-2.19105
1756,4.09214,-2.19105
1757,4.09214,-2.19105
1758,4.09214,-2.19105
1759,4.09214,-2.19105
1760,4.01765,-2.26553
1761,4.01765,-2.26553
1762,4.01765,-2.26553
1763,4.01765,-2.26553
1764,4.01765,-2.26553
1765,4.01765,-2.26553
1766,4.01765,-2.26553
1767,4.01765,-2.26553
1768,4.01765,-2.26553
1769,4.21845,-2.06474
1770,4.21845,-2.06474
1771,4.21845,-2.06474
1772,4.21845,-2.06474
1773,4.21845,-2.06474
1774,4.21845,-2.06474
1775,4.21845,-2.06474
1776,4.21845,-2.06474
1777,4.27998,-2.0032
1778,4.27998,-2.0032
1779,4.27998,-2.0032
1780,4.27998,-2.0032
1781,4.27998,-2.0032
1782,4.27998,-2.0032
1783,4.27998,-2.0032
1784,4.46741,-1.81577
1785,4.46741,-1.81577
1786,4.46741,-1.81577
1787,4.46741,-1.81577
1788,4.3731,-1.91009
1789,4.3731,-1.91009
1790,4.3731,-1.91009
1791,4.3731,-1.91009
1792,4.3731,-1.91009
1793,4.3731,-1.91009
1794,4.3731,-1.91009
1795,4.3731,-1.91009
1796,4.3731,-1.91009
1797,4.3731,-1.91009
1798,4.3731,-1.91009
1799,4.3731,-1.91009
1800,4.4095,-1.87368
1801,4.4095,-1.87368
1802,4.4095,-1.87368
1803,4.4095,-1.87368
1804,4.4095,-1.87368
1805,4.4095,-1.87368
1806,4.4095,-1.87368
1807,4.4095,-1.87368
1808,4.4095,-1.87368
1809,4.4095,-1.87368
1810,4.4095,-1.87368
1811,4.4095,-1.87368
1812,4.27001,-2.01317
1813,4.27001,-2.01317
1814,4.27001,-2.01317
1815,4.27001,-2.01317
1816,4.27001,-2.01317
1817,4.27001,-2.01317
1818,4.27001,-2.01317
1819,4.27001,-2.01317
1820,4.27001,-2.01317
1821,4.27001,-2.01317
1822,4.27001,-2.01317
1823,4.27001,-2.01317
1824,4.27001,-2.01317
1825,4.27001,-2.01317
1826,4.27001,-2.01317
1827,4.27001,-2.01317
1828,4.27001,-2.01317
1829,4.27001,-2.01317
1830,4.27001,-2.01317
1831,4.27001,-2.01317
1832,4.27001,-2.01317
1833,4.27001,-2.01317
1834,4.27001,-2.01317
1835,4.27001,-2.01317
1836,4.27001,-2.01317
1837,4.35362,-1.92957
1838,4.35362,-1.92957
1839,4.44614,-1.83705
1840,4.44614,-1.83705
1841,4.44614,-1.83705
1842,4.44614,-1.83705
1843,4.44614,-1.83705
1844,4.49372,-1.78947
1845,4.49372,-1.78947
1846,4.49372,-1.78947
1847,4.49372,-1.78947
1848,4.49372,-1.78947
1849,4.49372,-1.78947
1850,4.49372,-1.78947
1851,4.42093,-1.86225
1852,4.42093,-1.86225
1853,4.42093,-1.86225
1854,4.42093,-1.86225
1855,4.42093,-1.86225
1856,4.42093,-1.86225
1857,4.42093,-1.86225
1858,4.42093,-1.86225
1859,4.42093,-1.86225
1860,4.44614,-1.83705
1861,4.44614,-1.83705
1862,4.44614,-1.83705
1863,4.49372,-1.78947
1864,4.49372,-1.78947
1865,4.49372,-1.78947
1866,4.49372,-1.78947
1867,4.49372,-1.78947
1868,4.49372,-1.78947
1869,4.49372,-1.78947
